0 0 0 4.6526e-72
0 0 1 2.76731e-53
0 0 2 7.08427e-53
0 0 3 1.74245e-52
0 0 4 4.11769e-52
0 0 5 9.3492e-52
0 0 6 2.0395e-51
0 0 7 4.27467e-51
0 0 8 8.60812e-51
0 0 9 1.66549e-50
0 0 10 3.09603e-50
0 0 11 5.52963e-50
0 0 12 9.48888e-50
0 0 13 1.56445e-49
0 0 14 2.47821e-49
0 0 15 3.77174e-49
0 0 16 5.51535e-49
0 0 17 7.74878e-49
0 0 18 1.04598e-48
0 0 19 1.35656e-48
0 0 20 1.69038e-48
0 0 21 2.02375e-48
0 0 22 2.32786e-48
0 0 23 2.57269e-48
0 0 24 2.73177e-48
0 0 25 2.78696e-48
0 0 26 2.73177e-48
0 0 27 2.57269e-48
0 0 28 2.32786e-48
0 0 29 2.02375e-48
0 0 30 1.69038e-48
0 0 31 1.35656e-48
0 0 32 1.04598e-48
0 0 33 7.74878e-49
0 0 34 5.51535e-49
0 0 35 3.77174e-49
0 0 36 2.47821e-49
0 0 37 1.56445e-49
0 0 38 9.48888e-50
0 0 39 5.52963e-50
0 0 40 3.09603e-50
0 0 41 1.66549e-50
0 0 42 8.60812e-51
0 0 43 4.27467e-51
0 0 44 2.0395e-51
0 0 45 9.3492e-52
0 0 46 4.11769e-52
0 0 47 1.74245e-52
0 0 48 7.08427e-53
0 0 49 1.23967e-71
0 1 0 2.76731e-53
0 1 1 1.64596e-34
0 1 2 4.21364e-34
0 1 3 1.03639e-33
0 1 4 2.44915e-33
0 1 5 5.5608e-33
0 1 6 1.21307e-32
0 1 7 2.54252e-32
0 1 8 5.12001e-32
0 1 9 9.90615e-32
0 1 10 1.84148e-31
0 1 11 3.28896e-31
0 1 12 5.64388e-31
0 1 13 9.30518e-31
0 1 14 1.47401e-30
0 1 15 2.24339e-30
0 1 16 3.28047e-30
0 1 17 4.60889e-30
0 1 18 6.22134e-30
0 1 19 8.06865e-30
0 1 20 1.00542e-29
0 1 21 1.2037e-29
0 1 22 1.38459e-29
0 1 23 1.5302e-29
0 1 24 1.62483e-29
0 1 25 1.65765e-29
0 1 26 1.62483e-29
0 1 27 1.5302e-29
0 1 28 1.38459e-29
0 1 29 1.2037e-29
0 1 30 1.00542e-29
0 1 31 8.06865e-30
0 1 32 6.22134e-30
0 1 33 4.60889e-30
0 1 34 3.28047e-30
0 1 35 2.24339e-30
0 1 36 1.47401e-30
0 1 37 9.30518e-31
0 1 38 5.64388e-31
0 1 39 3.28896e-31
0 1 40 1.84148e-31
0 1 41 9.90615e-32
0 1 42 5.12001e-32
0 1 43 2.54252e-32
0 1 44 1.21307e-32
0 1 45 5.5608e-33
0 1 46 2.44915e-33
0 1 47 1.03639e-33
0 1 48 4.21364e-34
0 1 49 7.37338e-53
0 2 0 7.08427e-53
0 2 1 4.21364e-34
0 2 2 1.07868e-33
0 2 3 2.65313e-33
0 2 4 6.26978e-33
0 2 5 1.42355e-32
0 2 6 3.10544e-32
0 2 7 6.50881e-32
0 2 8 1.31071e-31
0 2 9 2.53596e-31
0 2 10 4.71416e-31
0 2 11 8.41967e-31
0 2 12 1.44482e-30
0 2 13 2.38211e-30
0 2 14 3.77344e-30
0 2 15 5.74302e-30
0 2 16 8.39794e-30
0 2 17 1.17987e-29
0 2 18 1.59265e-29
0 2 19 2.06556e-29
0 2 20 2.57385e-29
0 2 21 3.08145e-29
0 2 22 3.54451e-29
0 2 23 3.91729e-29
0 2 24 4.15953e-29
0 2 25 4.24355e-29
0 2 26 4.15953e-29
0 2 27 3.91729e-29
0 2 28 3.54451e-29
0 2 29 3.08145e-29
0 2 30 2.57385e-29
0 2 31 2.06556e-29
0 2 32 1.59265e-29
0 2 33 1.17987e-29
0 2 34 8.39794e-30
0 2 35 5.74302e-30
0 2 36 3.77344e-30
0 2 37 2.38211e-30
0 2 38 1.44482e-30
0 2 39 8.41967e-31
0 2 40 4.71416e-31
0 2 41 2.53596e-31
0 2 42 1.31071e-31
0 2 43 6.50881e-32
0 2 44 3.10544e-32
0 2 45 1.42355e-32
0 2 46 6.26978e-33
0 2 47 2.65313e-33
0 2 48 1.07868e-33
0 2 49 1.88757e-52
0 3 0 1.74245e-52
0 3 1 1.03639e-33
0 3 2 2.65313e-33
0 3 3 6.52565e-33
0 3 4 1.54212e-32
0 3 5 3.50138e-32
0 3 6 7.63816e-32
0 3 7 1.60091e-31
0 3 8 3.22383e-31
0 3 9 6.23745e-31
0 3 10 1.1595e-30
0 3 11 2.07091e-30
0 3 12 3.55369e-30
0 3 13 5.85904e-30
0 3 14 9.28116e-30
0 3 15 1.41256e-29
0 3 16 2.06556e-29
0 3 17 2.902e-29
0 3 18 3.91729e-29
0 3 19 5.08046e-29
0 3 20 6.33064e-29
0 3 21 7.57915e-29
0 3 22 8.7181e-29
0 3 23 9.63499e-29
0 3 24 1.02308e-28
0 3 25 1.04375e-28
0 3 26 1.02308e-28
0 3 27 9.63499e-29
0 3 28 8.7181e-29
0 3 29 7.57915e-29
0 3 30 6.33064e-29
0 3 31 5.08046e-29
0 3 32 3.91729e-29
0 3 33 2.902e-29
0 3 34 2.06556e-29
0 3 35 1.41256e-29
0 3 36 9.28116e-30
0 3 37 5.85904e-30
0 3 38 3.55369e-30
0 3 39 2.07091e-30
0 3 40 1.1595e-30
0 3 41 6.23745e-31
0 3 42 3.22383e-31
0 3 43 1.60091e-31
0 3 44 7.63816e-32
0 3 45 3.50138e-32
0 3 46 1.54212e-32
0 3 47 6.52565e-33
0 3 48 2.65313e-33
0 3 49 4.64268e-52
0 4 0 4.11769e-52
0 4 1 2.44915e-33
0 4 2 6.26978e-33
0 4 3 1.54212e-32
0 4 4 3.64427e-32
0 4 5 8.27432e-32
0 4 6 1.80502e-31
0 4 7 3.7832e-31
0 4 8 7.61844e-31
0 4 9 1.47401e-30
0 4 10 2.74008e-30
0 4 11 4.89388e-30
0 4 12 8.39794e-30
0 4 13 1.38459e-29
0 4 14 2.19329e-29
0 4 15 3.3381e-29
0 4 16 4.88125e-29
0 4 17 6.8579e-29
0 4 18 9.25719e-29
0 4 19 1.20059e-28
0 4 20 1.49603e-28
0 4 21 1.79107e-28
0 4 22 2.06023e-28
0 4 23 2.2769e-28
0 4 24 2.4177e-28
0 4 25 2.46654e-28
0 4 26 2.4177e-28
0 4 27 2.2769e-28
0 4 28 2.06023e-28
0 4 29 1.79107e-28
0 4 30 1.49603e-28
0 4 31 1.20059e-28
0 4 32 9.25719e-29
0 4 33 6.8579e-29
0 4 34 4.88125e-29
0 4 35 3.3381e-29
0 4 36 2.19329e-29
0 4 37 1.38459e-29
0 4 38 8.39794e-30
0 4 39 4.89388e-30
0 4 40 2.74008e-30
0 4 41 1.47401e-30
0 4 42 7.61844e-31
0 4 43 3.7832e-31
0 4 44 1.80502e-31
0 4 45 8.27432e-32
0 4 46 3.64427e-32
0 4 47 1.54212e-32
0 4 48 6.26978e-33
0 4 49 1.09714e-51
0 5 0 9.3492e-52
0 5 1 5.5608e-33
0 5 2 1.42355e-32
0 5 3 3.50138e-32
0 5 4 8.27432e-32
0 5 5 1.87868e-31
0 5 6 4.0983e-31
0 5 7 8.58976e-31
0 5 8 1.72977e-30
0 5 9 3.34674e-30
0 5 10 6.22134e-30
0 5 11 1.11116e-29
0 5 12 1.90675e-29
0 5 13 3.1437e-29
0 5 14 4.97986e-29
0 5 15 7.57915e-29
0 5 16 1.10829e-28
0 5 17 1.55709e-28
0 5 18 2.10185e-28
0 5 19 2.72595e-28
0 5 20 3.39674e-28
0 5 21 4.06663e-28
0 5 22 4.67774e-28
0 5 23 5.16971e-28
0 5 24 5.48938e-28
0 5 25 5.60028e-28
0 5 26 5.48938e-28
0 5 27 5.16971e-28
0 5 28 4.67774e-28
0 5 29 4.06663e-28
0 5 30 3.39674e-28
0 5 31 2.72595e-28
0 5 32 2.10185e-28
0 5 33 1.55709e-28
0 5 34 1.10829e-28
0 5 35 7.57915e-29
0 5 36 4.97986e-29
0 5 37 3.1437e-29
0 5 38 1.90675e-29
0 5 39 1.11116e-29
0 5 40 6.22134e-30
0 5 41 3.34674e-30
0 5 42 1.72977e-30
0 5 43 8.58976e-31
0 5 44 4.0983e-31
0 5 45 1.87868e-31
0 5 46 8.27432e-32
0 5 47 3.50138e-32
0 5 48 1.42355e-32
0 5 49 2.49105e-51
0 6 0 2.0395e-51
0 6 1 1.21307e-32
0 6 2 3.10544e-32
0 6 3 7.63816e-32
0 6 4 1.80502e-31
0 6 5 4.0983e-31
0 6 6 8.94032e-31
0 6 7 1.87383e-30
0 6 8 3.77344e-30
0 6 9 7.30082e-30
0 6 10 1.35717e-29
0 6 11 2.42396e-29
0 6 12 4.15953e-29
0 6 13 6.8579e-29
0 6 14 1.08634e-28
0 6 15 1.65337e-28
0 6 16 2.4177e-28
0 6 17 3.39674e-28
0 6 18 4.58512e-28
0 6 19 5.94658e-28
0 6 20 7.40989e-28
0 6 21 8.87125e-28
0 6 22 1.02044e-27
0 6 23 1.12776e-27
0 6 24 1.19749e-27
0 6 25 1.22168e-27
0 6 26 1.19749e-27
0 6 27 1.12776e-27
0 6 28 1.02044e-27
0 6 29 8.87125e-28
0 6 30 7.40989e-28
0 6 31 5.94658e-28
0 6 32 4.58512e-28
0 6 33 3.39674e-28
0 6 34 2.4177e-28
0 6 35 1.65337e-28
0 6 36 1.08634e-28
0 6 37 6.8579e-29
0 6 38 4.15953e-29
0 6 39 2.42396e-29
0 6 40 1.35717e-29
0 6 41 7.30082e-30
0 6 42 3.77344e-30
0 6 43 1.87383e-30
0 6 44 8.94032e-31
0 6 45 4.0983e-31
0 6 46 1.80502e-31
0 6 47 7.63816e-32
0 6 48 3.10544e-32
0 6 49 5.43417e-51
0 7 0 4.27467e-51
0 7 1 2.54252e-32
0 7 2 6.50881e-32
0 7 3 1.60091e-31
0 7 4 3.7832e-31
0 7 5 8.58976e-31
0 7 6 1.87383e-30
0 7 7 3.92743e-30
0 7 8 7.90888e-30
0 7 9 1.5302e-29
0 7 10 2.84454e-29
0 7 11 5.08046e-29
0 7 12 8.7181e-29
0 7 13 1.43737e-28
0 7 14 2.2769e-28
0 7 15 3.46536e-28
0 7 16 5.06734e-28
0 7 17 7.11935e-28
0 7 18 9.61011e-28
0 7 19 1.24636e-27
0 7 20 1.55307e-27
0 7 21 1.85936e-27
0 7 22 2.13877e-27
0 7 23 2.36371e-27
0 7 24 2.50987e-27
0 7 25 2.56057e-27
0 7 26 2.50987e-27
0 7 27 2.36371e-27
0 7 28 2.13877e-27
0 7 29 1.85936e-27
0 7 30 1.55307e-27
0 7 31 1.24636e-27
0 7 32 9.61011e-28
0 7 33 7.11935e-28
0 7 34 5.06734e-28
0 7 35 3.46536e-28
0 7 36 2.2769e-28
0 7 37 1.43737e-28
0 7 38 8.7181e-29
0 7 39 5.08046e-29
0 7 40 2.84454e-29
0 7 41 1.5302e-29
0 7 42 7.90888e-30
0 7 43 3.92743e-30
0 7 44 1.87383e-30
0 7 45 8.58976e-31
0 7 46 3.7832e-31
0 7 47 1.60091e-31
0 7 48 6.50881e-32
0 7 49 1.13897e-50
0 8 0 8.60812e-51
0 8 1 5.12001e-32
0 8 2 1.31071e-31
0 8 3 3.22383e-31
0 8 4 7.61844e-31
0 8 5 1.72977e-30
0 8 6 3.77344e-30
0 8 7 7.90888e-30
0 8 8 1.59265e-29
0 8 9 3.08145e-29
0 8 10 5.7282e-29
0 8 11 1.02308e-28
0 8 12 1.75561e-28
0 8 13 2.89451e-28
0 8 14 4.58512e-28
0 8 15 6.97837e-28
0 8 16 1.02044e-27
0 8 17 1.43366e-27
0 8 18 1.93524e-27
0 8 19 2.50987e-27
0 8 20 3.12749e-27
0 8 21 3.74429e-27
0 8 22 4.30695e-27
0 8 23 4.75992e-27
0 8 24 5.05426e-27
0 8 25 5.15636e-27
0 8 26 5.05426e-27
0 8 27 4.75992e-27
0 8 28 4.30695e-27
0 8 29 3.74429e-27
0 8 30 3.12749e-27
0 8 31 2.50987e-27
0 8 32 1.93524e-27
0 8 33 1.43366e-27
0 8 34 1.02044e-27
0 8 35 6.97837e-28
0 8 36 4.58512e-28
0 8 37 2.89451e-28
0 8 38 1.75561e-28
0 8 39 1.02308e-28
0 8 40 5.7282e-29
0 8 41 3.08145e-29
0 8 42 1.59265e-29
0 8 43 7.90888e-30
0 8 44 3.77344e-30
0 8 45 1.72977e-30
0 8 46 7.61844e-31
0 8 47 3.22383e-31
0 8 48 1.31071e-31
0 8 49 2.2936e-50
0 9 0 1.66549e-50
0 9 1 9.90615e-32
0 9 2 2.53596e-31
0 9 3 6.23745e-31
0 9 4 1.47401e-30
0 9 5 3.34674e-30
0 9 6 7.30082e-30
0 9 7 1.5302e-29
0 9 8 3.08145e-29
0 9 9 5.96197e-29
0 9 10 1.10829e-28
0 9 11 1.97944e-28
0 9 12 3.39674e-28
0 9 13 5.60028e-28
0 9 14 8.87125e-28
0 9 15 1.35017e-27
0 9 16 1.97433e-27
0 9 17 2.77383e-27
0 9 18 3.74429e-27
0 9 19 4.85608e-27
0 9 20 6.05104e-27
0 9 21 7.24441e-27
0 9 22 8.33306e-27
0 9 23 9.20946e-27
0 9 24 9.77894e-27
0 9 25 9.97648e-27
0 9 26 9.77894e-27
0 9 27 9.20946e-27
0 9 28 8.33306e-27
0 9 29 7.24441e-27
0 9 30 6.05104e-27
0 9 31 4.85608e-27
0 9 32 3.74429e-27
0 9 33 2.77383e-27
0 9 34 1.97433e-27
0 9 35 1.35017e-27
0 9 36 8.87125e-28
0 9 37 5.60028e-28
0 9 38 3.39674e-28
0 9 39 1.97944e-28
0 9 40 1.10829e-28
0 9 41 5.96197e-29
0 9 42 3.08145e-29
0 9 43 1.5302e-29
0 9 44 7.30082e-30
0 9 45 3.34674e-30
0 9 46 1.47401e-30
0 9 47 6.23745e-31
0 9 48 2.53596e-31
0 9 49 4.43763e-50
0 10 0 3.09603e-50
0 10 1 1.84148e-31
0 10 2 4.71416e-31
0 10 3 1.1595e-30
0 10 4 2.74008e-30
0 10 5 6.22134e-30
0 10 6 1.35717e-29
0 10 7 2.84454e-29
0 10 8 5.7282e-29
0 10 9 1.10829e-28
0 10 10 2.06023e-28
0 10 11 3.67964e-28
0 10 12 6.31429e-28
0 10 13 1.04105e-27
0 10 14 1.6491e-27
0 10 15 2.50987e-27
0 10 16 3.67014e-27
0 10 17 5.15636e-27
0 10 18 6.96036e-27
0 10 19 9.0271e-27
0 10 20 1.12485e-26
0 10 21 1.34668e-26
0 10 22 1.54906e-26
0 10 23 1.71197e-26
0 10 24 1.81783e-26
0 10 25 1.85456e-26
0 10 26 1.81783e-26
0 10 27 1.71197e-26
0 10 28 1.54906e-26
0 10 29 1.34668e-26
0 10 30 1.12485e-26
0 10 31 9.0271e-27
0 10 32 6.96036e-27
0 10 33 5.15636e-27
0 10 34 3.67014e-27
0 10 35 2.50987e-27
0 10 36 1.6491e-27
0 10 37 1.04105e-27
0 10 38 6.31429e-28
0 10 39 3.67964e-28
0 10 40 2.06023e-28
0 10 41 1.10829e-28
0 10 42 5.7282e-29
0 10 43 2.84454e-29
0 10 44 1.35717e-29
0 10 45 6.22134e-30
0 10 46 2.74008e-30
0 10 47 1.1595e-30
0 10 48 4.71416e-31
0 10 49 8.24924e-50
0 11 0 5.52963e-50
0 11 1 3.28896e-31
0 11 2 8.41967e-31
0 11 3 2.07091e-30
0 11 4 4.89388e-30
0 11 5 1.11116e-29
0 11 6 2.42396e-29
0 11 7 5.08046e-29
0 11 8 1.02308e-28
0 11 9 1.97944e-28
0 11 10 3.67964e-28
0 11 11 6.57198e-28
0 11 12 1.12776e-27
0 11 13 1.85936e-27
0 11 14 2.94536e-27
0 11 15 4.48272e-27
0 11 16 6.55502e-27
0 11 17 9.20946e-27
0 11 18 1.24315e-26
0 11 19 1.61227e-26
0 11 20 2.00902e-26
0 11 21 2.40523e-26
0 11 22 2.76667e-26
0 11 23 3.05765e-26
0 11 24 3.24672e-26
0 11 25 3.31231e-26
0 11 26 3.24672e-26
0 11 27 3.05765e-26
0 11 28 2.76667e-26
0 11 29 2.40523e-26
0 11 30 2.00902e-26
0 11 31 1.61227e-26
0 11 32 1.24315e-26
0 11 33 9.20946e-27
0 11 34 6.55502e-27
0 11 35 4.48272e-27
0 11 36 2.94536e-27
0 11 37 1.85936e-27
0 11 38 1.12776e-27
0 11 39 6.57198e-28
0 11 40 3.67964e-28
0 11 41 1.97944e-28
0 11 42 1.02308e-28
0 11 43 5.08046e-29
0 11 44 2.42396e-29
0 11 45 1.11116e-29
0 11 46 4.89388e-30
0 11 47 2.07091e-30
0 11 48 8.41967e-31
0 11 49 1.47335e-49
0 12 0 9.48888e-50
0 12 1 5.64388e-31
0 12 2 1.44482e-30
0 12 3 3.55369e-30
0 12 4 8.39794e-30
0 12 5 1.90675e-29
0 12 6 4.15953e-29
0 12 7 8.7181e-29
0 12 8 1.75561e-28
0 12 9 3.39674e-28
0 12 10 6.31429e-28
0 12 11 1.12776e-27
0 12 12 1.93524e-27
0 12 13 3.19067e-27
0 12 14 5.05426e-27
0 12 15 7.69238e-27
0 12 16 1.12485e-26
0 12 17 1.58035e-26
0 12 18 2.13325e-26
0 12 19 2.76667e-26
0 12 20 3.44749e-26
0 12 21 4.12739e-26
0 12 22 4.74763e-26
0 12 23 5.24694e-26
0 12 24 5.5714e-26
0 12 25 5.68395e-26
0 12 26 5.5714e-26
0 12 27 5.24694e-26
0 12 28 4.74763e-26
0 12 29 4.12739e-26
0 12 30 3.44749e-26
0 12 31 2.76667e-26
0 12 32 2.13325e-26
0 12 33 1.58035e-26
0 12 34 1.12485e-26
0 12 35 7.69238e-27
0 12 36 5.05426e-27
0 12 37 3.19067e-27
0 12 38 1.93524e-27
0 12 39 1.12776e-27
0 12 40 6.31429e-28
0 12 41 3.39674e-28
0 12 42 1.75561e-28
0 12 43 8.7181e-29
0 12 44 4.15953e-29
0 12 45 1.90675e-29
0 12 46 8.39794e-30
0 12 47 3.55369e-30
0 12 48 1.44482e-30
0 12 49 2.52827e-49
0 13 0 1.56445e-49
0 13 1 9.30518e-31
0 13 2 2.38211e-30
0 13 3 5.85904e-30
0 13 4 1.38459e-29
0 13 5 3.1437e-29
0 13 6 6.8579e-29
0 13 7 1.43737e-28
0 13 8 2.89451e-28
0 13 9 5.60028e-28
0 13 10 1.04105e-27
0 13 11 1.85936e-27
0 13 12 3.19067e-27
0 13 13 5.26052e-27
0 13 14 8.33306e-27
0 13 15 1.26826e-26
0 13 16 1.85456e-26
0 13 17 2.60555e-26
0 13 18 3.51713e-26
0 13 19 4.56147e-26
0 13 20 5.68395e-26
0 13 21 6.80492e-26
0 13 22 7.82752e-26
0 13 23 8.65075e-26
0 13 24 9.18568e-26
0 13 25 9.37124e-26
0 13 26 9.18568e-26
0 13 27 8.65075e-26
0 13 28 7.82752e-26
0 13 29 6.80492e-26
0 13 30 5.68395e-26
0 13 31 4.56147e-26
0 13 32 3.51713e-26
0 13 33 2.60555e-26
0 13 34 1.85456e-26
0 13 35 1.26826e-26
0 13 36 8.33306e-27
0 13 37 5.26052e-27
0 13 38 3.19067e-27
0 13 39 1.85936e-27
0 13 40 1.04105e-27
0 13 41 5.60028e-28
0 13 42 2.89451e-28
0 13 43 1.43737e-28
0 13 44 6.8579e-29
0 13 45 3.1437e-29
0 13 46 1.38459e-29
0 13 47 5.85904e-30
0 13 48 2.38211e-30
0 13 49 4.16842e-49
0 14 0 2.47821e-49
0 14 1 1.47401e-30
0 14 2 3.77344e-30
0 14 3 9.28116e-30
0 14 4 2.19329e-29
0 14 5 4.97986e-29
0 14 6 1.08634e-28
0 14 7 2.2769e-28
0 14 8 4.58512e-28
0 14 9 8.87125e-28
0 14 10 1.6491e-27
0 14 11 2.94536e-27
0 14 12 5.05426e-27
0 14 13 8.33306e-27
0 14 14 1.32002e-26
0 14 15 2.00902e-26
0 14 16 2.93775e-26
0 14 17 4.12739e-26
0 14 18 5.5714e-26
0 14 19 7.22571e-26
0 14 20 9.00379e-26
0 14 21 1.07795e-25
0 14 22 1.23994e-25
0 14 23 1.37034e-25
0 14 24 1.45508e-25
0 14 25 1.48447e-25
0 14 26 1.45508e-25
0 14 27 1.37034e-25
0 14 28 1.23994e-25
0 14 29 1.07795e-25
0 14 30 9.00379e-26
0 14 31 7.22571e-26
0 14 32 5.5714e-26
0 14 33 4.12739e-26
0 14 34 2.93775e-26
0 14 35 2.00902e-26
0 14 36 1.32002e-26
0 14 37 8.33306e-27
0 14 38 5.05426e-27
0 14 39 2.94536e-27
0 14 40 1.6491e-27
0 14 41 8.87125e-28
0 14 42 4.58512e-28
0 14 43 2.2769e-28
0 14 44 1.08634e-28
0 14 45 4.97986e-29
0 14 46 2.19329e-29
0 14 47 9.28116e-30
0 14 48 3.77344e-30
0 14 49 6.60308e-49
0 15 0 3.77174e-49
0 15 1 2.24339e-30
0 15 2 5.74302e-30
0 15 3 1.41256e-29
0 15 4 3.3381e-29
0 15 5 7.57915e-29
0 15 6 1.65337e-28
0 15 7 3.46536e-28
0 15 8 6.97837e-28
0 15 9 1.35017e-27
0 15 10 2.50987e-27
0 15 11 4.48272e-27
0 15 12 7.69238e-27
0 15 13 1.26826e-26
0 15 14 2.00902e-26
0 15 15 3.05765e-26
0 15 16 4.47115e-26
0 15 17 6.28173e-26
0 15 18 8.47945e-26
0 15 19 1.09973e-25
0 15 20 1.37034e-25
0 15 21 1.6406e-25
0 15 22 1.88714e-25
0 15 23 2.08561e-25
0 15 24 2.21458e-25
0 15 25 2.25931e-25
0 15 26 2.21458e-25
0 15 27 2.08561e-25
0 15 28 1.88714e-25
0 15 29 1.6406e-25
0 15 30 1.37034e-25
0 15 31 1.09973e-25
0 15 32 8.47945e-26
0 15 33 6.28173e-26
0 15 34 4.47115e-26
0 15 35 3.05765e-26
0 15 36 2.00902e-26
0 15 37 1.26826e-26
0 15 38 7.69238e-27
0 15 39 4.48272e-27
0 15 40 2.50987e-27
0 15 41 1.35017e-27
0 15 42 6.97837e-28
0 15 43 3.46536e-28
0 15 44 1.65337e-28
0 15 45 7.57915e-29
0 15 46 3.3381e-29
0 15 47 1.41256e-29
0 15 48 5.74302e-30
0 15 49 1.00496e-48
0 16 0 5.51535e-49
0 16 1 3.28047e-30
0 16 2 8.39794e-30
0 16 3 2.06556e-29
0 16 4 4.88125e-29
0 16 5 1.10829e-28
0 16 6 2.4177e-28
0 16 7 5.06734e-28
0 16 8 1.02044e-27
0 16 9 1.97433e-27
0 16 10 3.67014e-27
0 16 11 6.55502e-27
0 16 12 1.12485e-26
0 16 13 1.85456e-26
0 16 14 2.93775e-26
0 16 15 4.47115e-26
0 16 16 6.53809e-26
0 16 17 9.18568e-26
0 16 18 1.23994e-25
0 16 19 1.60811e-25
0 16 20 2.00383e-25
0 16 21 2.39902e-25
0 16 22 2.75953e-25
0 16 23 3.04975e-25
0 16 24 3.23834e-25
0 16 25 3.30376e-25
0 16 26 3.23834e-25
0 16 27 3.04975e-25
0 16 28 2.75953e-25
0 16 29 2.39902e-25
0 16 30 2.00383e-25
0 16 31 1.60811e-25
0 16 32 1.23994e-25
0 16 33 9.18568e-26
0 16 34 6.53809e-26
0 16 35 4.47115e-26
0 16 36 2.93775e-26
0 16 37 1.85456e-26
0 16 38 1.12485e-26
0 16 39 6.55502e-27
0 16 40 3.67014e-27
0 16 41 1.97433e-27
0 16 42 1.02044e-27
0 16 43 5.06734e-28
0 16 44 2.4177e-28
0 16 45 1.10829e-28
0 16 46 4.88125e-29
0 16 47 2.06556e-29
0 16 48 8.39794e-30
0 16 49 1.46954e-48
0 17 0 7.74878e-49
0 17 1 4.60889e-30
0 17 2 1.17987e-29
0 17 3 2.902e-29
0 17 4 6.8579e-29
0 17 5 1.55709e-28
0 17 6 3.39674e-28
0 17 7 7.11935e-28
0 17 8 1.43366e-27
0 17 9 2.77383e-27
0 17 10 5.15636e-27
0 17 11 9.20946e-27
0 17 12 1.58035e-26
0 17 13 2.60555e-26
0 17 14 4.12739e-26
0 17 15 6.28173e-26
0 17 16 9.18568e-26
0 17 17 1.29054e-25
0 17 18 1.74205e-25
0 17 19 2.25931e-25
0 17 20 2.81528e-25
0 17 21 3.3705e-25
0 17 22 3.877e-25
0 17 23 4.28474e-25
0 17 24 4.5497e-25
0 17 25 4.64161e-25
0 17 26 4.5497e-25
0 17 27 4.28474e-25
0 17 28 3.877e-25
0 17 29 3.3705e-25
0 17 30 2.81528e-25
0 17 31 2.25931e-25
0 17 32 1.74205e-25
0 17 33 1.29054e-25
0 17 34 9.18568e-26
0 17 35 6.28173e-26
0 17 36 4.12739e-26
0 17 37 2.60555e-26
0 17 38 1.58035e-26
0 17 39 9.20946e-27
0 17 40 5.15636e-27
0 17 41 2.77383e-27
0 17 42 1.43366e-27
0 17 43 7.11935e-28
0 17 44 3.39674e-28
0 17 45 1.55709e-28
0 17 46 6.8579e-29
0 17 47 2.902e-29
0 17 48 1.17987e-29
0 17 49 2.06463e-48
0 18 0 1.04598e-48
0 18 1 6.22134e-30
0 18 2 1.59265e-29
0 18 3 3.91729e-29
0 18 4 9.25719e-29
0 18 5 2.10185e-28
0 18 6 4.58512e-28
0 18 7 9.61011e-28
0 18 8 1.93524e-27
0 18 9 3.74429e-27
0 18 10 6.96036e-27
0 18 11 1.24315e-26
0 18 12 2.13325e-26
0 18 13 3.51713e-26
0 18 14 5.5714e-26
0 18 15 8.47945e-26
0 18 16 1.23994e-25
0 18 17 1.74205e-25
0 18 18 2.35152e-25
0 18 19 3.04975e-25
0 18 20 3.80023e-25
0 18 21 4.5497e-25
0 18 22 5.2334e-25
0 18 23 5.7838e-25
0 18 24 6.14145e-25
0 18 25 6.26551e-25
0 18 26 6.14145e-25
0 18 27 5.7838e-25
0 18 28 5.2334e-25
0 18 29 4.5497e-25
0 18 30 3.80023e-25
0 18 31 3.04975e-25
0 18 32 2.35152e-25
0 18 33 1.74205e-25
0 18 34 1.23994e-25
0 18 35 8.47945e-26
0 18 36 5.5714e-26
0 18 37 3.51713e-26
0 18 38 2.13325e-26
0 18 39 1.24315e-26
0 18 40 6.96036e-27
0 18 41 3.74429e-27
0 18 42 1.93524e-27
0 18 43 9.61011e-28
0 18 44 4.58512e-28
0 18 45 2.10185e-28
0 18 46 9.25719e-29
0 18 47 3.91729e-29
0 18 48 1.59265e-29
0 18 49 2.78696e-48
0 19 0 1.35656e-48
0 19 1 8.06865e-30
0 19 2 2.06556e-29
0 19 3 5.08046e-29
0 19 4 1.20059e-28
0 19 5 2.72595e-28
0 19 6 5.94658e-28
0 19 7 1.24636e-27
0 19 8 2.50987e-27
0 19 9 4.85608e-27
0 19 10 9.0271e-27
0 19 11 1.61227e-26
0 19 12 2.76667e-26
0 19 13 4.56147e-26
0 19 14 7.22571e-26
0 19 15 1.09973e-25
0 19 16 1.60811e-25
0 19 17 2.25931e-25
0 19 18 3.04975e-25
0 19 19 3.95532e-25
0 19 20 4.92863e-25
0 19 21 5.90064e-25
0 19 22 6.78735e-25
0 19 23 7.50118e-25
0 19 24 7.96503e-25
0 19 25 8.12593e-25
0 19 26 7.96503e-25
0 19 27 7.50118e-25
0 19 28 6.78735e-25
0 19 29 5.90064e-25
0 19 30 4.92863e-25
0 19 31 3.95532e-25
0 19 32 3.04975e-25
0 19 33 2.25931e-25
0 19 34 1.60811e-25
0 19 35 1.09973e-25
0 19 36 7.22571e-26
0 19 37 4.56147e-26
0 19 38 2.76667e-26
0 19 39 1.61227e-26
0 19 40 9.0271e-27
0 19 41 4.85608e-27
0 19 42 2.50987e-27
0 19 43 1.24636e-27
0 19 44 5.94658e-28
0 19 45 2.72595e-28
0 19 46 1.20059e-28
0 19 47 5.08046e-29
0 19 48 2.06556e-29
0 19 49 3.61449e-48
0 20 0 1.69038e-48
0 20 1 1.00542e-29
0 20 2 2.57385e-29
0 20 3 6.33064e-29
0 20 4 1.49603e-28
0 20 5 3.39674e-28
0 20 6 7.40989e-28
0 20 7 1.55307e-27
0 20 8 3.12749e-27
0 20 9 6.05104e-27
0 20 10 1.12485e-26
0 20 11 2.00902e-26
0 20 12 3.44749e-26
0 20 13 5.68395e-26
0 20 14 9.00379e-26
0 20 15 1.37034e-25
0 20 16 2.00383e-25
0 20 17 2.81528e-25
0 20 18 3.80023e-25
0 20 19 4.92863e-25
0 20 20 6.14145e-25
0 20 21 7.35265e-25
0 20 22 8.45756e-25
0 20 23 9.34705e-25
0 20 24 9.92504e-25
0 20 25 1.01255e-24
0 20 26 9.92504e-25
0 20 27 9.34705e-25
0 20 28 8.45756e-25
0 20 29 7.35265e-25
0 20 30 6.14145e-25
0 20 31 4.92863e-25
0 20 32 3.80023e-25
0 20 33 2.81528e-25
0 20 34 2.00383e-25
0 20 35 1.37034e-25
0 20 36 9.00379e-26
0 20 37 5.68395e-26
0 20 38 3.44749e-26
0 20 39 2.00902e-26
0 20 40 1.12485e-26
0 20 41 6.05104e-27
0 20 42 3.12749e-27
0 20 43 1.55307e-27
0 20 44 7.40989e-28
0 20 45 3.39674e-28
0 20 46 1.49603e-28
0 20 47 6.33064e-29
0 20 48 2.57385e-29
0 20 49 4.50393e-48
0 21 0 2.02375e-48
0 21 1 1.2037e-29
0 21 2 3.08145e-29
0 21 3 7.57915e-29
0 21 4 1.79107e-28
0 21 5 4.06663e-28
0 21 6 8.87125e-28
0 21 7 1.85936e-27
0 21 8 3.74429e-27
0 21 9 7.24441e-27
0 21 10 1.34668e-26
0 21 11 2.40523e-26
0 21 12 4.12739e-26
0 21 13 6.80492e-26
0 21 14 1.07795e-25
0 21 15 1.6406e-25
0 21 16 2.39902e-25
0 21 17 3.3705e-25
0 21 18 4.5497e-25
0 21 19 5.90064e-25
0 21 20 7.35265e-25
0 21 21 8.80272e-25
0 21 22 1.01255e-24
0 21 23 1.11904e-24
0 21 24 1.18824e-24
0 21 25 1.21225e-24
0 21 26 1.18824e-24
0 21 27 1.11904e-24
0 21 28 1.01255e-24
0 21 29 8.80272e-25
0 21 30 7.35265e-25
0 21 31 5.90064e-25
0 21 32 4.5497e-25
0 21 33 3.3705e-25
0 21 34 2.39902e-25
0 21 35 1.6406e-25
0 21 36 1.07795e-25
0 21 37 6.80492e-26
0 21 38 4.12739e-26
0 21 39 2.40523e-26
0 21 40 1.34668e-26
0 21 41 7.24441e-27
0 21 42 3.74429e-27
0 21 43 1.85936e-27
0 21 44 8.87125e-28
0 21 45 4.06663e-28
0 21 46 1.79107e-28
0 21 47 7.57915e-29
0 21 48 3.08145e-29
0 21 49 5.39219e-48
0 22 0 2.32786e-48
0 22 1 1.38459e-29
0 22 2 3.54451e-29
0 22 3 8.7181e-29
0 22 4 2.06023e-28
0 22 5 4.67774e-28
0 22 6 1.02044e-27
0 22 7 2.13877e-27
0 22 8 4.30695e-27
0 22 9 8.33306e-27
0 22 10 1.54906e-26
0 22 11 2.76667e-26
0 22 12 4.74763e-26
0 22 13 7.82752e-26
0 22 14 1.23994e-25
0 22 15 1.88714e-25
0 22 16 2.75953e-25
0 22 17 3.877e-25
0 22 18 5.2334e-25
0 22 19 6.78735e-25
0 22 20 8.45756e-25
0 22 21 1.01255e-24
0 22 22 1.16471e-24
0 22 23 1.28721e-24
0 22 24 1.3668e-24
0 22 25 1.39442e-24
0 22 26 1.3668e-24
0 22 27 1.28721e-24
0 22 28 1.16471e-24
0 22 29 1.01255e-24
0 22 30 8.45756e-25
0 22 31 6.78735e-25
0 22 32 5.2334e-25
0 22 33 3.877e-25
0 22 34 2.75953e-25
0 22 35 1.88714e-25
0 22 36 1.23994e-25
0 22 37 7.82752e-26
0 22 38 4.74763e-26
0 22 39 2.76667e-26
0 22 40 1.54906e-26
0 22 41 8.33306e-27
0 22 42 4.30695e-27
0 22 43 2.13877e-27
0 22 44 1.02044e-27
0 22 45 4.67774e-28
0 22 46 2.06023e-28
0 22 47 8.7181e-29
0 22 48 3.54451e-29
0 22 49 6.20249e-48
0 23 0 2.57269e-48
0 23 1 1.5302e-29
0 23 2 3.91729e-29
0 23 3 9.63499e-29
0 23 4 2.2769e-28
0 23 5 5.16971e-28
0 23 6 1.12776e-27
0 23 7 2.36371e-27
0 23 8 4.75992e-27
0 23 9 9.20946e-27
0 23 10 1.71197e-26
0 23 11 3.05765e-26
0 23 12 5.24694e-26
0 23 13 8.65075e-26
0 23 14 1.37034e-25
0 23 15 2.08561e-25
0 23 16 3.04975e-25
0 23 17 4.28474e-25
0 23 18 5.7838e-25
0 23 19 7.50118e-25
0 23 20 9.34705e-25
0 23 21 1.11904e-24
0 23 22 1.28721e-24
0 23 23 1.42258e-24
0 23 24 1.51055e-24
0 23 25 1.54107e-24
0 23 26 1.51055e-24
0 23 27 1.42258e-24
0 23 28 1.28721e-24
0 23 29 1.11904e-24
0 23 30 9.34705e-25
0 23 31 7.50118e-25
0 23 32 5.7838e-25
0 23 33 4.28474e-25
0 23 34 3.04975e-25
0 23 35 2.08561e-25
0 23 36 1.37034e-25
0 23 37 8.65075e-26
0 23 38 5.24694e-26
0 23 39 3.05765e-26
0 23 40 1.71197e-26
0 23 41 9.20946e-27
0 23 42 4.75992e-27
0 23 43 2.36371e-27
0 23 44 1.12776e-27
0 23 45 5.16971e-28
0 23 46 2.2769e-28
0 23 47 9.63499e-29
0 23 48 3.91729e-29
0 23 49 6.85481e-48
0 24 0 2.73177e-48
0 24 1 1.62483e-29
0 24 2 4.15953e-29
0 24 3 1.02308e-28
0 24 4 2.4177e-28
0 24 5 5.48938e-28
0 24 6 1.19749e-27
0 24 7 2.50987e-27
0 24 8 5.05426e-27
0 24 9 9.77894e-27
0 24 10 1.81783e-26
0 24 11 3.24672e-26
0 24 12 5.5714e-26
0 24 13 9.18568e-26
0 24 14 1.45508e-25
0 24 15 2.21458e-25
0 24 16 3.23834e-25
0 24 17 4.5497e-25
0 24 18 6.14145e-25
0 24 19 7.96503e-25
0 24 20 9.92504e-25
0 24 21 1.18824e-24
0 24 22 1.3668e-24
0 24 23 1.51055e-24
0 24 24 1.60396e-24
0 24 25 1.63636e-24
0 24 26 1.60396e-24
0 24 27 1.51055e-24
0 24 28 1.3668e-24
0 24 29 1.18824e-24
0 24 30 9.92504e-25
0 24 31 7.96503e-25
0 24 32 6.14145e-25
0 24 33 4.5497e-25
0 24 34 3.23834e-25
0 24 35 2.21458e-25
0 24 36 1.45508e-25
0 24 37 9.18568e-26
0 24 38 5.5714e-26
0 24 39 3.24672e-26
0 24 40 1.81783e-26
0 24 41 9.77894e-27
0 24 42 5.05426e-27
0 24 43 2.50987e-27
0 24 44 1.19749e-27
0 24 45 5.48938e-28
0 24 46 2.4177e-28
0 24 47 1.02308e-28
0 24 48 4.15953e-29
0 24 49 7.27869e-48
0 25 0 2.78696e-48
0 25 1 1.65765e-29
0 25 2 4.24355e-29
0 25 3 1.04375e-28
0 25 4 2.46654e-28
0 25 5 5.60028e-28
0 25 6 1.22168e-27
0 25 7 2.56057e-27
0 25 8 5.15636e-27
0 25 9 9.97648e-27
0 25 10 1.85456e-26
0 25 11 3.31231e-26
0 25 12 5.68395e-26
0 25 13 9.37124e-26
0 25 14 1.48447e-25
0 25 15 2.25931e-25
0 25 16 3.30376e-25
0 25 17 4.64161e-25
0 25 18 6.26551e-25
0 25 19 8.12593e-25
0 25 20 1.01255e-24
0 25 21 1.21225e-24
0 25 22 1.39442e-24
0 25 23 1.54107e-24
0 25 24 1.63636e-24
0 25 25 1.66942e-24
0 25 26 1.63636e-24
0 25 27 1.54107e-24
0 25 28 1.39442e-24
0 25 29 1.21225e-24
0 25 30 1.01255e-24
0 25 31 8.12593e-25
0 25 32 6.26551e-25
0 25 33 4.64161e-25
0 25 34 3.30376e-25
0 25 35 2.25931e-25
0 25 36 1.48447e-25
0 25 37 9.37124e-26
0 25 38 5.68395e-26
0 25 39 3.31231e-26
0 25 40 1.85456e-26
0 25 41 9.97648e-27
0 25 42 5.15636e-27
0 25 43 2.56057e-27
0 25 44 1.22168e-27
0 25 45 5.60028e-28
0 25 46 2.46654e-28
0 25 47 1.04375e-28
0 25 48 4.24355e-29
0 25 49 7.42573e-48
0 26 0 2.73177e-48
0 26 1 1.62483e-29
0 26 2 4.15953e-29
0 26 3 1.02308e-28
0 26 4 2.4177e-28
0 26 5 5.48938e-28
0 26 6 1.19749e-27
0 26 7 2.50987e-27
0 26 8 5.05426e-27
0 26 9 9.77894e-27
0 26 10 1.81783e-26
0 26 11 3.24672e-26
0 26 12 5.5714e-26
0 26 13 9.18568e-26
0 26 14 1.45508e-25
0 26 15 2.21458e-25
0 26 16 3.23834e-25
0 26 17 4.5497e-25
0 26 18 6.14145e-25
0 26 19 7.96503e-25
0 26 20 9.92504e-25
0 26 21 1.18824e-24
0 26 22 1.3668e-24
0 26 23 1.51055e-24
0 26 24 1.60396e-24
0 26 25 1.63636e-24
0 26 26 1.60396e-24
0 26 27 1.51055e-24
0 26 28 1.3668e-24
0 26 29 1.18824e-24
0 26 30 9.92504e-25
0 26 31 7.96503e-25
0 26 32 6.14145e-25
0 26 33 4.5497e-25
0 26 34 3.23834e-25
0 26 35 2.21458e-25
0 26 36 1.45508e-25
0 26 37 9.18568e-26
0 26 38 5.5714e-26
0 26 39 3.24672e-26
0 26 40 1.81783e-26
0 26 41 9.77894e-27
0 26 42 5.05426e-27
0 26 43 2.50987e-27
0 26 44 1.19749e-27
0 26 45 5.48938e-28
0 26 46 2.4177e-28
0 26 47 1.02308e-28
0 26 48 4.15953e-29
0 26 49 7.27869e-48
0 27 0 2.57269e-48
0 27 1 1.5302e-29
0 27 2 3.91729e-29
0 27 3 9.63499e-29
0 27 4 2.2769e-28
0 27 5 5.16971e-28
0 27 6 1.12776e-27
0 27 7 2.36371e-27
0 27 8 4.75992e-27
0 27 9 9.20946e-27
0 27 10 1.71197e-26
0 27 11 3.05765e-26
0 27 12 5.24694e-26
0 27 13 8.65075e-26
0 27 14 1.37034e-25
0 27 15 2.08561e-25
0 27 16 3.04975e-25
0 27 17 4.28474e-25
0 27 18 5.7838e-25
0 27 19 7.50118e-25
0 27 20 9.34705e-25
0 27 21 1.11904e-24
0 27 22 1.28721e-24
0 27 23 1.42258e-24
0 27 24 1.51055e-24
0 27 25 1.54107e-24
0 27 26 1.51055e-24
0 27 27 1.42258e-24
0 27 28 1.28721e-24
0 27 29 1.11904e-24
0 27 30 9.34705e-25
0 27 31 7.50118e-25
0 27 32 5.7838e-25
0 27 33 4.28474e-25
0 27 34 3.04975e-25
0 27 35 2.08561e-25
0 27 36 1.37034e-25
0 27 37 8.65075e-26
0 27 38 5.24694e-26
0 27 39 3.05765e-26
0 27 40 1.71197e-26
0 27 41 9.20946e-27
0 27 42 4.75992e-27
0 27 43 2.36371e-27
0 27 44 1.12776e-27
0 27 45 5.16971e-28
0 27 46 2.2769e-28
0 27 47 9.63499e-29
0 27 48 3.91729e-29
0 27 49 6.85481e-48
0 28 0 2.32786e-48
0 28 1 1.38459e-29
0 28 2 3.54451e-29
0 28 3 8.7181e-29
0 28 4 2.06023e-28
0 28 5 4.67774e-28
0 28 6 1.02044e-27
0 28 7 2.13877e-27
0 28 8 4.30695e-27
0 28 9 8.33306e-27
0 28 10 1.54906e-26
0 28 11 2.76667e-26
0 28 12 4.74763e-26
0 28 13 7.82752e-26
0 28 14 1.23994e-25
0 28 15 1.88714e-25
0 28 16 2.75953e-25
0 28 17 3.877e-25
0 28 18 5.2334e-25
0 28 19 6.78735e-25
0 28 20 8.45756e-25
0 28 21 1.01255e-24
0 28 22 1.16471e-24
0 28 23 1.28721e-24
0 28 24 1.3668e-24
0 28 25 1.39442e-24
0 28 26 1.3668e-24
0 28 27 1.28721e-24
0 28 28 1.16471e-24
0 28 29 1.01255e-24
0 28 30 8.45756e-25
0 28 31 6.78735e-25
0 28 32 5.2334e-25
0 28 33 3.877e-25
0 28 34 2.75953e-25
0 28 35 1.88714e-25
0 28 36 1.23994e-25
0 28 37 7.82752e-26
0 28 38 4.74763e-26
0 28 39 2.76667e-26
0 28 40 1.54906e-26
0 28 41 8.33306e-27
0 28 42 4.30695e-27
0 28 43 2.13877e-27
0 28 44 1.02044e-27
0 28 45 4.67774e-28
0 28 46 2.06023e-28
0 28 47 8.7181e-29
0 28 48 3.54451e-29
0 28 49 6.20249e-48
0 29 0 2.02375e-48
0 29 1 1.2037e-29
0 29 2 3.08145e-29
0 29 3 7.57915e-29
0 29 4 1.79107e-28
0 29 5 4.06663e-28
0 29 6 8.87125e-28
0 29 7 1.85936e-27
0 29 8 3.74429e-27
0 29 9 7.24441e-27
0 29 10 1.34668e-26
0 29 11 2.40523e-26
0 29 12 4.12739e-26
0 29 13 6.80492e-26
0 29 14 1.07795e-25
0 29 15 1.6406e-25
0 29 16 2.39902e-25
0 29 17 3.3705e-25
0 29 18 4.5497e-25
0 29 19 5.90064e-25
0 29 20 7.35265e-25
0 29 21 8.80272e-25
0 29 22 1.01255e-24
0 29 23 1.11904e-24
0 29 24 1.18824e-24
0 29 25 1.21225e-24
0 29 26 1.18824e-24
0 29 27 1.11904e-24
0 29 28 1.01255e-24
0 29 29 8.80272e-25
0 29 30 7.35265e-25
0 29 31 5.90064e-25
0 29 32 4.5497e-25
0 29 33 3.3705e-25
0 29 34 2.39902e-25
0 29 35 1.6406e-25
0 29 36 1.07795e-25
0 29 37 6.80492e-26
0 29 38 4.12739e-26
0 29 39 2.40523e-26
0 29 40 1.34668e-26
0 29 41 7.24441e-27
0 29 42 3.74429e-27
0 29 43 1.85936e-27
0 29 44 8.87125e-28
0 29 45 4.06663e-28
0 29 46 1.79107e-28
0 29 47 7.57915e-29
0 29 48 3.08145e-29
0 29 49 5.39219e-48
0 30 0 1.69038e-48
0 30 1 1.00542e-29
0 30 2 2.57385e-29
0 30 3 6.33064e-29
0 30 4 1.49603e-28
0 30 5 3.39674e-28
0 30 6 7.40989e-28
0 30 7 1.55307e-27
0 30 8 3.12749e-27
0 30 9 6.05104e-27
0 30 10 1.12485e-26
0 30 11 2.00902e-26
0 30 12 3.44749e-26
0 30 13 5.68395e-26
0 30 14 9.00379e-26
0 30 15 1.37034e-25
0 30 16 2.00383e-25
0 30 17 2.81528e-25
0 30 18 3.80023e-25
0 30 19 4.92863e-25
0 30 20 6.14145e-25
0 30 21 7.35265e-25
0 30 22 8.45756e-25
0 30 23 9.34705e-25
0 30 24 9.92504e-25
0 30 25 1.01255e-24
0 30 26 9.92504e-25
0 30 27 9.34705e-25
0 30 28 8.45756e-25
0 30 29 7.35265e-25
0 30 30 6.14145e-25
0 30 31 4.92863e-25
0 30 32 3.80023e-25
0 30 33 2.81528e-25
0 30 34 2.00383e-25
0 30 35 1.37034e-25
0 30 36 9.00379e-26
0 30 37 5.68395e-26
0 30 38 3.44749e-26
0 30 39 2.00902e-26
0 30 40 1.12485e-26
0 30 41 6.05104e-27
0 30 42 3.12749e-27
0 30 43 1.55307e-27
0 30 44 7.40989e-28
0 30 45 3.39674e-28
0 30 46 1.49603e-28
0 30 47 6.33064e-29
0 30 48 2.57385e-29
0 30 49 4.50393e-48
0 31 0 1.35656e-48
0 31 1 8.06865e-30
0 31 2 2.06556e-29
0 31 3 5.08046e-29
0 31 4 1.20059e-28
0 31 5 2.72595e-28
0 31 6 5.94658e-28
0 31 7 1.24636e-27
0 31 8 2.50987e-27
0 31 9 4.85608e-27
0 31 10 9.0271e-27
0 31 11 1.61227e-26
0 31 12 2.76667e-26
0 31 13 4.56147e-26
0 31 14 7.22571e-26
0 31 15 1.09973e-25
0 31 16 1.60811e-25
0 31 17 2.25931e-25
0 31 18 3.04975e-25
0 31 19 3.95532e-25
0 31 20 4.92863e-25
0 31 21 5.90064e-25
0 31 22 6.78735e-25
0 31 23 7.50118e-25
0 31 24 7.96503e-25
0 31 25 8.12593e-25
0 31 26 7.96503e-25
0 31 27 7.50118e-25
0 31 28 6.78735e-25
0 31 29 5.90064e-25
0 31 30 4.92863e-25
0 31 31 3.95532e-25
0 31 32 3.04975e-25
0 31 33 2.25931e-25
0 31 34 1.60811e-25
0 31 35 1.09973e-25
0 31 36 7.22571e-26
0 31 37 4.56147e-26
0 31 38 2.76667e-26
0 31 39 1.61227e-26
0 31 40 9.0271e-27
0 31 41 4.85608e-27
0 31 42 2.50987e-27
0 31 43 1.24636e-27
0 31 44 5.94658e-28
0 31 45 2.72595e-28
0 31 46 1.20059e-28
0 31 47 5.08046e-29
0 31 48 2.06556e-29
0 31 49 3.61449e-48
0 32 0 1.04598e-48
0 32 1 6.22134e-30
0 32 2 1.59265e-29
0 32 3 3.91729e-29
0 32 4 9.25719e-29
0 32 5 2.10185e-28
0 32 6 4.58512e-28
0 32 7 9.61011e-28
0 32 8 1.93524e-27
0 32 9 3.74429e-27
0 32 10 6.96036e-27
0 32 11 1.24315e-26
0 32 12 2.13325e-26
0 32 13 3.51713e-26
0 32 14 5.5714e-26
0 32 15 8.47945e-26
0 32 16 1.23994e-25
0 32 17 1.74205e-25
0 32 18 2.35152e-25
0 32 19 3.04975e-25
0 32 20 3.80023e-25
0 32 21 4.5497e-25
0 32 22 5.2334e-25
0 32 23 5.7838e-25
0 32 24 6.14145e-25
0 32 25 6.26551e-25
0 32 26 6.14145e-25
0 32 27 5.7838e-25
0 32 28 5.2334e-25
0 32 29 4.5497e-25
0 32 30 3.80023e-25
0 32 31 3.04975e-25
0 32 32 2.35152e-25
0 32 33 1.74205e-25
0 32 34 1.23994e-25
0 32 35 8.47945e-26
0 32 36 5.5714e-26
0 32 37 3.51713e-26
0 32 38 2.13325e-26
0 32 39 1.24315e-26
0 32 40 6.96036e-27
0 32 41 3.74429e-27
0 32 42 1.93524e-27
0 32 43 9.61011e-28
0 32 44 4.58512e-28
0 32 45 2.10185e-28
0 32 46 9.25719e-29
0 32 47 3.91729e-29
0 32 48 1.59265e-29
0 32 49 2.78696e-48
0 33 0 7.74878e-49
0 33 1 4.60889e-30
0 33 2 1.17987e-29
0 33 3 2.902e-29
0 33 4 6.8579e-29
0 33 5 1.55709e-28
0 33 6 3.39674e-28
0 33 7 7.11935e-28
0 33 8 1.43366e-27
0 33 9 2.77383e-27
0 33 10 5.15636e-27
0 33 11 9.20946e-27
0 33 12 1.58035e-26
0 33 13 2.60555e-26
0 33 14 4.12739e-26
0 33 15 6.28173e-26
0 33 16 9.18568e-26
0 33 17 1.29054e-25
0 33 18 1.74205e-25
0 33 19 2.25931e-25
0 33 20 2.81528e-25
0 33 21 3.3705e-25
0 33 22 3.877e-25
0 33 23 4.28474e-25
0 33 24 4.5497e-25
0 33 25 4.64161e-25
0 33 26 4.5497e-25
0 33 27 4.28474e-25
0 33 28 3.877e-25
0 33 29 3.3705e-25
0 33 30 2.81528e-25
0 33 31 2.25931e-25
0 33 32 1.74205e-25
0 33 33 1.29054e-25
0 33 34 9.18568e-26
0 33 35 6.28173e-26
0 33 36 4.12739e-26
0 33 37 2.60555e-26
0 33 38 1.58035e-26
0 33 39 9.20946e-27
0 33 40 5.15636e-27
0 33 41 2.77383e-27
0 33 42 1.43366e-27
0 33 43 7.11935e-28
0 33 44 3.39674e-28
0 33 45 1.55709e-28
0 33 46 6.8579e-29
0 33 47 2.902e-29
0 33 48 1.17987e-29
0 33 49 2.06463e-48
0 34 0 5.51535e-49
0 34 1 3.28047e-30
0 34 2 8.39794e-30
0 34 3 2.06556e-29
0 34 4 4.88125e-29
0 34 5 1.10829e-28
0 34 6 2.4177e-28
0 34 7 5.06734e-28
0 34 8 1.02044e-27
0 34 9 1.97433e-27
0 34 10 3.67014e-27
0 34 11 6.55502e-27
0 34 12 1.12485e-26
0 34 13 1.85456e-26
0 34 14 2.93775e-26
0 34 15 4.47115e-26
0 34 16 6.53809e-26
0 34 17 9.18568e-26
0 34 18 1.23994e-25
0 34 19 1.60811e-25
0 34 20 2.00383e-25
0 34 21 2.39902e-25
0 34 22 2.75953e-25
0 34 23 3.04975e-25
0 34 24 3.23834e-25
0 34 25 3.30376e-25
0 34 26 3.23834e-25
0 34 27 3.04975e-25
0 34 28 2.75953e-25
0 34 29 2.39902e-25
0 34 30 2.00383e-25
0 34 31 1.60811e-25
0 34 32 1.23994e-25
0 34 33 9.18568e-26
0 34 34 6.53809e-26
0 34 35 4.47115e-26
0 34 36 2.93775e-26
0 34 37 1.85456e-26
0 34 38 1.12485e-26
0 34 39 6.55502e-27
0 34 40 3.67014e-27
0 34 41 1.97433e-27
0 34 42 1.02044e-27
0 34 43 5.06734e-28
0 34 44 2.4177e-28
0 34 45 1.10829e-28
0 34 46 4.88125e-29
0 34 47 2.06556e-29
0 34 48 8.39794e-30
0 34 49 1.46954e-48
0 35 0 3.77174e-49
0 35 1 2.24339e-30
0 35 2 5.74302e-30
0 35 3 1.41256e-29
0 35 4 3.3381e-29
0 35 5 7.57915e-29
0 35 6 1.65337e-28
0 35 7 3.46536e-28
0 35 8 6.97837e-28
0 35 9 1.35017e-27
0 35 10 2.50987e-27
0 35 11 4.48272e-27
0 35 12 7.69238e-27
0 35 13 1.26826e-26
0 35 14 2.00902e-26
0 35 15 3.05765e-26
0 35 16 4.47115e-26
0 35 17 6.28173e-26
0 35 18 8.47945e-26
0 35 19 1.09973e-25
0 35 20 1.37034e-25
0 35 21 1.6406e-25
0 35 22 1.88714e-25
0 35 23 2.08561e-25
0 35 24 2.21458e-25
0 35 25 2.25931e-25
0 35 26 2.21458e-25
0 35 27 2.08561e-25
0 35 28 1.88714e-25
0 35 29 1.6406e-25
0 35 30 1.37034e-25
0 35 31 1.09973e-25
0 35 32 8.47945e-26
0 35 33 6.28173e-26
0 35 34 4.47115e-26
0 35 35 3.05765e-26
0 35 36 2.00902e-26
0 35 37 1.26826e-26
0 35 38 7.69238e-27
0 35 39 4.48272e-27
0 35 40 2.50987e-27
0 35 41 1.35017e-27
0 35 42 6.97837e-28
0 35 43 3.46536e-28
0 35 44 1.65337e-28
0 35 45 7.57915e-29
0 35 46 3.3381e-29
0 35 47 1.41256e-29
0 35 48 5.74302e-30
0 35 49 1.00496e-48
0 36 0 2.47821e-49
0 36 1 1.47401e-30
0 36 2 3.77344e-30
0 36 3 9.28116e-30
0 36 4 2.19329e-29
0 36 5 4.97986e-29
0 36 6 1.08634e-28
0 36 7 2.2769e-28
0 36 8 4.58512e-28
0 36 9 8.87125e-28
0 36 10 1.6491e-27
0 36 11 2.94536e-27
0 36 12 5.05426e-27
0 36 13 8.33306e-27
0 36 14 1.32002e-26
0 36 15 2.00902e-26
0 36 16 2.93775e-26
0 36 17 4.12739e-26
0 36 18 5.5714e-26
0 36 19 7.22571e-26
0 36 20 9.00379e-26
0 36 21 1.07795e-25
0 36 22 1.23994e-25
0 36 23 1.37034e-25
0 36 24 1.45508e-25
0 36 25 1.48447e-25
0 36 26 1.45508e-25
0 36 27 1.37034e-25
0 36 28 1.23994e-25
0 36 29 1.07795e-25
0 36 30 9.00379e-26
0 36 31 7.22571e-26
0 36 32 5.5714e-26
0 36 33 4.12739e-26
0 36 34 2.93775e-26
0 36 35 2.00902e-26
0 36 36 1.32002e-26
0 36 37 8.33306e-27
0 36 38 5.05426e-27
0 36 39 2.94536e-27
0 36 40 1.6491e-27
0 36 41 8.87125e-28
0 36 42 4.58512e-28
0 36 43 2.2769e-28
0 36 44 1.08634e-28
0 36 45 4.97986e-29
0 36 46 2.19329e-29
0 36 47 9.28116e-30
0 36 48 3.77344e-30
0 36 49 6.60308e-49
0 37 0 1.56445e-49
0 37 1 9.30518e-31
0 37 2 2.38211e-30
0 37 3 5.85904e-30
0 37 4 1.38459e-29
0 37 5 3.1437e-29
0 37 6 6.8579e-29
0 37 7 1.43737e-28
0 37 8 2.89451e-28
0 37 9 5.60028e-28
0 37 10 1.04105e-27
0 37 11 1.85936e-27
0 37 12 3.19067e-27
0 37 13 5.26052e-27
0 37 14 8.33306e-27
0 37 15 1.26826e-26
0 37 16 1.85456e-26
0 37 17 2.60555e-26
0 37 18 3.51713e-26
0 37 19 4.56147e-26
0 37 20 5.68395e-26
0 37 21 6.80492e-26
0 37 22 7.82752e-26
0 37 23 8.65075e-26
0 37 24 9.18568e-26
0 37 25 9.37124e-26
0 37 26 9.18568e-26
0 37 27 8.65075e-26
0 37 28 7.82752e-26
0 37 29 6.80492e-26
0 37 30 5.68395e-26
0 37 31 4.56147e-26
0 37 32 3.51713e-26
0 37 33 2.60555e-26
0 37 34 1.85456e-26
0 37 35 1.26826e-26
0 37 36 8.33306e-27
0 37 37 5.26052e-27
0 37 38 3.19067e-27
0 37 39 1.85936e-27
0 37 40 1.04105e-27
0 37 41 5.60028e-28
0 37 42 2.89451e-28
0 37 43 1.43737e-28
0 37 44 6.8579e-29
0 37 45 3.1437e-29
0 37 46 1.38459e-29
0 37 47 5.85904e-30
0 37 48 2.38211e-30
0 37 49 4.16842e-49
0 38 0 9.48888e-50
0 38 1 5.64388e-31
0 38 2 1.44482e-30
0 38 3 3.55369e-30
0 38 4 8.39794e-30
0 38 5 1.90675e-29
0 38 6 4.15953e-29
0 38 7 8.7181e-29
0 38 8 1.75561e-28
0 38 9 3.39674e-28
0 38 10 6.31429e-28
0 38 11 1.12776e-27
0 38 12 1.93524e-27
0 38 13 3.19067e-27
0 38 14 5.05426e-27
0 38 15 7.69238e-27
0 38 16 1.12485e-26
0 38 17 1.58035e-26
0 38 18 2.13325e-26
0 38 19 2.76667e-26
0 38 20 3.44749e-26
0 38 21 4.12739e-26
0 38 22 4.74763e-26
0 38 23 5.24694e-26
0 38 24 5.5714e-26
0 38 25 5.68395e-26
0 38 26 5.5714e-26
0 38 27 5.24694e-26
0 38 28 4.74763e-26
0 38 29 4.12739e-26
0 38 30 3.44749e-26
0 38 31 2.76667e-26
0 38 32 2.13325e-26
0 38 33 1.58035e-26
0 38 34 1.12485e-26
0 38 35 7.69238e-27
0 38 36 5.05426e-27
0 38 37 3.19067e-27
0 38 38 1.93524e-27
0 38 39 1.12776e-27
0 38 40 6.31429e-28
0 38 41 3.39674e-28
0 38 42 1.75561e-28
0 38 43 8.7181e-29
0 38 44 4.15953e-29
0 38 45 1.90675e-29
0 38 46 8.39794e-30
0 38 47 3.55369e-30
0 38 48 1.44482e-30
0 38 49 2.52827e-49
0 39 0 5.52963e-50
0 39 1 3.28896e-31
0 39 2 8.41967e-31
0 39 3 2.07091e-30
0 39 4 4.89388e-30
0 39 5 1.11116e-29
0 39 6 2.42396e-29
0 39 7 5.08046e-29
0 39 8 1.02308e-28
0 39 9 1.97944e-28
0 39 10 3.67964e-28
0 39 11 6.57198e-28
0 39 12 1.12776e-27
0 39 13 1.85936e-27
0 39 14 2.94536e-27
0 39 15 4.48272e-27
0 39 16 6.55502e-27
0 39 17 9.20946e-27
0 39 18 1.24315e-26
0 39 19 1.61227e-26
0 39 20 2.00902e-26
0 39 21 2.40523e-26
0 39 22 2.76667e-26
0 39 23 3.05765e-26
0 39 24 3.24672e-26
0 39 25 3.31231e-26
0 39 26 3.24672e-26
0 39 27 3.05765e-26
0 39 28 2.76667e-26
0 39 29 2.40523e-26
0 39 30 2.00902e-26
0 39 31 1.61227e-26
0 39 32 1.24315e-26
0 39 33 9.20946e-27
0 39 34 6.55502e-27
0 39 35 4.48272e-27
0 39 36 2.94536e-27
0 39 37 1.85936e-27
0 39 38 1.12776e-27
0 39 39 6.57198e-28
0 39 40 3.67964e-28
0 39 41 1.97944e-28
0 39 42 1.02308e-28
0 39 43 5.08046e-29
0 39 44 2.42396e-29
0 39 45 1.11116e-29
0 39 46 4.89388e-30
0 39 47 2.07091e-30
0 39 48 8.41967e-31
0 39 49 1.47335e-49
0 40 0 3.09603e-50
0 40 1 1.84148e-31
0 40 2 4.71416e-31
0 40 3 1.1595e-30
0 40 4 2.74008e-30
0 40 5 6.22134e-30
0 40 6 1.35717e-29
0 40 7 2.84454e-29
0 40 8 5.7282e-29
0 40 9 1.10829e-28
0 40 10 2.06023e-28
0 40 11 3.67964e-28
0 40 12 6.31429e-28
0 40 13 1.04105e-27
0 40 14 1.6491e-27
0 40 15 2.50987e-27
0 40 16 3.67014e-27
0 40 17 5.15636e-27
0 40 18 6.96036e-27
0 40 19 9.0271e-27
0 40 20 1.12485e-26
0 40 21 1.34668e-26
0 40 22 1.54906e-26
0 40 23 1.71197e-26
0 40 24 1.81783e-26
0 40 25 1.85456e-26
0 40 26 1.81783e-26
0 40 27 1.71197e-26
0 40 28 1.54906e-26
0 40 29 1.34668e-26
0 40 30 1.12485e-26
0 40 31 9.0271e-27
0 40 32 6.96036e-27
0 40 33 5.15636e-27
0 40 34 3.67014e-27
0 40 35 2.50987e-27
0 40 36 1.6491e-27
0 40 37 1.04105e-27
0 40 38 6.31429e-28
0 40 39 3.67964e-28
0 40 40 2.06023e-28
0 40 41 1.10829e-28
0 40 42 5.7282e-29
0 40 43 2.84454e-29
0 40 44 1.35717e-29
0 40 45 6.22134e-30
0 40 46 2.74008e-30
0 40 47 1.1595e-30
0 40 48 4.71416e-31
0 40 49 8.24924e-50
0 41 0 1.66549e-50
0 41 1 9.90615e-32
0 41 2 2.53596e-31
0 41 3 6.23745e-31
0 41 4 1.47401e-30
0 41 5 3.34674e-30
