0 0 0 1.63381e-99
0 0 1 1.37741e-71
0 0 2 3.52613e-71
0 0 3 8.67289e-71
0 0 4 2.04954e-70
0 0 5 4.65349e-70
0 0 6 1.01515e-69
0 0 7 2.12768e-69
0 0 8 4.28462e-69
0 0 9 8.28985e-69
0 0 10 1.54102e-68
0 0 11 2.75233e-68
0 0 12 4.72301e-68
0 0 13 7.78693e-68
0 0 14 1.23351e-67
0 0 15 1.87735e-67
0 0 16 2.74522e-67
0 0 17 3.85689e-67
0 0 18 5.20626e-67
0 0 19 6.75215e-67
0 0 20 8.4137e-67
0 0 21 1.0073e-66
0 0 22 1.15867e-66
0 0 23 1.28053e-66
0 0 24 1.35972e-66
0 0 25 1.38718e-66
0 0 26 1.35972e-66
0 0 27 1.28053e-66
0 0 28 1.15867e-66
0 0 29 1.0073e-66
0 0 30 8.4137e-67
0 0 31 6.75215e-67
0 0 32 5.20626e-67
0 0 33 3.85689e-67
0 0 34 2.74522e-67
0 0 35 1.87735e-67
0 0 36 1.23351e-67
0 0 37 7.78693e-68
0 0 38 4.72301e-68
0 0 39 2.75233e-68
0 0 40 1.54102e-68
0 0 41 8.28985e-69
0 0 42 4.28462e-69
0 0 43 2.12768e-69
0 0 44 1.01515e-69
0 0 45 4.65349e-70
0 0 46 2.04954e-70
0 0 47 8.67289e-71
0 0 48 3.52613e-71
0 0 49 4.35321e-99
0 1 0 1.37741e-71
0 1 1 1.16124e-43
0 1 2 2.97275e-43
0 1 3 7.3118e-43
0 1 4 1.7279e-42
0 1 5 3.92319e-42
0 1 6 8.55832e-42
0 1 7 1.79377e-41
0 1 8 3.61221e-41
0 1 9 6.98887e-41
0 1 10 1.29918e-40
0 1 11 2.32039e-40
0 1 12 3.9818e-40
0 1 13 6.56488e-40
0 1 14 1.03993e-39
0 1 15 1.58273e-39
0 1 16 2.3144e-39
0 1 17 3.2516e-39
0 1 18 4.38921e-39
0 1 19 5.6925e-39
0 1 20 7.09329e-39
0 1 21 8.49221e-39
0 1 22 9.76836e-39
0 1 23 1.07957e-38
0 1 24 1.14633e-38
0 1 25 1.16949e-38
0 1 26 1.14633e-38
0 1 27 1.07957e-38
0 1 28 9.76836e-39
0 1 29 8.49221e-39
0 1 30 7.09329e-39
0 1 31 5.6925e-39
0 1 32 4.38921e-39
0 1 33 3.2516e-39
0 1 34 2.3144e-39
0 1 35 1.58273e-39
0 1 36 1.03993e-39
0 1 37 6.56488e-40
0 1 38 3.9818e-40
0 1 39 2.32039e-40
0 1 40 1.29918e-40
0 1 41 6.98887e-41
0 1 42 3.61221e-41
0 1 43 1.79377e-41
0 1 44 8.55832e-42
0 1 45 3.92319e-42
0 1 46 1.7279e-42
0 1 47 7.3118e-43
0 1 48 2.97275e-43
0 1 49 3.67004e-71
0 2 0 3.52613e-71
0 2 1 2.97275e-43
0 2 2 7.6102e-43
0 2 3 1.87181e-42
0 2 4 4.42338e-42
0 2 5 1.00433e-41
0 2 6 2.19091e-41
0 2 7 4.59201e-41
0 2 8 9.24718e-41
0 2 9 1.78914e-40
0 2 10 3.32588e-40
0 2 11 5.94015e-40
0 2 12 1.01933e-39
0 2 13 1.6806e-39
0 2 14 2.66219e-39
0 2 15 4.05175e-39
0 2 16 5.92481e-39
0 2 17 8.32405e-39
0 2 18 1.12363e-38
0 2 19 1.45727e-38
0 2 20 1.81587e-38
0 2 21 2.17399e-38
0 2 22 2.50068e-38
0 2 23 2.76368e-38
0 2 24 2.93458e-38
0 2 25 2.99386e-38
0 2 26 2.93458e-38
0 2 27 2.76368e-38
0 2 28 2.50068e-38
0 2 29 2.17399e-38
0 2 30 1.81587e-38
0 2 31 1.45727e-38
0 2 32 1.12363e-38
0 2 33 8.32405e-39
0 2 34 5.92481e-39
0 2 35 4.05175e-39
0 2 36 2.66219e-39
0 2 37 1.6806e-39
0 2 38 1.01933e-39
0 2 39 5.94015e-40
0 2 40 3.32588e-40
0 2 41 1.78914e-40
0 2 42 9.24718e-41
0 2 43 4.59201e-41
0 2 44 2.19091e-41
0 2 45 1.00433e-41
0 2 46 4.42338e-42
0 2 47 1.87181e-42
0 2 48 7.6102e-43
0 2 49 9.39523e-71
0 3 0 8.67289e-71
0 3 1 7.3118e-43
0 3 2 1.87181e-42
0 3 3 4.6039e-42
0 3 4 1.08798e-41
0 3 5 2.47025e-41
0 3 6 5.38878e-41
0 3 7 1.12945e-40
0 3 8 2.27444e-40
0 3 9 4.40057e-40
0 3 10 8.18034e-40
0 3 11 1.46104e-39
0 3 12 2.50716e-39
0 3 13 4.1336e-39
0 3 14 6.54793e-39
0 3 15 9.9657e-39
0 3 16 1.45727e-38
0 3 17 2.04739e-38
0 3 18 2.76368e-38
0 3 19 3.5843e-38
0 3 20 4.46631e-38
0 3 21 5.34715e-38
0 3 22 6.15069e-38
0 3 23 6.79756e-38
0 3 24 7.2179e-38
0 3 25 7.36371e-38
0 3 26 7.2179e-38
0 3 27 6.79756e-38
0 3 28 6.15069e-38
0 3 29 5.34715e-38
0 3 30 4.46631e-38
0 3 31 3.5843e-38
0 3 32 2.76368e-38
0 3 33 2.04739e-38
0 3 34 1.45727e-38
0 3 35 9.9657e-39
0 3 36 6.54793e-39
0 3 37 4.1336e-39
0 3 38 2.50716e-39
0 3 39 1.46104e-39
0 3 40 8.18034e-40
0 3 41 4.40057e-40
0 3 42 2.27444e-40
0 3 43 1.12945e-40
0 3 44 5.38878e-41
0 3 45 2.47025e-41
0 3 46 1.08798e-41
0 3 47 4.6039e-42
0 3 48 1.87181e-42
0 3 49 2.31085e-70
0 4 0 2.04954e-70
0 4 1 1.7279e-42
0 4 2 4.42338e-42
0 4 3 1.08798e-41
0 4 4 2.57106e-41
0 4 5 5.8376e-41
0 4 6 1.27346e-40
0 4 7 2.66908e-40
0 4 8 5.37487e-40
0 4 9 1.03993e-39
0 4 10 1.93315e-39
0 4 11 3.45267e-39
0 4 12 5.92481e-39
0 4 13 9.76836e-39
0 4 14 1.54738e-38
0 4 15 2.35505e-38
0 4 16 3.44376e-38
0 4 17 4.8383e-38
0 4 18 6.53102e-38
0 4 19 8.47028e-38
0 4 20 1.05546e-37
0 4 21 1.26362e-37
0 4 22 1.45351e-37
0 4 23 1.60637e-37
0 4 24 1.70571e-37
0 4 25 1.74016e-37
0 4 26 1.70571e-37
0 4 27 1.60637e-37
0 4 28 1.45351e-37
0 4 29 1.26362e-37
0 4 30 1.05546e-37
0 4 31 8.47028e-38
0 4 32 6.53102e-38
0 4 33 4.8383e-38
0 4 34 3.44376e-38
0 4 35 2.35505e-38
0 4 36 1.54738e-38
0 4 37 9.76836e-39
0 4 38 5.92481e-39
0 4 39 3.45267e-39
0 4 40 1.93315e-39
0 4 41 1.03993e-39
0 4 42 5.37487e-40
0 4 43 2.66908e-40
0 4 44 1.27346e-40
0 4 45 5.8376e-41
0 4 46 2.57106e-41
0 4 47 1.08798e-41
0 4 48 4.42338e-42
0 4 49 5.46092e-70
0 5 0 4.65349e-70
0 5 1 3.92319e-42
0 5 2 1.00433e-41
0 5 3 2.47025e-41
0 5 4 5.8376e-41
0 5 5 1.32543e-40
0 5 6 2.89138e-40
0 5 7 6.06015e-40
0 5 8 1.22036e-39
0 5 9 2.36115e-39
0 5 10 4.38921e-39
0 5 11 7.83929e-39
0 5 12 1.34523e-38
0 5 13 2.21791e-38
0 5 14 3.51333e-38
0 5 15 5.34715e-38
0 5 16 7.81905e-38
0 5 17 1.09854e-37
0 5 18 1.48287e-37
0 5 19 1.92318e-37
0 5 20 2.39643e-37
0 5 21 2.86904e-37
0 5 22 3.30019e-37
0 5 23 3.64727e-37
0 5 24 3.8728e-37
0 5 25 3.95104e-37
0 5 26 3.8728e-37
0 5 27 3.64727e-37
0 5 28 3.30019e-37
0 5 29 2.86904e-37
0 5 30 2.39643e-37
0 5 31 1.92318e-37
0 5 32 1.48287e-37
0 5 33 1.09854e-37
0 5 34 7.81905e-38
0 5 35 5.34715e-38
0 5 36 3.51333e-38
0 5 37 2.21791e-38
0 5 38 1.34523e-38
0 5 39 7.83929e-39
0 5 40 4.38921e-39
0 5 41 2.36115e-39
0 5 42 1.22036e-39
0 5 43 6.06015e-40
0 5 44 2.89138e-40
0 5 45 1.32543e-40
0 5 46 5.8376e-41
0 5 47 2.47025e-41
0 5 48 1.00433e-41
0 5 49 1.2399e-69
0 6 0 1.01515e-69
0 6 1 8.55832e-42
0 6 2 2.19091e-41
0 6 3 5.38878e-41
0 6 4 1.27346e-40
0 6 5 2.89138e-40
0 6 6 6.30746e-40
0 6 7 1.322e-39
0 6 8 2.66219e-39
0 6 9 5.15078e-39
0 6 10 9.57493e-39
0 6 11 1.71012e-38
0 6 12 2.93458e-38
0 6 13 4.8383e-38
0 6 14 7.66423e-38
0 6 15 1.16647e-37
0 6 16 1.70571e-37
0 6 17 2.39643e-37
0 6 18 3.23484e-37
0 6 19 4.19536e-37
0 6 20 5.22774e-37
0 6 21 6.25874e-37
0 6 22 7.19926e-37
0 6 23 7.95642e-37
0 6 24 8.44841e-37
0 6 25 8.61908e-37
0 6 26 8.44841e-37
0 6 27 7.95642e-37
0 6 28 7.19926e-37
0 6 29 6.25874e-37
0 6 30 5.22774e-37
0 6 31 4.19536e-37
0 6 32 3.23484e-37
0 6 33 2.39643e-37
0 6 34 1.70571e-37
0 6 35 1.16647e-37
0 6 36 7.66423e-38
0 6 37 4.8383e-38
0 6 38 2.93458e-38
0 6 39 1.71012e-38
0 6 40 9.57493e-39
0 6 41 5.15078e-39
0 6 42 2.66219e-39
0 6 43 1.322e-39
0 6 44 6.30746e-40
0 6 45 2.89138e-40
0 6 46 1.27346e-40
0 6 47 5.38878e-41
0 6 48 2.19091e-41
0 6 49 2.70481e-69
0 7 0 2.12768e-69
0 7 1 1.79377e-41
0 7 2 4.59201e-41
0 7 3 1.12945e-40
0 7 4 2.66908e-40
0 7 5 6.06015e-40
0 7 6 1.322e-39
0 7 7 2.77083e-39
0 7 8 5.57978e-39
0 7 9 1.07957e-38
0 7 10 2.00684e-38
0 7 11 3.5843e-38
0 7 12 6.15069e-38
0 7 13 1.01408e-37
0 7 14 1.60637e-37
0 7 15 2.44484e-37
0 7 16 3.57505e-37
0 7 17 5.02275e-37
0 7 18 6.78001e-37
0 7 19 8.7932e-37
0 7 20 1.0957e-36
0 7 21 1.31179e-36
0 7 22 1.50892e-36
0 7 23 1.66761e-36
0 7 24 1.77073e-36
0 7 25 1.8065e-36
0 7 26 1.77073e-36
0 7 27 1.66761e-36
0 7 28 1.50892e-36
0 7 29 1.31179e-36
0 7 30 1.0957e-36
0 7 31 8.7932e-37
0 7 32 6.78001e-37
0 7 33 5.02275e-37
0 7 34 3.57505e-37
0 7 35 2.44484e-37
0 7 36 1.60637e-37
0 7 37 1.01408e-37
0 7 38 6.15069e-38
0 7 39 3.5843e-38
0 7 40 2.00684e-38
0 7 41 1.07957e-38
0 7 42 5.57978e-39
0 7 43 2.77083e-39
0 7 44 1.322e-39
0 7 45 6.06015e-40
0 7 46 2.66908e-40
0 7 47 1.12945e-40
0 7 48 4.59201e-41
0 7 49 5.66911e-69
0 8 0 4.28462e-69
0 8 1 3.61221e-41
0 8 2 9.24718e-41
0 8 3 2.27444e-40
0 8 4 5.37487e-40
0 8 5 1.22036e-39
0 8 6 2.66219e-39
0 8 7 5.57978e-39
0 8 8 1.12363e-38
0 8 9 2.17399e-38
0 8 10 4.04129e-38
0 8 11 7.2179e-38
0 8 12 1.2386e-37
0 8 13 2.0421e-37
0 8 14 3.23484e-37
0 8 15 4.9233e-37
0 8 16 7.19926e-37
0 8 17 1.01146e-36
0 8 18 1.36533e-36
0 8 19 1.77073e-36
0 8 20 2.20647e-36
0 8 21 2.64162e-36
0 8 22 3.03859e-36
0 8 23 3.35816e-36
0 8 24 3.56582e-36
0 8 25 3.63785e-36
0 8 26 3.56582e-36
0 8 27 3.35816e-36
0 8 28 3.03859e-36
0 8 29 2.64162e-36
0 8 30 2.20647e-36
0 8 31 1.77073e-36
0 8 32 1.36533e-36
0 8 33 1.01146e-36
0 8 34 7.19926e-37
0 8 35 4.9233e-37
0 8 36 3.23484e-37
0 8 37 2.0421e-37
0 8 38 1.2386e-37
0 8 39 7.2179e-38
0 8 40 4.04129e-38
0 8 41 2.17399e-38
0 8 42 1.12363e-38
0 8 43 5.57978e-39
0 8 44 2.66219e-39
0 8 45 1.22036e-39
0 8 46 5.37487e-40
0 8 47 2.27444e-40
0 8 48 9.24718e-41
0 8 49 1.14162e-68
0 9 0 8.28985e-69
0 9 1 6.98887e-41
0 9 2 1.78914e-40
0 9 3 4.40057e-40
0 9 4 1.03993e-39
0 9 5 2.36115e-39
0 9 6 5.15078e-39
0 9 7 1.07957e-38
0 9 8 2.17399e-38
0 9 9 4.20622e-38
0 9 10 7.81905e-38
0 9 11 1.39651e-37
0 9 12 2.39643e-37
0 9 13 3.95104e-37
0 9 14 6.25874e-37
0 9 15 9.52556e-37
0 9 16 1.39291e-36
0 9 17 1.95696e-36
0 9 18 2.64162e-36
0 9 19 3.426e-36
0 9 20 4.26906e-36
0 9 21 5.11099e-36
0 9 22 5.87904e-36
0 9 23 6.49734e-36
0 9 24 6.89912e-36
0 9 25 7.03849e-36
0 9 26 6.89912e-36
0 9 27 6.49734e-36
0 9 28 5.87904e-36
0 9 29 5.11099e-36
0 9 30 4.26906e-36
0 9 31 3.426e-36
0 9 32 2.64162e-36
0 9 33 1.95696e-36
0 9 34 1.39291e-36
0 9 35 9.52556e-37
0 9 36 6.25874e-37
0 9 37 3.95104e-37
0 9 38 2.39643e-37
0 9 39 1.39651e-37
0 9 40 7.81905e-38
0 9 41 4.20622e-38
0 9 42 2.17399e-38
0 9 43 1.07957e-38
0 9 44 5.15078e-39
0 9 45 2.36115e-39
0 9 46 1.03993e-39
0 9 47 4.40057e-40
0 9 48 1.78914e-40
0 9 49 2.20879e-68
0 10 0 1.54102e-68
0 10 1 1.29918e-40
0 10 2 3.32588e-40
0 10 3 8.18034e-40
0 10 4 1.93315e-39
0 10 5 4.38921e-39
0 10 6 9.57493e-39
0 10 7 2.00684e-38
0 10 8 4.04129e-38
0 10 9 7.81905e-38
0 10 10 1.45351e-37
0 10 11 2.59602e-37
0 10 12 4.45478e-37
0 10 13 7.3447e-37
0 10 14 1.16345e-36
0 10 15 1.77073e-36
0 10 16 2.58932e-36
0 10 17 3.63785e-36
0 10 18 4.91059e-36
0 10 19 6.36869e-36
0 10 20 7.93587e-36
0 10 21 9.50097e-36
0 10 22 1.09287e-35
0 10 23 1.20781e-35
0 10 24 1.2825e-35
0 10 25 1.3084e-35
0 10 26 1.2825e-35
0 10 27 1.20781e-35
0 10 28 1.09287e-35
0 10 29 9.50097e-36
0 10 30 7.93587e-36
0 10 31 6.36869e-36
0 10 32 4.91059e-36
0 10 33 3.63785e-36
0 10 34 2.58932e-36
0 10 35 1.77073e-36
0 10 36 1.16345e-36
0 10 37 7.3447e-37
0 10 38 4.45478e-37
0 10 39 2.59602e-37
0 10 40 1.45351e-37
0 10 41 7.81905e-38
0 10 42 4.04129e-38
0 10 43 2.00684e-38
0 10 44 9.57493e-39
0 10 45 4.38921e-39
0 10 46 1.93315e-39
0 10 47 8.18034e-40
0 10 48 3.32588e-40
0 10 49 4.10599e-68
0 11 0 2.75233e-68
0 11 1 2.32039e-40
0 11 2 5.94015e-40
0 11 3 1.46104e-39
0 11 4 3.45267e-39
0 11 5 7.83929e-39
0 11 6 1.71012e-38
0 11 7 3.5843e-38
0 11 8 7.2179e-38
0 11 9 1.39651e-37
0 11 10 2.59602e-37
0 11 11 4.63659e-37
0 11 12 7.95642e-37
0 11 13 1.31179e-36
0 11 14 2.07797e-36
0 11 15 3.1626e-36
0 11 16 4.62462e-36
0 11 17 6.49734e-36
0 11 18 8.7705e-36
0 11 19 1.13747e-35
0 11 20 1.41738e-35
0 11 21 1.69691e-35
0 11 22 1.95191e-35
0 11 23 2.15719e-35
0 11 24 2.29059e-35
0 11 25 2.33686e-35
0 11 26 2.29059e-35
0 11 27 2.15719e-35
0 11 28 1.95191e-35
0 11 29 1.69691e-35
0 11 30 1.41738e-35
0 11 31 1.13747e-35
0 11 32 8.7705e-36
0 11 33 6.49734e-36
0 11 34 4.62462e-36
0 11 35 3.1626e-36
0 11 36 2.07797e-36
0 11 37 1.31179e-36
0 11 38 7.95642e-37
0 11 39 4.63659e-37
0 11 40 2.59602e-37
0 11 41 1.39651e-37
0 11 42 7.2179e-38
0 11 43 3.5843e-38
0 11 44 1.71012e-38
0 11 45 7.83929e-39
0 11 46 3.45267e-39
0 11 47 1.46104e-39
0 11 48 5.94015e-40
0 11 49 7.33345e-68
0 12 0 4.72301e-68
0 12 1 3.9818e-40
0 12 2 1.01933e-39
0 12 3 2.50716e-39
0 12 4 5.92481e-39
0 12 5 1.34523e-38
0 12 6 2.93458e-38
0 12 7 6.15069e-38
0 12 8 1.2386e-37
0 12 9 2.39643e-37
0 12 10 4.45478e-37
0 12 11 7.95642e-37
0 12 12 1.36533e-36
0 12 13 2.25104e-36
0 12 14 3.56582e-36
0 12 15 5.42704e-36
0 12 16 7.93587e-36
0 12 17 1.11495e-35
0 12 18 1.50502e-35
0 12 19 1.95191e-35
0 12 20 2.43223e-35
0 12 21 2.91191e-35
0 12 22 3.34949e-35
0 12 23 3.70176e-35
0 12 24 3.93066e-35
0 12 25 4.01007e-35
0 12 26 3.93066e-35
0 12 27 3.70176e-35
0 12 28 3.34949e-35
0 12 29 2.91191e-35
0 12 30 2.43223e-35
0 12 31 1.95191e-35
0 12 32 1.50502e-35
0 12 33 1.11495e-35
0 12 34 7.93587e-36
0 12 35 5.42704e-36
0 12 36 3.56582e-36
0 12 37 2.25104e-36
0 12 38 1.36533e-36
0 12 39 7.95642e-37
0 12 40 4.45478e-37
0 12 41 2.39643e-37
0 12 42 1.2386e-37
0 12 43 6.15069e-38
0 12 44 2.93458e-38
0 12 45 1.34523e-38
0 12 46 5.92481e-39
0 12 47 2.50716e-39
0 12 48 1.01933e-39
0 12 49 1.25843e-67
0 13 0 7.78693e-68
0 13 1 6.56488e-40
0 13 2 1.6806e-39
0 13 3 4.1336e-39
0 13 4 9.76836e-39
0 13 5 2.21791e-38
0 13 6 4.8383e-38
0 13 7 1.01408e-37
0 13 8 2.0421e-37
0 13 9 3.95104e-37
0 13 10 7.3447e-37
0 13 11 1.31179e-36
0 13 12 2.25104e-36
0 13 13 3.71134e-36
0 13 14 5.87904e-36
0 13 15 8.94767e-36
0 13 16 1.3084e-35
0 13 17 1.83824e-35
0 13 18 2.48136e-35
0 13 19 3.21816e-35
0 13 20 4.01007e-35
0 13 21 4.80092e-35
0 13 22 5.52238e-35
0 13 23 6.10317e-35
0 13 24 6.48057e-35
0 13 25 6.61149e-35
0 13 26 6.48057e-35
0 13 27 6.10317e-35
0 13 28 5.52238e-35
0 13 29 4.80092e-35
0 13 30 4.01007e-35
0 13 31 3.21816e-35
0 13 32 2.48136e-35
0 13 33 1.83824e-35
0 13 34 1.3084e-35
0 13 35 8.94767e-36
0 13 36 5.87904e-36
0 13 37 3.71134e-36
0 13 38 2.25104e-36
0 13 39 1.31179e-36
0 13 40 7.3447e-37
0 13 41 3.95104e-37
0 13 42 2.0421e-37
0 13 43 1.01408e-37
0 13 44 4.8383e-38
0 13 45 2.21791e-38
0 13 46 9.76836e-39
0 13 47 4.1336e-39
0 13 48 1.6806e-39
0 13 49 2.07479e-67
0 14 0 1.23351e-67
0 14 1 1.03993e-39
0 14 2 2.66219e-39
0 14 3 6.54793e-39
0 14 4 1.54738e-38
0 14 5 3.51333e-38
0 14 6 7.66423e-38
0 14 7 1.60637e-37
0 14 8 3.23484e-37
0 14 9 6.25874e-37
0 14 10 1.16345e-36
0 14 11 2.07797e-36
0 14 12 3.56582e-36
0 14 13 5.87904e-36
0 14 14 9.31283e-36
0 14 15 1.41738e-35
0 14 16 2.07261e-35
0 14 17 2.91191e-35
0 14 18 3.93066e-35
0 14 19 5.0978e-35
0 14 20 6.35225e-35
0 14 21 7.60502e-35
0 14 22 8.74785e-35
0 14 23 9.66787e-35
0 14 24 1.02657e-34
0 14 25 1.04731e-34
0 14 26 1.02657e-34
0 14 27 9.66787e-35
0 14 28 8.74785e-35
0 14 29 7.60502e-35
0 14 30 6.35225e-35
0 14 31 5.0978e-35
0 14 32 3.93066e-35
0 14 33 2.91191e-35
0 14 34 2.07261e-35
0 14 35 1.41738e-35
0 14 36 9.31283e-36
0 14 37 5.87904e-36
0 14 38 3.56582e-36
0 14 39 2.07797e-36
0 14 40 1.16345e-36
0 14 41 6.25874e-37
0 14 42 3.23484e-37
0 14 43 1.60637e-37
0 14 44 7.66423e-38
0 14 45 3.51333e-38
0 14 46 1.54738e-38
0 14 47 6.54793e-39
0 14 48 2.66219e-39
0 14 49 3.28663e-67
0 15 0 1.87735e-67
0 15 1 1.58273e-39
0 15 2 4.05175e-39
0 15 3 9.9657e-39
0 15 4 2.35505e-38
0 15 5 5.34715e-38
0 15 6 1.16647e-37
0 15 7 2.44484e-37
0 15 8 4.9233e-37
0 15 9 9.52556e-37
0 15 10 1.77073e-36
0 15 11 3.1626e-36
0 15 12 5.42704e-36
0 15 13 8.94767e-36
0 15 14 1.41738e-35
0 15 15 2.15719e-35
0 15 16 3.15443e-35
0 15 17 4.43181e-35
0 15 18 5.98232e-35
0 15 19 7.75865e-35
0 15 20 9.66787e-35
0 15 21 1.15745e-34
0 15 22 1.33139e-34
0 15 23 1.47141e-34
0 15 24 1.5624e-34
0 15 25 1.59396e-34
0 15 26 1.5624e-34
0 15 27 1.47141e-34
0 15 28 1.33139e-34
0 15 29 1.15745e-34
0 15 30 9.66787e-35
0 15 31 7.75865e-35
0 15 32 5.98232e-35
0 15 33 4.43181e-35
0 15 34 3.15443e-35
0 15 35 2.15719e-35
0 15 36 1.41738e-35
0 15 37 8.94767e-36
0 15 38 5.42704e-36
0 15 39 3.1626e-36
0 15 40 1.77073e-36
0 15 41 9.52556e-37
0 15 42 4.9233e-37
0 15 43 2.44484e-37
0 15 44 1.16647e-37
0 15 45 5.34715e-38
0 15 46 2.35505e-38
0 15 47 9.9657e-39
0 15 48 4.05175e-39
0 15 49 5.00212e-67
0 16 0 2.74522e-67
0 16 1 2.3144e-39
0 16 2 5.92481e-39
0 16 3 1.45727e-38
0 16 4 3.44376e-38
0 16 5 7.81905e-38
0 16 6 1.70571e-37
0 16 7 3.57505e-37
0 16 8 7.19926e-37
0 16 9 1.39291e-36
0 16 10 2.58932e-36
0 16 11 4.62462e-36
0 16 12 7.93587e-36
0 16 13 1.3084e-35
0 16 14 2.07261e-35
0 16 15 3.15443e-35
0 16 16 4.61268e-35
0 16 17 6.48057e-35
0 16 18 8.74785e-35
0 16 19 1.13454e-34
0 16 20 1.41372e-34
0 16 21 1.69253e-34
0 16 22 1.94687e-34
0 16 23 2.15162e-34
0 16 24 2.28467e-34
0 16 25 2.33083e-34
0 16 26 2.28467e-34
0 16 27 2.15162e-34
0 16 28 1.94687e-34
0 16 29 1.69253e-34
0 16 30 1.41372e-34
0 16 31 1.13454e-34
0 16 32 8.74785e-35
0 16 33 6.48057e-35
0 16 34 4.61268e-35
0 16 35 3.15443e-35
0 16 36 2.07261e-35
0 16 37 1.3084e-35
0 16 38 7.93587e-36
0 16 39 4.62462e-36
0 16 40 2.58932e-36
0 16 41 1.39291e-36
0 16 42 7.19926e-37
0 16 43 3.57505e-37
0 16 44 1.70571e-37
0 16 45 7.81905e-38
0 16 46 3.44376e-38
0 16 47 1.45727e-38
0 16 48 5.92481e-39
0 16 49 7.31452e-67
0 17 0 3.85689e-67
0 17 1 3.2516e-39
0 17 2 8.32405e-39
0 17 3 2.04739e-38
0 17 4 4.8383e-38
0 17 5 1.09854e-37
0 17 6 2.39643e-37
0 17 7 5.02275e-37
0 17 8 1.01146e-36
0 17 9 1.95696e-36
0 17 10 3.63785e-36
0 17 11 6.49734e-36
0 17 12 1.11495e-35
0 17 13 1.83824e-35
0 17 14 2.91191e-35
0 17 15 4.43181e-35
0 17 16 6.48057e-35
0 17 17 9.10486e-35
0 17 18 1.22903e-34
0 17 19 1.59396e-34
0 17 20 1.9862e-34
0 17 21 2.37791e-34
0 17 22 2.73525e-34
0 17 23 3.02292e-34
0 17 24 3.20985e-34
0 17 25 3.27469e-34
0 17 26 3.20985e-34
0 17 27 3.02292e-34
0 17 28 2.73525e-34
0 17 29 2.37791e-34
0 17 30 1.9862e-34
0 17 31 1.59396e-34
0 17 32 1.22903e-34
0 17 33 9.10486e-35
0 17 34 6.48057e-35
0 17 35 4.43181e-35
0 17 36 2.91191e-35
0 17 37 1.83824e-35
0 17 38 1.11495e-35
0 17 39 6.49734e-36
0 17 40 3.63785e-36
0 17 41 1.95696e-36
0 17 42 1.01146e-36
0 17 43 5.02275e-37
0 17 44 2.39643e-37
0 17 45 1.09854e-37
0 17 46 4.8383e-38
0 17 47 2.04739e-38
0 17 48 8.32405e-39
0 17 49 1.02765e-66
0 18 0 5.20626e-67
0 18 1 4.38921e-39
0 18 2 1.12363e-38
0 18 3 2.76368e-38
0 18 4 6.53102e-38
0 18 5 1.48287e-37
0 18 6 3.23484e-37
0 18 7 6.78001e-37
0 18 8 1.36533e-36
0 18 9 2.64162e-36
0 18 10 4.91059e-36
0 18 11 8.7705e-36
0 18 12 1.50502e-35
0 18 13 2.48136e-35
0 18 14 3.93066e-35
0 18 15 5.98232e-35
0 18 16 8.74785e-35
0 18 17 1.22903e-34
0 18 18 1.65901e-34
0 18 19 2.15162e-34
0 18 20 2.68109e-34
0 18 21 3.20985e-34
0 18 22 3.6922e-34
0 18 23 4.08052e-34
0 18 24 4.33284e-34
0 18 25 4.42037e-34
0 18 26 4.33284e-34
0 18 27 4.08052e-34
0 18 28 3.6922e-34
0 18 29 3.20985e-34
0 18 30 2.68109e-34
0 18 31 2.15162e-34
0 18 32 1.65901e-34
0 18 33 1.22903e-34
0 18 34 8.74785e-35
0 18 35 5.98232e-35
0 18 36 3.93066e-35
0 18 37 2.48136e-35
0 18 38 1.50502e-35
0 18 39 8.7705e-36
0 18 40 4.91059e-36
0 18 41 2.64162e-36
0 18 42 1.36533e-36
0 18 43 6.78001e-37
0 18 44 3.23484e-37
0 18 45 1.48287e-37
0 18 46 6.53102e-38
0 18 47 2.76368e-38
0 18 48 1.12363e-38
0 18 49 1.38718e-66
0 19 0 6.75215e-67
0 19 1 5.6925e-39
0 19 2 1.45727e-38
0 19 3 3.5843e-38
0 19 4 8.47028e-38
0 19 5 1.92318e-37
0 19 6 4.19536e-37
0 19 7 8.7932e-37
0 19 8 1.77073e-36
0 19 9 3.426e-36
0 19 10 6.36869e-36
0 19 11 1.13747e-35
0 19 12 1.95191e-35
0 19 13 3.21816e-35
0 19 14 5.0978e-35
0 19 15 7.75865e-35
0 19 16 1.13454e-34
0 19 17 1.59396e-34
0 19 18 2.15162e-34
0 19 19 2.79051e-34
0 19 20 3.47719e-34
0 19 21 4.16295e-34
0 19 22 4.78853e-34
0 19 23 5.29214e-34
0 19 24 5.61939e-34
0 19 25 5.73291e-34
0 19 26 5.61939e-34
0 19 27 5.29214e-34
0 19 28 4.78853e-34
0 19 29 4.16295e-34
0 19 30 3.47719e-34
0 19 31 2.79051e-34
0 19 32 2.15162e-34
0 19 33 1.59396e-34
0 19 34 1.13454e-34
0 19 35 7.75865e-35
0 19 36 5.0978e-35
0 19 37 3.21816e-35
0 19 38 1.95191e-35
0 19 39 1.13747e-35
0 19 40 6.36869e-36
0 19 41 3.426e-36
0 19 42 1.77073e-36
0 19 43 8.7932e-37
0 19 44 4.19536e-37
0 19 45 1.92318e-37
0 19 46 8.47028e-38
0 19 47 3.5843e-38
0 19 48 1.45727e-38
0 19 49 1.79908e-66
0 20 0 8.4137e-67
0 20 1 7.09329e-39
0 20 2 1.81587e-38
0 20 3 4.46631e-38
0 20 4 1.05546e-37
0 20 5 2.39643e-37
0 20 6 5.22774e-37
0 20 7 1.0957e-36
0 20 8 2.20647e-36
0 20 9 4.26906e-36
0 20 10 7.93587e-36
0 20 11 1.41738e-35
0 20 12 2.43223e-35
0 20 13 4.01007e-35
0 20 14 6.35225e-35
0 20 15 9.66787e-35
0 20 16 1.41372e-34
0 20 17 1.9862e-34
0 20 18 2.68109e-34
0 20 19 3.47719e-34
0 20 20 4.33284e-34
0 20 21 5.18735e-34
0 20 22 5.96687e-34
0 20 23 6.59442e-34
0 20 24 7.00219e-34
0 20 25 7.14365e-34
0 20 26 7.00219e-34
0 20 27 6.59442e-34
0 20 28 5.96687e-34
0 20 29 5.18735e-34
0 20 30 4.33284e-34
0 20 31 3.47719e-34
0 20 32 2.68109e-34
0 20 33 1.9862e-34
0 20 34 1.41372e-34
0 20 35 9.66787e-35
0 20 36 6.35225e-35
0 20 37 4.01007e-35
0 20 38 2.43223e-35
0 20 39 1.41738e-35
0 20 40 7.93587e-36
0 20 41 4.26906e-36
0 20 42 2.20647e-36
0 20 43 1.0957e-36
0 20 44 5.22774e-37
0 20 45 2.39643e-37
0 20 46 1.05546e-37
0 20 47 4.46631e-38
0 20 48 1.81587e-38
0 20 49 2.24179e-66
0 21 0 1.0073e-66
0 21 1 8.49221e-39
0 21 2 2.17399e-38
0 21 3 5.34715e-38
0 21 4 1.26362e-37
0 21 5 2.86904e-37
0 21 6 6.25874e-37
0 21 7 1.31179e-36
0 21 8 2.64162e-36
0 21 9 5.11099e-36
0 21 10 9.50097e-36
0 21 11 1.69691e-35
0 21 12 2.91191e-35
0 21 13 4.80092e-35
0 21 14 7.60502e-35
0 21 15 1.15745e-34
0 21 16 1.69253e-34
0 21 17 2.37791e-34
0 21 18 3.20985e-34
0 21 19 4.16295e-34
0 21 20 5.18735e-34
0 21 21 6.21039e-34
0 21 22 7.14365e-34
0 21 23 7.89495e-34
0 21 24 8.38315e-34
0 21 25 8.5525e-34
0 21 26 8.38315e-34
0 21 27 7.89495e-34
0 21 28 7.14365e-34
0 21 29 6.21039e-34
0 21 30 5.18735e-34
0 21 31 4.16295e-34
0 21 32 3.20985e-34
0 21 33 2.37791e-34
0 21 34 1.69253e-34
0 21 35 1.15745e-34
0 21 36 7.60502e-35
0 21 37 4.80092e-35
0 21 38 2.91191e-35
0 21 39 1.69691e-35
0 21 40 9.50097e-36
0 21 41 5.11099e-36
0 21 42 2.64162e-36
0 21 43 1.31179e-36
0 21 44 6.25874e-37
0 21 45 2.86904e-37
0 21 46 1.26362e-37
0 21 47 5.34715e-38
0 21 48 2.17399e-38
0 21 49 2.68391e-66
0 22 0 1.15867e-66
0 22 1 9.76836e-39
0 22 2 2.50068e-38
0 22 3 6.15069e-38
0 22 4 1.45351e-37
0 22 5 3.30019e-37
0 22 6 7.19926e-37
0 22 7 1.50892e-36
0 22 8 3.03859e-36
0 22 9 5.87904e-36
0 22 10 1.09287e-35
0 22 11 1.95191e-35
0 22 12 3.34949e-35
0 22 13 5.52238e-35
0 22 14 8.74785e-35
0 22 15 1.33139e-34
0 22 16 1.94687e-34
0 22 17 2.73525e-34
0 22 18 3.6922e-34
0 22 19 4.78853e-34
0 22 20 5.96687e-34
0 22 21 7.14365e-34
0 22 22 8.21715e-34
0 22 23 9.08135e-34
0 22 24 9.64291e-34
0 22 25 9.83771e-34
0 22 26 9.64291e-34
0 22 27 9.08135e-34
0 22 28 8.21715e-34
0 22 29 7.14365e-34
0 22 30 5.96687e-34
0 22 31 4.78853e-34
0 22 32 3.6922e-34
0 22 33 2.73525e-34
0 22 34 1.94687e-34
0 22 35 1.33139e-34
0 22 36 8.74785e-35
0 22 37 5.52238e-35
0 22 38 3.34949e-35
0 22 39 1.95191e-35
0 22 40 1.09287e-35
0 22 41 5.87904e-36
0 22 42 3.03859e-36
0 22 43 1.50892e-36
0 22 44 7.19926e-37
0 22 45 3.30019e-37
0 22 46 1.45351e-37
0 22 47 6.15069e-38
0 22 48 2.50068e-38
0 22 49 3.08724e-66
0 23 0 1.28053e-66
0 23 1 1.07957e-38
0 23 2 2.76368e-38
0 23 3 6.79756e-38
0 23 4 1.60637e-37
0 23 5 3.64727e-37
0 23 6 7.95642e-37
0 23 7 1.66761e-36
0 23 8 3.35816e-36
0 23 9 6.49734e-36
0 23 10 1.20781e-35
0 23 11 2.15719e-35
0 23 12 3.70176e-35
0 23 13 6.10317e-35
0 23 14 9.66787e-35
0 23 15 1.47141e-34
0 23 16 2.15162e-34
0 23 17 3.02292e-34
0 23 18 4.08052e-34
0 23 19 5.29214e-34
0 23 20 6.59442e-34
0 23 21 7.89495e-34
0 23 22 9.08135e-34
0 23 23 1.00364e-33
0 23 24 1.06571e-33
0 23 25 1.08724e-33
0 23 26 1.06571e-33
0 23 27 1.00364e-33
0 23 28 9.08135e-34
0 23 29 7.89495e-34
0 23 30 6.59442e-34
0 23 31 5.29214e-34
0 23 32 4.08052e-34
0 23 33 3.02292e-34
0 23 34 2.15162e-34
0 23 35 1.47141e-34
0 23 36 9.66787e-35
0 23 37 6.10317e-35
0 23 38 3.70176e-35
0 23 39 2.15719e-35
0 23 40 1.20781e-35
0 23 41 6.49734e-36
0 23 42 3.35816e-36
0 23 43 1.66761e-36
0 23 44 7.95642e-37
0 23 45 3.64727e-37
0 23 46 1.60637e-37
0 23 47 6.79756e-38
0 23 48 2.76368e-38
0 23 49 3.41192e-66
0 24 0 1.35972e-66
0 24 1 1.14633e-38
0 24 2 2.93458e-38
0 24 3 7.2179e-38
0 24 4 1.70571e-37
0 24 5 3.8728e-37
0 24 6 8.44841e-37
0 24 7 1.77073e-36
0 24 8 3.56582e-36
0 24 9 6.89912e-36
0 24 10 1.2825e-35
0 24 11 2.29059e-35
0 24 12 3.93066e-35
0 24 13 6.48057e-35
0 24 14 1.02657e-34
0 24 15 1.5624e-34
0 24 16 2.28467e-34
0 24 17 3.20985e-34
0 24 18 4.33284e-34
0 24 19 5.61939e-34
0 24 20 7.00219e-34
0 24 21 8.38315e-34
0 24 22 9.64291e-34
0 24 23 1.06571e-33
0 24 24 1.13161e-33
0 24 25 1.15447e-33
0 24 26 1.13161e-33
0 24 27 1.06571e-33
0 24 28 9.64291e-34
0 24 29 8.38315e-34
0 24 30 7.00219e-34
0 24 31 5.61939e-34
0 24 32 4.33284e-34
0 24 33 3.20985e-34
0 24 34 2.28467e-34
0 24 35 1.5624e-34
0 24 36 1.02657e-34
0 24 37 6.48057e-35
0 24 38 3.93066e-35
0 24 39 2.29059e-35
0 24 40 1.2825e-35
0 24 41 6.89912e-36
0 24 42 3.56582e-36
0 24 43 1.77073e-36
0 24 44 8.44841e-37
0 24 45 3.8728e-37
0 24 46 1.70571e-37
0 24 47 7.2179e-38
0 24 48 2.93458e-38
0 24 49 3.62291e-66
0 25 0 1.38718e-66
0 25 1 1.16949e-38
0 25 2 2.99386e-38
0 25 3 7.36371e-38
0 25 4 1.74016e-37
0 25 5 3.95104e-37
0 25 6 8.61908e-37
0 25 7 1.8065e-36
0 25 8 3.63785e-36
0 25 9 7.03849e-36
0 25 10 1.3084e-35
0 25 11 2.33686e-35
0 25 12 4.01007e-35
0 25 13 6.61149e-35
0 25 14 1.04731e-34
0 25 15 1.59396e-34
0 25 16 2.33083e-34
0 25 17 3.27469e-34
0 25 18 4.42037e-34
0 25 19 5.73291e-34
0 25 20 7.14365e-34
0 25 21 8.5525e-34
0 25 22 9.83771e-34
0 25 23 1.08724e-33
0 25 24 1.15447e-33
0 25 25 1.17779e-33
0 25 26 1.15447e-33
0 25 27 1.08724e-33
0 25 28 9.83771e-34
0 25 29 8.5525e-34
0 25 30 7.14365e-34
0 25 31 5.73291e-34
0 25 32 4.42037e-34
0 25 33 3.27469e-34
0 25 34 2.33083e-34
0 25 35 1.59396e-34
0 25 36 1.04731e-34
0 25 37 6.61149e-35
0 25 38 4.01007e-35
0 25 39 2.33686e-35
0 25 40 1.3084e-35
0 25 41 7.03849e-36
0 25 42 3.63785e-36
0 25 43 1.8065e-36
0 25 44 8.61908e-37
0 25 45 3.95104e-37
0 25 46 1.74016e-37
0 25 47 7.36371e-38
0 25 48 2.99386e-38
0 25 49 3.69609e-66
0 26 0 1.35972e-66
0 26 1 1.14633e-38
0 26 2 2.93458e-38
0 26 3 7.2179e-38
0 26 4 1.70571e-37
0 26 5 3.8728e-37
0 26 6 8.44841e-37
0 26 7 1.77073e-36
0 26 8 3.56582e-36
0 26 9 6.89912e-36
0 26 10 1.2825e-35
0 26 11 2.29059e-35
0 26 12 3.93066e-35
0 26 13 6.48057e-35
0 26 14 1.02657e-34
0 26 15 1.5624e-34
0 26 16 2.28467e-34
0 26 17 3.20985e-34
0 26 18 4.33284e-34
0 26 19 5.61939e-34
0 26 20 7.00219e-34
0 26 21 8.38315e-34
0 26 22 9.64291e-34
0 26 23 1.06571e-33
0 26 24 1.13161e-33
0 26 25 1.15447e-33
0 26 26 1.13161e-33
0 26 27 1.06571e-33
0 26 28 9.64291e-34
0 26 29 8.38315e-34
0 26 30 7.00219e-34
0 26 31 5.61939e-34
0 26 32 4.33284e-34
0 26 33 3.20985e-34
0 26 34 2.28467e-34
0 26 35 1.5624e-34
0 26 36 1.02657e-34
0 26 37 6.48057e-35
0 26 38 3.93066e-35
0 26 39 2.29059e-35
0 26 40 1.2825e-35
0 26 41 6.89912e-36
0 26 42 3.56582e-36
0 26 43 1.77073e-36
0 26 44 8.44841e-37
0 26 45 3.8728e-37
0 26 46 1.70571e-37
0 26 47 7.2179e-38
0 26 48 2.93458e-38
0 26 49 3.62291e-66
0 27 0 1.28053e-66
0 27 1 1.07957e-38
0 27 2 2.76368e-38
0 27 3 6.79756e-38
0 27 4 1.60637e-37
0 27 5 3.64727e-37
0 27 6 7.95642e-37
0 27 7 1.66761e-36
0 27 8 3.35816e-36
0 27 9 6.49734e-36
0 27 10 1.20781e-35
0 27 11 2.15719e-35
0 27 12 3.70176e-35
0 27 13 6.10317e-35
0 27 14 9.66787e-35
0 27 15 1.47141e-34
0 27 16 2.15162e-34
0 27 17 3.02292e-34
0 27 18 4.08052e-34
0 27 19 5.29214e-34
0 27 20 6.59442e-34
0 27 21 7.89495e-34
0 27 22 9.08135e-34
0 27 23 1.00364e-33
0 27 24 1.06571e-33
0 27 25 1.08724e-33
0 27 26 1.06571e-33
0 27 27 1.00364e-33
0 27 28 9.08135e-34
0 27 29 7.89495e-34
0 27 30 6.59442e-34
0 27 31 5.29214e-34
0 27 32 4.08052e-34
0 27 33 3.02292e-34
0 27 34 2.15162e-34
0 27 35 1.47141e-34
0 27 36 9.66787e-35
0 27 37 6.10317e-35
0 27 38 3.70176e-35
0 27 39 2.15719e-35
0 27 40 1.20781e-35
0 27 41 6.49734e-36
0 27 42 3.35816e-36
0 27 43 1.66761e-36
0 27 44 7.95642e-37
0 27 45 3.64727e-37
0 27 46 1.60637e-37
0 27 47 6.79756e-38
0 27 48 2.76368e-38
0 27 49 3.41192e-66
0 28 0 1.15867e-66
0 28 1 9.76836e-39
0 28 2 2.50068e-38
0 28 3 6.15069e-38
0 28 4 1.45351e-37
0 28 5 3.30019e-37
0 28 6 7.19926e-37
0 28 7 1.50892e-36
0 28 8 3.03859e-36
0 28 9 5.87904e-36
0 28 10 1.09287e-35
0 28 11 1.95191e-35
0 28 12 3.34949e-35
0 28 13 5.52238e-35
0 28 14 8.74785e-35
0 28 15 1.33139e-34
0 28 16 1.94687e-34
0 28 17 2.73525e-34
0 28 18 3.6922e-34
0 28 19 4.78853e-34
0 28 20 5.96687e-34
0 28 21 7.14365e-34
0 28 22 8.21715e-34
0 28 23 9.08135e-34
0 28 24 9.64291e-34
0 28 25 9.83771e-34
0 28 26 9.64291e-34
0 28 27 9.08135e-34
0 28 28 8.21715e-34
0 28 29 7.14365e-34
0 28 30 5.96687e-34
0 28 31 4.78853e-34
0 28 32 3.6922e-34
0 28 33 2.73525e-34
0 28 34 1.94687e-34
0 28 35 1.33139e-34
0 28 36 8.74785e-35
0 28 37 5.52238e-35
0 28 38 3.34949e-35
0 28 39 1.95191e-35
0 28 40 1.09287e-35
0 28 41 5.87904e-36
0 28 42 3.03859e-36
0 28 43 1.50892e-36
0 28 44 7.19926e-37
0 28 45 3.30019e-37
0 28 46 1.45351e-37
0 28 47 6.15069e-38
0 28 48 2.50068e-38
0 28 49 3.08724e-66
0 29 0 1.0073e-66
0 29 1 8.49221e-39
0 29 2 2.17399e-38
0 29 3 5.34715e-38
0 29 4 1.26362e-37
0 29 5 2.86904e-37
0 29 6 6.25874e-37
0 29 7 1.31179e-36
0 29 8 2.64162e-36
0 29 9 5.11099e-36
0 29 10 9.50097e-36
0 29 11 1.69691e-35
0 29 12 2.91191e-35
0 29 13 4.80092e-35
0 29 14 7.60502e-35
0 29 15 1.15745e-34
0 29 16 1.69253e-34
0 29 17 2.37791e-34
0 29 18 3.20985e-34
0 29 19 4.16295e-34
0 29 20 5.18735e-34
0 29 21 6.21039e-34
0 29 22 7.14365e-34
0 29 23 7.89495e-34
0 29 24 8.38315e-34
0 29 25 8.5525e-34
0 29 26 8.38315e-34
0 29 27 7.89495e-34
0 29 28 7.14365e-34
0 29 29 6.21039e-34
0 29 30 5.18735e-34
0 29 31 4.16295e-34
0 29 32 3.20985e-34
0 29 33 2.37791e-34
0 29 34 1.69253e-34
0 29 35 1.15745e-34
0 29 36 7.60502e-35
0 29 37 4.80092e-35
0 29 38 2.91191e-35
0 29 39 1.69691e-35
0 29 40 9.50097e-36
0 29 41 5.11099e-36
0 29 42 2.64162e-36
0 29 43 1.31179e-36
0 29 44 6.25874e-37
0 29 45 2.86904e-37
0 29 46 1.26362e-37
0 29 47 5.34715e-38
0 29 48 2.17399e-38
0 29 49 2.68391e-66
0 30 0 8.4137e-67
0 30 1 7.09329e-39
0 30 2 1.81587e-38
0 30 3 4.46631e-38
0 30 4 1.05546e-37
0 30 5 2.39643e-37
0 30 6 5.22774e-37
0 30 7 1.0957e-36
0 30 8 2.20647e-36
0 30 9 4.26906e-36
0 30 10 7.93587e-36
0 30 11 1.41738e-35
0 30 12 2.43223e-35
0 30 13 4.01007e-35
0 30 14 6.35225e-35
0 30 15 9.66787e-35
0 30 16 1.41372e-34
0 30 17 1.9862e-34
0 30 18 2.68109e-34
0 30 19 3.47719e-34
0 30 20 4.33284e-34
0 30 21 5.18735e-34
0 30 22 5.96687e-34
0 30 23 6.59442e-34
0 30 24 7.00219e-34
0 30 25 7.14365e-34
0 30 26 7.00219e-34
0 30 27 6.59442e-34
0 30 28 5.96687e-34
0 30 29 5.18735e-34
0 30 30 4.33284e-34
0 30 31 3.47719e-34
0 30 32 2.68109e-34
0 30 33 1.9862e-34
0 30 34 1.41372e-34
0 30 35 9.66787e-35
0 30 36 6.35225e-35
0 30 37 4.01007e-35
0 30 38 2.43223e-35
0 30 39 1.41738e-35
0 30 40 7.93587e-36
0 30 41 4.26906e-36
0 30 42 2.20647e-36
0 30 43 1.0957e-36
0 30 44 5.22774e-37
0 30 45 2.39643e-37
0 30 46 1.05546e-37
0 30 47 4.46631e-38
0 30 48 1.81587e-38
0 30 49 2.24179e-66
0 31 0 6.75215e-67
0 31 1 5.6925e-39
0 31 2 1.45727e-38
0 31 3 3.5843e-38
0 31 4 8.47028e-38
0 31 5 1.92318e-37
0 31 6 4.19536e-37
0 31 7 8.7932e-37
0 31 8 1.77073e-36
0 31 9 3.426e-36
0 31 10 6.36869e-36
0 31 11 1.13747e-35
0 31 12 1.95191e-35
0 31 13 3.21816e-35
0 31 14 5.0978e-35
0 31 15 7.75865e-35
0 31 16 1.13454e-34
0 31 17 1.59396e-34
0 31 18 2.15162e-34
0 31 19 2.79051e-34
0 31 20 3.47719e-34
0 31 21 4.16295e-34
0 31 22 4.78853e-34
0 31 23 5.29214e-34
0 31 24 5.61939e-34
0 31 25 5.73291e-34
0 31 26 5.61939e-34
0 31 27 5.29214e-34
0 31 28 4.78853e-34
0 31 29 4.16295e-34
0 31 30 3.47719e-34
0 31 31 2.79051e-34
0 31 32 2.15162e-34
0 31 33 1.59396e-34
0 31 34 1.13454e-34
0 31 35 7.75865e-35
0 31 36 5.0978e-35
0 31 37 3.21816e-35
0 31 38 1.95191e-35
0 31 39 1.13747e-35
0 31 40 6.36869e-36
0 31 41 3.426e-36
0 31 42 1.77073e-36
0 31 43 8.7932e-37
0 31 44 4.19536e-37
0 31 45 1.92318e-37
0 31 46 8.47028e-38
0 31 47 3.5843e-38
0 31 48 1.45727e-38
0 31 49 1.79908e-66
0 32 0 5.20626e-67
0 32 1 4.38921e-39
0 32 2 1.12363e-38
0 32 3 2.76368e-38
0 32 4 6.53102e-38
0 32 5 1.48287e-37
0 32 6 3.23484e-37
0 32 7 6.78001e-37
0 32 8 1.36533e-36
0 32 9 2.64162e-36
0 32 10 4.91059e-36
0 32 11 8.7705e-36
0 32 12 1.50502e-35
0 32 13 2.48136e-35
0 32 14 3.93066e-35
0 32 15 5.98232e-35
0 32 16 8.74785e-35
0 32 17 1.22903e-34
0 32 18 1.65901e-34
0 32 19 2.15162e-34
0 32 20 2.68109e-34
0 32 21 3.20985e-34
0 32 22 3.6922e-34
0 32 23 4.08052e-34
0 32 24 4.33284e-34
0 32 25 4.42037e-34
0 32 26 4.33284e-34
0 32 27 4.08052e-34
0 32 28 3.6922e-34
0 32 29 3.20985e-34
0 32 30 2.68109e-34
0 32 31 2.15162e-34
0 32 32 1.65901e-34
0 32 33 1.22903e-34
0 32 34 8.74785e-35
0 32 35 5.98232e-35
0 32 36 3.93066e-35
0 32 37 2.48136e-35
0 32 38 1.50502e-35
0 32 39 8.7705e-36
0 32 40 4.91059e-36
0 32 41 2.64162e-36
0 32 42 1.36533e-36
0 32 43 6.78001e-37
0 32 44 3.23484e-37
0 32 45 1.48287e-37
0 32 46 6.53102e-38
0 32 47 2.76368e-38
0 32 48 1.12363e-38
0 32 49 1.38718e-66
0 33 0 3.85689e-67
0 33 1 3.2516e-39
0 33 2 8.32405e-39
0 33 3 2.04739e-38
0 33 4 4.8383e-38
0 33 5 1.09854e-37
0 33 6 2.39643e-37
0 33 7 5.02275e-37
0 33 8 1.01146e-36
0 33 9 1.95696e-36
0 33 10 3.63785e-36
0 33 11 6.49734e-36
0 33 12 1.11495e-35
0 33 13 1.83824e-35
0 33 14 2.91191e-35
0 33 15 4.43181e-35
0 33 16 6.48057e-35
0 33 17 9.10486e-35
0 33 18 1.22903e-34
0 33 19 1.59396e-34
0 33 20 1.9862e-34
0 33 21 2.37791e-34
0 33 22 2.73525e-34
0 33 23 3.02292e-34
0 33 24 3.20985e-34
0 33 25 3.27469e-34
0 33 26 3.20985e-34
0 33 27 3.02292e-34
0 33 28 2.73525e-34
0 33 29 2.37791e-34
0 33 30 1.9862e-34
0 33 31 1.59396e-34
0 33 32 1.22903e-34
0 33 33 9.10486e-35
0 33 34 6.48057e-35
0 33 35 4.43181e-35
0 33 36 2.91191e-35
0 33 37 1.83824e-35
0 33 38 1.11495e-35
0 33 39 6.49734e-36
0 33 40 3.63785e-36
0 33 41 1.95696e-36
0 33 42 1.01146e-36
0 33 43 5.02275e-37
0 33 44 2.39643e-37
0 33 45 1.09854e-37
0 33 46 4.8383e-38
0 33 47 2.04739e-38
0 33 48 8.32405e-39
0 33 49 1.02765e-66
0 34 0 2.74522e-67
0 34 1 2.3144e-39
0 34 2 5.92481e-39
0 34 3 1.45727e-38
0 34 4 3.44376e-38
0 34 5 7.81905e-38
0 34 6 1.70571e-37
0 34 7 3.57505e-37
0 34 8 7.19926e-37
0 34 9 1.39291e-36
0 34 10 2.58932e-36
0 34 11 4.62462e-36
0 34 12 7.93587e-36
0 34 13 1.3084e-35
0 34 14 2.07261e-35
0 34 15 3.15443e-35
0 34 16 4.61268e-35
0 34 17 6.48057e-35
0 34 18 8.74785e-35
0 34 19 1.13454e-34
0 34 20 1.41372e-34
0 34 21 1.69253e-34
0 34 22 1.94687e-34
0 34 23 2.15162e-34
0 34 24 2.28467e-34
0 34 25 2.33083e-34
0 34 26 2.28467e-34
0 34 27 2.15162e-34
0 34 28 1.94687e-34
0 34 29 1.69253e-34
0 34 30 1.41372e-34
0 34 31 1.13454e-34
0 34 32 8.74785e-35
0 34 33 6.48057e-35
0 34 34 4.61268e-35
0 34 35 3.15443e-35
0 34 36 2.07261e-35
0 34 37 1.3084e-35
0 34 38 7.93587e-36
0 34 39 4.62462e-36
0 34 40 2.58932e-36
0 34 41 1.39291e-36
0 34 42 7.19926e-37
0 34 43 3.57505e-37
0 34 44 1.70571e-37
0 34 45 7.81905e-38
0 34 46 3.44376e-38
0 34 47 1.45727e-38
0 34 48 5.92481e-39
0 34 49 7.31452e-67
0 35 0 1.87735e-67
0 35 1 1.58273e-39
0 35 2 4.05175e-39
0 35 3 9.9657e-39
0 35 4 2.35505e-38
0 35 5 5.34715e-38
0 35 6 1.16647e-37
0 35 7 2.44484e-37
0 35 8 4.9233e-37
0 35 9 9.52556e-37
0 35 10 1.77073e-36
0 35 11 3.1626e-36
0 35 12 5.42704e-36
0 35 13 8.94767e-36
0 35 14 1.41738e-35
0 35 15 2.15719e-35
0 35 16 3.15443e-35
0 35 17 4.43181e-35
0 35 18 5.98232e-35
0 35 19 7.75865e-35
0 35 20 9.66787e-35
0 35 21 1.15745e-34
0 35 22 1.33139e-34
0 35 23 1.47141e-34
0 35 24 1.5624e-34
0 35 25 1.59396e-34
0 35 26 1.5624e-34
0 35 27 1.47141e-34
0 35 28 1.33139e-34
0 35 29 1.15745e-34
0 35 30 9.66787e-35
0 35 31 7.75865e-35
0 35 32 5.98232e-35
0 35 33 4.43181e-35
0 35 34 3.15443e-35
0 35 35 2.15719e-35
0 35 36 1.41738e-35
0 35 37 8.94767e-36
0 35 38 5.42704e-36
0 35 39 3.1626e-36
0 35 40 1.77073e-36
0 35 41 9.52556e-37
0 35 42 4.9233e-37
0 35 43 2.44484e-37
0 35 44 1.16647e-37
0 35 45 5.34715e-38
0 35 46 2.35505e-38
0 35 47 9.9657e-39
0 35 48 4.05175e-39
0 35 49 5.00212e-67
0 36 0 1.23351e-67
0 36 1 1.03993e-39
0 36 2 2.66219e-39
0 36 3 6.54793e-39
0 36 4 1.54738e-38
0 36 5 3.51333e-38
0 36 6 7.66423e-38
0 36 7 1.60637e-37
0 36 8 3.23484e-37
0 36 9 6.25874e-37
0 36 10 1.16345e-36
0 36 11 2.07797e-36
0 36 12 3.56582e-36
0 36 13 5.87904e-36
0 36 14 9.31283e-36
0 36 15 1.41738e-35
0 36 16 2.07261e-35
0 36 17 2.91191e-35
0 36 18 3.93066e-35
0 36 19 5.0978e-35
0 36 20 6.35225e-35
0 36 21 7.60502e-35
0 36 22 8.74785e-35
0 36 23 9.66787e-35
0 36 24 1.02657e-34
0 36 25 1.04731e-34
0 36 26 1.02657e-34
0 36 27 9.66787e-35
0 36 28 8.74785e-35
0 36 29 7.60502e-35
0 36 30 6.35225e-35
0 36 31 5.0978e-35
0 36 32 3.93066e-35
0 36 33 2.91191e-35
0 36 34 2.07261e-35
0 36 35 1.41738e-35
0 36 36 9.31283e-36
0 36 37 5.87904e-36
0 36 38 3.56582e-36
0 36 39 2.07797e-36
0 36 40 1.16345e-36
0 36 41 6.25874e-37
0 36 42 3.23484e-37
0 36 43 1.60637e-37
0 36 44 7.66423e-38
0 36 45 3.51333e-38
0 36 46 1.54738e-38
0 36 47 6.54793e-39
0 36 48 2.66219e-39
0 36 49 3.28663e-67
0 37 0 7.78693e-68
0 37 1 6.56488e-40
0 37 2 1.6806e-39
0 37 3 4.1336e-39
0 37 4 9.76836e-39
0 37 5 2.21791e-38
0 37 6 4.8383e-38
0 37 7 1.01408e-37
0 37 8 2.0421e-37
0 37 9 3.95104e-37
0 37 10 7.3447e-37
0 37 11 1.31179e-36
0 37 12 2.25104e-36
0 37 13 3.71134e-36
0 37 14 5.87904e-36
0 37 15 8.94767e-36
0 37 16 1.3084e-35
0 37 17 1.83824e-35
0 37 18 2.48136e-35
0 37 19 3.21816e-35
0 37 20 4.01007e-35
0 37 21 4.80092e-35
0 37 22 5.52238e-35
0 37 23 6.10317e-35
0 37 24 6.48057e-35
0 37 25 6.61149e-35
0 37 26 6.48057e-35
0 37 27 6.10317e-35
0 37 28 5.52238e-35
0 37 29 4.80092e-35
0 37 30 4.01007e-35
0 37 31 3.21816e-35
0 37 32 2.48136e-35
0 37 33 1.83824e-35
0 37 34 1.3084e-35
0 37 35 8.94767e-36
0 37 36 5.87904e-36
0 37 37 3.71134e-36
0 37 38 2.25104e-36
0 37 39 1.31179e-36
0 37 40 7.3447e-37
0 37 41 3.95104e-37
0 37 42 2.0421e-37
0 37 43 1.01408e-37
0 37 44 4.8383e-38
0 37 45 2.21791e-38
0 37 46 9.76836e-39
0 37 47 4.1336e-39
0 37 48 1.6806e-39
0 37 49 2.07479e-67
0 38 0 4.72301e-68
0 38 1 3.9818e-40
0 38 2 1.01933e-39
0 38 3 2.50716e-39
0 38 4 5.92481e-39
0 38 5 1.34523e-38
0 38 6 2.93458e-38
0 38 7 6.15069e-38
0 38 8 1.2386e-37
0 38 9 2.39643e-37
0 38 10 4.45478e-37
0 38 11 7.95642e-37
0 38 12 1.36533e-36
0 38 13 2.25104e-36
0 38 14 3.56582e-36
0 38 15 5.42704e-36
0 38 16 7.93587e-36
0 38 17 1.11495e-35
0 38 18 1.50502e-35
0 38 19 1.95191e-35
0 38 20 2.43223e-35
0 38 21 2.91191e-35
0 38 22 3.34949e-35
0 38 23 3.70176e-35
0 38 24 3.93066e-35
0 38 25 4.01007e-35
0 38 26 3.93066e-35
0 38 27 3.70176e-35
0 38 28 3.34949e-35
0 38 29 2.91191e-35
0 38 30 2.43223e-35
0 38 31 1.95191e-35
0 38 32 1.50502e-35
0 38 33 1.11495e-35
0 38 34 7.93587e-36
0 38 35 5.42704e-36
0 38 36 3.56582e-36
0 38 37 2.25104e-36
0 38 38 1.36533e-36
0 38 39 7.95642e-37
0 38 40 4.45478e-37
0 38 41 2.39643e-37
0 38 42 1.2386e-37
0 38 43 6.15069e-38
0 38 44 2.93458e-38
0 38 45 1.34523e-38
0 38 46 5.92481e-39
0 38 47 2.50716e-39
0 38 48 1.01933e-39
0 38 49 1.25843e-67
0 39 0 2.75233e-68
0 39 1 2.32039e-40
0 39 2 5.94015e-40
0 39 3 1.46104e-39
0 39 4 3.45267e-39
0 39 5 7.83929e-39
0 39 6 1.71012e-38
0 39 7 3.5843e-38
0 39 8 7.2179e-38
0 39 9 1.39651e-37
0 39 10 2.59602e-37
0 39 11 4.63659e-37
0 39 12 7.95642e-37
0 39 13 1.31179e-36
0 39 14 2.07797e-36
0 39 15 3.1626e-36
0 39 16 4.62462e-36
0 39 17 6.49734e-36
0 39 18 8.7705e-36
0 39 19 1.13747e-35
0 39 20 1.41738e-35
0 39 21 1.69691e-35
0 39 22 1.95191e-35
0 39 23 2.15719e-35
0 39 24 2.29059e-35
0 39 25 2.33686e-35
0 39 26 2.29059e-35
0 39 27 2.15719e-35
0 39 28 1.95191e-35
0 39 29 1.69691e-35
0 39 30 1.41738e-35
0 39 31 1.13747e-35
0 39 32 8.7705e-36
0 39 33 6.49734e-36
0 39 34 4.62462e-36
0 39 35 3.1626e-36
0 39 36 2.07797e-36
0 39 37 1.31179e-36
0 39 38 7.95642e-37
0 39 39 4.63659e-37
0 39 40 2.59602e-37
0 39 41 1.39651e-37
0 39 42 7.2179e-38
0 39 43 3.5843e-38
0 39 44 1.71012e-38
0 39 45 7.83929e-39
0 39 46 3.45267e-39
0 39 47 1.46104e-39
0 39 48 5.94015e-40
0 39 49 7.33345e-68
0 40 0 1.54102e-68
0 40 1 1.29918e-40
0 40 2 3.32588e-40
0 40 3 8.18034e-40
0 40 4 1.93315e-39
0 40 5 4.38921e-39
0 40 6 9.57493e-39
0 40 7 2.00684e-38
0 40 8 4.04129e-38
0 40 9 7.81905e-38
0 40 10 1.45351e-37
0 40 11 2.59602e-37
0 40 12 4.45478e-37
0 40 13 7.3447e-37
0 40 14 1.16345e-36
0 40 15 1.77073e-36
0 40 16 2.58932e-36
0 40 17 3.63785e-36
0 40 18 4.91059e-36
0 40 19 6.36869e-36
0 40 20 7.93587e-36
0 40 21 9.50097e-36
0 40 22 1.09287e-35
0 40 23 1.20781e-35
0 40 24 1.2825e-35
0 40 25 1.3084e-35
0 40 26 1.2825e-35
0 40 27 1.20781e-35
0 40 28 1.09287e-35
0 40 29 9.50097e-36
0 40 30 7.93587e-36
0 40 31 6.36869e-36
0 40 32 4.91059e-36
0 40 33 3.63785e-36
0 40 34 2.58932e-36
0 40 35 1.77073e-36
0 40 36 1.16345e-36
0 40 37 7.3447e-37
0 40 38 4.45478e-37
0 40 39 2.59602e-37
0 40 40 1.45351e-37
0 40 41 7.81905e-38
0 40 42 4.04129e-38
0 40 43 2.00684e-38
0 40 44 9.57493e-39
0 40 45 4.38921e-39
0 40 46 1.93315e-39
0 40 47 8.18034e-40
0 40 48 3.32588e-40
0 40 49 4.10599e-68
0 41 0 8.28985e-69
0 41 1 6.98887e-41
0 41 2 1.78914e-40
0 41 3 4.40057e-40
0 41 4 1.03993e-39
0 41 5 2.36115e-39
0 41 6 5.15078e-39
