0 0 0 2.76366e-154
0 0 1 4.21293e-108
0 0 2 1.0785e-107
0 0 3 2.65269e-107
0 0 4 6.26873e-107
0 0 5 1.42331e-106
0 0 6 3.10492e-106
0 0 7 6.50772e-106
0 0 8 1.31049e-105
0 0 9 2.53553e-105
0 0 10 4.71337e-105
0 0 11 8.41826e-105
0 0 12 1.44458e-104
0 0 13 2.38171e-104
0 0 14 3.7728e-104
0 0 15 5.74206e-104
0 0 16 8.39653e-104
0 0 17 1.17967e-103
0 0 18 1.59239e-103
0 0 19 2.06521e-103
0 0 20 2.57341e-103
0 0 21 3.08094e-103
0 0 22 3.54392e-103
0 0 23 3.91664e-103
0 0 24 4.15883e-103
0 0 25 4.24284e-103
0 0 26 4.15883e-103
0 0 27 3.91664e-103
0 0 28 3.54392e-103
0 0 29 3.08094e-103
0 0 30 2.57341e-103
0 0 31 2.06521e-103
0 0 32 1.59239e-103
0 0 33 1.17967e-103
0 0 34 8.39653e-104
0 0 35 5.74206e-104
0 0 36 3.7728e-104
0 0 37 2.38171e-104
0 0 38 1.44458e-104
0 0 39 8.41826e-105
0 0 40 4.71337e-105
0 0 41 2.53553e-105
0 0 42 1.31049e-105
0 0 43 6.50772e-106
0 0 44 3.10492e-106
0 0 45 1.42331e-106
0 0 46 6.26873e-107
0 0 47 2.65269e-107
0 0 48 1.0785e-107
0 0 49 7.36366e-154
0 1 0 4.21293e-108
0 1 1 6.4222e-62
0 1 2 1.64407e-61
0 1 3 4.04376e-61
0 1 4 9.55606e-61
0 1 5 2.1697e-60
0 1 6 4.73315e-60
0 1 7 9.92037e-60
0 1 8 1.99772e-59
0 1 9 3.86517e-59
0 1 10 7.18507e-59
0 1 11 1.28328e-58
0 1 12 2.20212e-58
0 1 13 3.63068e-58
0 1 14 5.75126e-58
0 1 15 8.7532e-58
0 1 16 1.27997e-57
0 1 17 1.79829e-57
0 1 18 2.42743e-57
0 1 19 3.14821e-57
0 1 20 3.92291e-57
0 1 21 4.69658e-57
0 1 22 5.40235e-57
0 1 23 5.97052e-57
0 1 24 6.33972e-57
0 1 25 6.46779e-57
0 1 26 6.33972e-57
0 1 27 5.97052e-57
0 1 28 5.40235e-57
0 1 29 4.69658e-57
0 1 30 3.92291e-57
0 1 31 3.14821e-57
0 1 32 2.42743e-57
0 1 33 1.79829e-57
0 1 34 1.27997e-57
0 1 35 8.7532e-58
0 1 36 5.75126e-58
0 1 37 3.63068e-58
0 1 38 2.20212e-58
0 1 39 1.28328e-58
0 1 40 7.18507e-59
0 1 41 3.86517e-59
0 1 42 1.99772e-59
0 1 43 9.92037e-60
0 1 44 4.73315e-60
0 1 45 2.1697e-60
0 1 46 9.55606e-61
0 1 47 4.04376e-61
0 1 48 1.64407e-61
0 1 49 1.12252e-107
0 2 0 1.0785e-107
0 2 1 1.64407e-61
0 2 2 4.20879e-61
0 2 3 1.0352e-60
0 2 4 2.44633e-60
0 2 5 5.5544e-60
0 2 6 1.21168e-59
0 2 7 2.5396e-59
0 2 8 5.11412e-59
0 2 9 9.89476e-59
0 2 10 1.83936e-58
0 2 11 3.28517e-58
0 2 12 5.63738e-58
0 2 13 9.29447e-58
0 2 14 1.47231e-57
0 2 15 2.2408e-57
0 2 16 3.27669e-57
0 2 17 4.60358e-57
0 2 18 6.21419e-57
0 2 19 8.05936e-57
0 2 20 1.00426e-56
0 2 21 1.20232e-56
0 2 22 1.38299e-56
0 2 23 1.52844e-56
0 2 24 1.62296e-56
0 2 25 1.65574e-56
0 2 26 1.62296e-56
0 2 27 1.52844e-56
0 2 28 1.38299e-56
0 2 29 1.20232e-56
0 2 30 1.00426e-56
0 2 31 8.05936e-57
0 2 32 6.21419e-57
0 2 33 4.60358e-57
0 2 34 3.27669e-57
0 2 35 2.2408e-57
0 2 36 1.47231e-57
0 2 37 9.29447e-58
0 2 38 5.63738e-58
0 2 39 3.28517e-58
0 2 40 1.83936e-58
0 2 41 9.89476e-59
0 2 42 5.11412e-59
0 2 43 2.5396e-59
0 2 44 1.21168e-59
0 2 45 5.5544e-60
0 2 46 2.44633e-60
0 2 47 1.0352e-60
0 2 48 4.20879e-61
0 2 49 2.87362e-107
0 3 0 2.65269e-107
0 3 1 4.04376e-61
0 3 2 1.0352e-60
0 3 3 2.54617e-60
0 3 4 6.01701e-60
0 3 5 1.36616e-59
0 3 6 2.98024e-59
0 3 7 6.2464e-59
0 3 8 1.25787e-58
0 3 9 2.43372e-58
0 3 10 4.5241e-58
0 3 11 8.08023e-58
0 3 12 1.38657e-57
0 3 13 2.28607e-57
0 3 14 3.62131e-57
0 3 15 5.51149e-57
0 3 16 8.05936e-57
0 3 17 1.1323e-56
0 3 18 1.52844e-56
0 3 19 1.98228e-56
0 3 20 2.47008e-56
0 3 21 2.95722e-56
0 3 22 3.40161e-56
0 3 23 3.75936e-56
0 3 24 3.99183e-56
0 3 25 4.07247e-56
0 3 26 3.99183e-56
0 3 27 3.75936e-56
0 3 28 3.40161e-56
0 3 29 2.95722e-56
0 3 30 2.47008e-56
0 3 31 1.98228e-56
0 3 32 1.52844e-56
0 3 33 1.1323e-56
0 3 34 8.05936e-57
0 3 35 5.51149e-57
0 3 36 3.62131e-57
0 3 37 2.28607e-57
0 3 38 1.38657e-57
0 3 39 8.08023e-58
0 3 40 4.5241e-58
0 3 41 2.43372e-58
0 3 42 1.25787e-58
0 3 43 6.2464e-59
0 3 44 2.98024e-59
0 3 45 1.36616e-59
0 3 46 6.01701e-60
0 3 47 2.54617e-60
0 3 48 1.0352e-60
0 3 49 7.06797e-107
0 4 0 6.26873e-107
0 4 1 9.55606e-61
0 4 2 2.44633e-60
0 4 3 6.01701e-60
0 4 4 1.42192e-59
0 4 5 3.22846e-59
0 4 6 7.04279e-59
0 4 7 1.47612e-58
0 4 8 2.97255e-58
0 4 9 5.75126e-58
0 4 10 1.06912e-57
0 4 11 1.90949e-57
0 4 12 3.27669e-57
0 4 13 5.40235e-57
0 4 14 8.55773e-57
0 4 15 1.30245e-56
0 4 16 1.90456e-56
0 4 17 2.6758e-56
0 4 18 3.61196e-56
0 4 19 4.68445e-56
0 4 20 5.83719e-56
0 4 21 6.98839e-56
0 4 22 8.03856e-56
0 4 23 8.88398e-56
0 4 24 9.43333e-56
0 4 25 9.6239e-56
0 4 26 9.43333e-56
0 4 27 8.88398e-56
0 4 28 8.03856e-56
0 4 29 6.98839e-56
0 4 30 5.83719e-56
0 4 31 4.68445e-56
0 4 32 3.61196e-56
0 4 33 2.6758e-56
0 4 34 1.90456e-56
0 4 35 1.30245e-56
0 4 36 8.55773e-57
0 4 37 5.40235e-57
0 4 38 3.27669e-57
0 4 39 1.90949e-57
0 4 40 1.06912e-57
0 4 41 5.75126e-58
0 4 42 2.97255e-58
0 4 43 1.47612e-58
0 4 44 7.04279e-59
0 4 45 3.22846e-59
0 4 46 1.42192e-59
0 4 47 6.01701e-60
0 4 48 2.44633e-60
0 4 49 1.67028e-106
0 5 0 1.42331e-106
0 5 1 2.1697e-60
0 5 2 5.5544e-60
0 5 3 1.36616e-59
0 5 4 3.22846e-59
0 5 5 7.33021e-59
0 5 6 1.59907e-58
0 5 7 3.35154e-58
0 5 8 6.74917e-58
0 5 9 1.30582e-57
0 5 10 2.42743e-57
0 5 11 4.33549e-57
0 5 12 7.43973e-57
0 5 13 1.2266e-56
0 5 14 1.94303e-56
0 5 15 2.95722e-56
0 5 16 4.3243e-56
0 5 17 6.07541e-56
0 5 18 8.20095e-56
0 5 19 1.06361e-55
0 5 20 1.32533e-55
0 5 21 1.58671e-55
0 5 22 1.82515e-55
0 5 23 2.01711e-55
0 5 24 2.14184e-55
0 5 25 2.18511e-55
0 5 26 2.14184e-55
0 5 27 2.01711e-55
0 5 28 1.82515e-55
0 5 29 1.58671e-55
0 5 30 1.32533e-55
0 5 31 1.06361e-55
0 5 32 8.20095e-56
0 5 33 6.07541e-56
0 5 34 4.3243e-56
0 5 35 2.95722e-56
0 5 36 1.94303e-56
0 5 37 1.2266e-56
0 5 38 7.43973e-57
0 5 39 4.33549e-57
0 5 40 2.42743e-57
0 5 41 1.30582e-57
0 5 42 6.74917e-58
0 5 43 3.35154e-58
0 5 44 1.59907e-58
0 5 45 7.33021e-59
0 5 46 3.22846e-59
0 5 47 1.36616e-59
0 5 48 5.5544e-60
0 5 49 3.79236e-106
0 6 0 3.10492e-106
0 6 1 4.73315e-60
0 6 2 1.21168e-59
0 6 3 2.98024e-59
0 6 4 7.04279e-59
0 6 5 1.59907e-58
0 6 6 3.48832e-58
0 6 7 7.31129e-58
0 6 8 1.47231e-57
0 6 9 2.84862e-57
0 6 10 5.29538e-57
0 6 11 9.45775e-57
0 6 12 1.62296e-56
0 6 13 2.6758e-56
0 6 14 4.23867e-56
0 6 15 6.45109e-56
0 6 16 9.43333e-56
0 6 17 1.32533e-55
0 6 18 1.78901e-55
0 6 19 2.32023e-55
0 6 20 2.89118e-55
0 6 21 3.46137e-55
0 6 22 3.98152e-55
0 6 23 4.40026e-55
0 6 24 4.67236e-55
0 6 25 4.76675e-55
0 6 26 4.67236e-55
0 6 27 4.40026e-55
0 6 28 3.98152e-55
0 6 29 3.46137e-55
0 6 30 2.89118e-55
0 6 31 2.32023e-55
0 6 32 1.78901e-55
0 6 33 1.32533e-55
0 6 34 9.43333e-56
0 6 35 6.45109e-56
0 6 36 4.23867e-56
0 6 37 2.6758e-56
0 6 38 1.62296e-56
0 6 39 9.45775e-57
0 6 40 5.29538e-57
0 6 41 2.84862e-57
0 6 42 1.47231e-57
0 6 43 7.31129e-58
0 6 44 3.48832e-58
0 6 45 1.59907e-58
0 6 46 7.04279e-59
0 6 47 2.98024e-59
0 6 48 1.21168e-59
0 6 49 8.27293e-106
0 7 0 6.50772e-106
0 7 1 9.92037e-60
0 7 2 2.5396e-59
0 7 3 6.2464e-59
0 7 4 1.47612e-58
0 7 5 3.35154e-58
0 7 6 7.31129e-58
0 7 7 1.5324e-57
0 7 8 3.08587e-57
0 7 9 5.97052e-57
0 7 10 1.10988e-56
0 7 11 1.98228e-56
0 7 12 3.40161e-56
0 7 13 5.60831e-56
0 7 14 8.88398e-56
0 7 15 1.35211e-55
0 7 16 1.97717e-55
0 7 17 2.77781e-55
0 7 18 3.74966e-55
0 7 19 4.86304e-55
0 7 20 6.05973e-55
0 7 21 7.25481e-55
0 7 22 8.34502e-55
0 7 23 9.22267e-55
0 7 24 9.79297e-55
0 7 25 9.9908e-55
0 7 26 9.79297e-55
0 7 27 9.22267e-55
0 7 28 8.34502e-55
0 7 29 7.25481e-55
0 7 30 6.05973e-55
0 7 31 4.86304e-55
0 7 32 3.74966e-55
0 7 33 2.77781e-55
0 7 34 1.97717e-55
0 7 35 1.35211e-55
0 7 36 8.88398e-56
0 7 37 5.60831e-56
0 7 38 3.40161e-56
0 7 39 1.98228e-56
0 7 40 1.10988e-56
0 7 41 5.97052e-57
0 7 42 3.08587e-57
0 7 43 1.5324e-57
0 7 44 7.31129e-58
0 7 45 3.35154e-58
0 7 46 1.47612e-58
0 7 47 6.2464e-59
0 7 48 2.5396e-59
0 7 49 1.73395e-105
0 8 0 1.31049e-105
0 8 1 1.99772e-59
0 8 2 5.11412e-59
0 8 3 1.25787e-58
0 8 4 2.97255e-58
0 8 5 6.74917e-58
0 8 6 1.47231e-57
0 8 7 3.08587e-57
0 8 8 6.21419e-57
0 8 9 1.20232e-56
0 8 10 2.23502e-56
0 8 11 3.99183e-56
0 8 12 6.85001e-56
0 8 13 1.12938e-55
0 8 14 1.78901e-55
0 8 15 2.72281e-55
0 8 16 3.98152e-55
0 8 17 5.59383e-55
0 8 18 7.55088e-55
0 8 19 9.79297e-55
0 8 20 1.22028e-54
0 8 21 1.46094e-54
0 8 22 1.68048e-54
0 8 23 1.85722e-54
0 8 24 1.97206e-54
0 8 25 2.0119e-54
0 8 26 1.97206e-54
0 8 27 1.85722e-54
0 8 28 1.68048e-54
0 8 29 1.46094e-54
0 8 30 1.22028e-54
0 8 31 9.79297e-55
0 8 32 7.55088e-55
0 8 33 5.59383e-55
0 8 34 3.98152e-55
0 8 35 2.72281e-55
0 8 36 1.78901e-55
0 8 37 1.12938e-55
0 8 38 6.85001e-56
0 8 39 3.99183e-56
0 8 40 2.23502e-56
0 8 41 1.20232e-56
0 8 42 6.21419e-57
0 8 43 3.08587e-57
0 8 44 1.47231e-57
0 8 45 6.74917e-58
0 8 46 2.97255e-58
0 8 47 1.25787e-58
0 8 48 5.11412e-59
0 8 49 3.49175e-105
0 9 0 2.53553e-105
0 9 1 3.86517e-59
0 9 2 9.89476e-59
0 9 3 2.43372e-58
0 9 4 5.75126e-58
0 9 5 1.30582e-57
0 9 6 2.84862e-57
0 9 7 5.97052e-57
0 9 8 1.20232e-56
0 9 9 2.32623e-56
0 9 10 4.3243e-56
0 9 11 7.72336e-56
0 9 12 1.32533e-55
0 9 13 2.18511e-55
0 9 14 3.46137e-55
0 9 15 5.26807e-55
0 9 16 7.70342e-55
0 9 17 1.08229e-54
0 9 18 1.46094e-54
0 9 19 1.89474e-54
0 9 20 2.36099e-54
0 9 21 2.82661e-54
0 9 22 3.25138e-54
0 9 23 3.59333e-54
0 9 24 3.81553e-54
0 9 25 3.89261e-54
0 9 26 3.81553e-54
0 9 27 3.59333e-54
0 9 28 3.25138e-54
0 9 29 2.82661e-54
0 9 30 2.36099e-54
0 9 31 1.89474e-54
0 9 32 1.46094e-54
0 9 33 1.08229e-54
0 9 34 7.70342e-55
0 9 35 5.26807e-55
0 9 36 3.46137e-55
0 9 37 2.18511e-55
0 9 38 1.32533e-55
0 9 39 7.72336e-56
0 9 40 4.3243e-56
0 9 41 2.32623e-56
0 9 42 1.20232e-56
0 9 43 5.97052e-57
0 9 44 2.84862e-57
0 9 45 1.30582e-57
0 9 46 5.75126e-58
0 9 47 2.43372e-58
0 9 48 9.89476e-59
0 9 49 6.75581e-105
0 10 0 4.71337e-105
0 10 1 7.18507e-59
0 10 2 1.83936e-58
0 10 3 4.5241e-58
0 10 4 1.06912e-57
0 10 5 2.42743e-57
0 10 6 5.29538e-57
0 10 7 1.10988e-56
0 10 8 2.23502e-56
0 10 9 4.3243e-56
0 10 10 8.03856e-56
0 10 11 1.43572e-55
0 10 12 2.4637e-55
0 10 13 4.06196e-55
0 10 14 6.43444e-55
0 10 15 9.79297e-55
0 10 16 1.43201e-54
0 10 17 2.0119e-54
0 10 18 2.71578e-54
0 10 19 3.52218e-54
0 10 20 4.3889e-54
0 10 21 5.25447e-54
0 10 22 6.04408e-54
0 10 23 6.67974e-54
0 10 24 7.09279e-54
0 10 25 7.23608e-54
0 10 26 7.09279e-54
0 10 27 6.67974e-54
0 10 28 6.04408e-54
0 10 29 5.25447e-54
0 10 30 4.3889e-54
0 10 31 3.52218e-54
0 10 32 2.71578e-54
0 10 33 2.0119e-54
0 10 34 1.43201e-54
0 10 35 9.79297e-55
0 10 36 6.43444e-55
0 10 37 4.06196e-55
0 10 38 2.4637e-55
0 10 39 1.43572e-55
0 10 40 8.03856e-56
0 10 41 4.3243e-56
0 10 42 2.23502e-56
0 10 43 1.10988e-56
0 10 44 5.29538e-57
0 10 45 2.42743e-57
0 10 46 1.06912e-57
0 10 47 4.5241e-58
0 10 48 1.83936e-58
0 10 49 1.25586e-104
0 11 0 8.41826e-105
0 11 1 1.28328e-58
0 11 2 3.28517e-58
0 11 3 8.08023e-58
0 11 4 1.90949e-57
0 11 5 4.33549e-57
0 11 6 9.45775e-57
0 11 7 1.98228e-56
0 11 8 3.99183e-56
0 11 9 7.72336e-56
0 11 10 1.43572e-55
0 11 11 2.56425e-55
0 11 12 4.40026e-55
0 11 13 7.25481e-55
0 11 14 1.14922e-54
0 11 15 1.74906e-54
0 11 16 2.55763e-54
0 11 17 3.59333e-54
0 11 18 4.85049e-54
0 11 19 6.29074e-54
0 11 20 7.83875e-54
0 11 21 9.38469e-54
0 11 22 1.0795e-53
0 11 23 1.19303e-53
0 11 24 1.2668e-53
0 11 25 1.29239e-53
0 11 26 1.2668e-53
0 11 27 1.19303e-53
0 11 28 1.0795e-53
0 11 29 9.38469e-54
0 11 30 7.83875e-54
0 11 31 6.29074e-54
0 11 32 4.85049e-54
0 11 33 3.59333e-54
0 11 34 2.55763e-54
0 11 35 1.74906e-54
0 11 36 1.14922e-54
0 11 37 7.25481e-55
0 11 38 4.40026e-55
0 11 39 2.56425e-55
0 11 40 1.43572e-55
0 11 41 7.72336e-56
0 11 42 3.99183e-56
0 11 43 1.98228e-56
0 11 44 9.45775e-57
0 11 45 4.33549e-57
0 11 46 1.90949e-57
0 11 47 8.08023e-58
0 11 48 3.28517e-58
0 11 49 2.24301e-104
0 12 0 1.44458e-104
0 12 1 2.20212e-58
0 12 2 5.63738e-58
0 12 3 1.38657e-57
0 12 4 3.27669e-57
0 12 5 7.43973e-57
0 12 6 1.62296e-56
0 12 7 3.40161e-56
0 12 8 6.85001e-56
0 12 9 1.32533e-55
0 12 10 2.4637e-55
0 12 11 4.40026e-55
0 12 12 7.55088e-55
0 12 13 1.24493e-54
0 12 14 1.97206e-54
0 12 15 3.0014e-54
0 12 16 4.3889e-54
0 12 17 6.16618e-54
0 12 18 8.32347e-54
0 12 19 1.0795e-53
0 12 20 1.34513e-53
0 12 21 1.61042e-53
0 12 22 1.85242e-53
0 12 23 2.04724e-53
0 12 24 2.17384e-53
0 12 25 2.21775e-53
0 12 26 2.17384e-53
0 12 27 2.04724e-53
0 12 28 1.85242e-53
0 12 29 1.61042e-53
0 12 30 1.34513e-53
0 12 31 1.0795e-53
0 12 32 8.32347e-54
0 12 33 6.16618e-54
0 12 34 4.3889e-54
0 12 35 3.0014e-54
0 12 36 1.97206e-54
0 12 37 1.24493e-54
0 12 38 7.55088e-55
0 12 39 4.40026e-55
0 12 40 2.4637e-55
0 12 41 1.32533e-55
0 12 42 6.85001e-56
0 12 43 3.40161e-56
0 12 44 1.62296e-56
0 12 45 7.43973e-57
0 12 46 3.27669e-57
0 12 47 1.38657e-57
0 12 48 5.63738e-58
0 12 49 3.84902e-104
0 13 0 2.38171e-104
0 13 1 3.63068e-58
0 13 2 9.29447e-58
0 13 3 2.28607e-57
0 13 4 5.40235e-57
0 13 5 1.2266e-56
0 13 6 2.6758e-56
0 13 7 5.60831e-56
0 13 8 1.12938e-55
0 13 9 2.18511e-55
0 13 10 4.06196e-55
0 13 11 7.25481e-55
0 13 12 1.24493e-54
0 13 13 2.05254e-54
0 13 14 3.25138e-54
0 13 15 4.94847e-54
0 13 16 7.23608e-54
0 13 17 1.01663e-53
0 13 18 1.37231e-53
0 13 19 1.77979e-53
0 13 20 2.21775e-53
0 13 21 2.65513e-53
0 13 22 3.05413e-53
0 13 23 3.37533e-53
0 13 24 3.58405e-53
0 13 25 3.65646e-53
0 13 26 3.58405e-53
0 13 27 3.37533e-53
0 13 28 3.05413e-53
0 13 29 2.65513e-53
0 13 30 2.21775e-53
0 13 31 1.77979e-53
0 13 32 1.37231e-53
0 13 33 1.01663e-53
0 13 34 7.23608e-54
0 13 35 4.94847e-54
0 13 36 3.25138e-54
0 13 37 2.05254e-54
0 13 38 1.24493e-54
0 13 39 7.25481e-55
0 13 40 4.06196e-55
0 13 41 2.18511e-55
0 13 42 1.12938e-55
0 13 43 5.60831e-56
0 13 44 2.6758e-56
0 13 45 1.2266e-56
0 13 46 5.40235e-57
0 13 47 2.28607e-57
0 13 48 9.29447e-58
0 13 49 6.34596e-104
0 14 0 3.7728e-104
0 14 1 5.75126e-58
0 14 2 1.47231e-57
0 14 3 3.62131e-57
0 14 4 8.55773e-57
0 14 5 1.94303e-56
0 14 6 4.23867e-56
0 14 7 8.88398e-56
0 14 8 1.78901e-55
0 14 9 3.46137e-55
0 14 10 6.43444e-55
0 14 11 1.14922e-54
0 14 12 1.97206e-54
0 14 13 3.25138e-54
0 14 14 5.15043e-54
0 14 15 7.83875e-54
0 14 16 1.14625e-53
0 14 17 1.61042e-53
0 14 18 2.17384e-53
0 14 19 2.81932e-53
0 14 20 3.51308e-53
0 14 21 4.20593e-53
0 14 22 4.83797e-53
0 14 23 5.34678e-53
0 14 24 5.67741e-53
0 14 25 5.7921e-53
0 14 26 5.67741e-53
0 14 27 5.34678e-53
0 14 28 4.83797e-53
0 14 29 4.20593e-53
0 14 30 3.51308e-53
0 14 31 2.81932e-53
0 14 32 2.17384e-53
0 14 33 1.61042e-53
0 14 34 1.14625e-53
0 14 35 7.83875e-54
0 14 36 5.15043e-54
0 14 37 3.25138e-54
0 14 38 1.97206e-54
0 14 39 1.14922e-54
0 14 40 6.43444e-55
0 14 41 3.46137e-55
0 14 42 1.78901e-55
0 14 43 8.88398e-56
0 14 44 4.23867e-56
0 14 45 1.94303e-56
0 14 46 8.55773e-57
0 14 47 3.62131e-57
0 14 48 1.47231e-57
0 14 49 1.00525e-103
0 15 0 5.74206e-104
0 15 1 8.7532e-58
0 15 2 2.2408e-57
0 15 3 5.51149e-57
0 15 4 1.30245e-56
0 15 5 2.95722e-56
0 15 6 6.45109e-56
0 15 7 1.35211e-55
0 15 8 2.72281e-55
0 15 9 5.26807e-55
0 15 10 9.79297e-55
0 15 11 1.74906e-54
0 15 12 3.0014e-54
0 15 13 4.94847e-54
0 15 14 7.83875e-54
0 15 15 1.19303e-53
0 15 16 1.74455e-53
0 15 17 2.451e-53
0 15 18 3.3085e-53
0 15 19 4.29089e-53
0 15 20 5.34678e-53
0 15 21 6.40126e-53
0 15 22 7.3632e-53
0 15 23 8.13759e-53
0 15 24 8.64079e-53
0 15 25 8.81535e-53
0 15 26 8.64079e-53
0 15 27 8.13759e-53
0 15 28 7.3632e-53
0 15 29 6.40126e-53
0 15 30 5.34678e-53
0 15 31 4.29089e-53
0 15 32 3.3085e-53
0 15 33 2.451e-53
0 15 34 1.74455e-53
0 15 35 1.19303e-53
0 15 36 7.83875e-54
0 15 37 4.94847e-54
0 15 38 3.0014e-54
0 15 39 1.74906e-54
0 15 40 9.79297e-55
0 15 41 5.26807e-55
0 15 42 2.72281e-55
0 15 43 1.35211e-55
0 15 44 6.45109e-56
0 15 45 2.95722e-56
0 15 46 1.30245e-56
0 15 47 5.51149e-57
0 15 48 2.2408e-57
0 15 49 1.52995e-103
0 16 0 8.39653e-104
0 16 1 1.27997e-57
0 16 2 3.27669e-57
0 16 3 8.05936e-57
0 16 4 1.90456e-56
0 16 5 4.3243e-56
0 16 6 9.43333e-56
0 16 7 1.97717e-55
0 16 8 3.98152e-55
0 16 9 7.70342e-55
0 16 10 1.43201e-54
0 16 11 2.55763e-54
0 16 12 4.3889e-54
0 16 13 7.23608e-54
0 16 14 1.14625e-53
0 16 15 1.74455e-53
0 16 16 2.55102e-53
0 16 17 3.58405e-53
0 16 18 4.83797e-53
0 16 19 6.2745e-53
0 16 20 7.81851e-53
0 16 21 9.36046e-53
0 16 22 1.07671e-52
0 16 23 1.18995e-52
0 16 24 1.26353e-52
0 16 25 1.28905e-52
0 16 26 1.26353e-52
0 16 27 1.18995e-52
0 16 28 1.07671e-52
0 16 29 9.36046e-53
0 16 30 7.81851e-53
0 16 31 6.2745e-53
0 16 32 4.83797e-53
0 16 33 3.58405e-53
0 16 34 2.55102e-53
0 16 35 1.74455e-53
0 16 36 1.14625e-53
0 16 37 7.23608e-54
0 16 38 4.3889e-54
0 16 39 2.55763e-54
0 16 40 1.43201e-54
0 16 41 7.70342e-55
0 16 42 3.98152e-55
0 16 43 1.97717e-55
0 16 44 9.43333e-56
0 16 45 4.3243e-56
0 16 46 1.90456e-56
0 16 47 8.05936e-57
0 16 48 3.27669e-57
0 16 49 2.23722e-103
0 17 0 1.17967e-103
0 17 1 1.79829e-57
0 17 2 4.60358e-57
0 17 3 1.1323e-56
0 17 4 2.6758e-56
0 17 5 6.07541e-56
0 17 6 1.32533e-55
0 17 7 2.77781e-55
0 17 8 5.59383e-55
0 17 9 1.08229e-54
0 17 10 2.0119e-54
0 17 11 3.59333e-54
0 17 12 6.16618e-54
0 17 13 1.01663e-53
0 17 14 1.61042e-53
0 17 15 2.451e-53
0 17 16 3.58405e-53
0 17 17 5.03541e-53
0 17 18 6.79709e-53
0 17 19 8.81535e-53
0 17 20 1.09846e-52
0 17 21 1.3151e-52
0 17 22 1.51272e-52
0 17 23 1.67181e-52
0 17 24 1.77519e-52
0 17 25 1.81105e-52
0 17 26 1.77519e-52
0 17 27 1.67181e-52
0 17 28 1.51272e-52
0 17 29 1.3151e-52
0 17 30 1.09846e-52
0 17 31 8.81535e-53
0 17 32 6.79709e-53
0 17 33 5.03541e-53
0 17 34 3.58405e-53
0 17 35 2.451e-53
0 17 36 1.61042e-53
0 17 37 1.01663e-53
0 17 38 6.16618e-54
0 17 39 3.59333e-54
0 17 40 2.0119e-54
0 17 41 1.08229e-54
0 17 42 5.59383e-55
0 17 43 2.77781e-55
0 17 44 1.32533e-55
0 17 45 6.07541e-56
0 17 46 2.6758e-56
0 17 47 1.1323e-56
0 17 48 4.60358e-57
0 17 49 3.14317e-103
0 18 0 1.59239e-103
0 18 1 2.42743e-57
0 18 2 6.21419e-57
0 18 3 1.52844e-56
0 18 4 3.61196e-56
0 18 5 8.20095e-56
0 18 6 1.78901e-55
0 18 7 3.74966e-55
0 18 8 7.55088e-55
0 18 9 1.46094e-54
0 18 10 2.71578e-54
0 18 11 4.85049e-54
0 18 12 8.32347e-54
0 18 13 1.37231e-53
0 18 14 2.17384e-53
0 18 15 3.3085e-53
0 18 16 4.83797e-53
0 18 17 6.79709e-53
0 18 18 9.17511e-53
0 18 19 1.18995e-52
0 18 20 1.48277e-52
0 18 21 1.77519e-52
0 18 22 2.04196e-52
0 18 23 2.25671e-52
0 18 24 2.39626e-52
0 18 25 2.44467e-52
0 18 26 2.39626e-52
0 18 27 2.25671e-52
0 18 28 2.04196e-52
0 18 29 1.77519e-52
0 18 30 1.48277e-52
0 18 31 1.18995e-52
0 18 32 9.17511e-53
0 18 33 6.79709e-53
0 18 34 4.83797e-53
0 18 35 3.3085e-53
0 18 36 2.17384e-53
0 18 37 1.37231e-53
0 18 38 8.32347e-54
0 18 39 4.85049e-54
0 18 40 2.71578e-54
0 18 41 1.46094e-54
0 18 42 7.55088e-55
0 18 43 3.74966e-55
0 18 44 1.78901e-55
0 18 45 8.20095e-56
0 18 46 3.61196e-56
0 18 47 1.52844e-56
0 18 48 6.21419e-57
0 18 49 4.24284e-103
0 19 0 2.06521e-103
0 19 1 3.14821e-57
0 19 2 8.05936e-57
0 19 3 1.98228e-56
0 19 4 4.68445e-56
0 19 5 1.06361e-55
0 19 6 2.32023e-55
0 19 7 4.86304e-55
0 19 8 9.79297e-55
0 19 9 1.89474e-54
0 19 10 3.52218e-54
0 19 11 6.29074e-54
0 19 12 1.0795e-53
0 19 13 1.77979e-53
0 19 14 2.81932e-53
0 19 15 4.29089e-53
0 19 16 6.2745e-53
0 19 17 8.81535e-53
0 19 18 1.18995e-52
0 19 19 1.54328e-52
0 19 20 1.92304e-52
0 19 21 2.3023e-52
0 19 22 2.64828e-52
0 19 23 2.9268e-52
0 19 24 3.10778e-52
0 19 25 3.17056e-52
0 19 26 3.10778e-52
0 19 27 2.9268e-52
0 19 28 2.64828e-52
0 19 29 2.3023e-52
0 19 30 1.92304e-52
0 19 31 1.54328e-52
0 19 32 1.18995e-52
0 19 33 8.81535e-53
0 19 34 6.2745e-53
0 19 35 4.29089e-53
0 19 36 2.81932e-53
0 19 37 1.77979e-53
0 19 38 1.0795e-53
0 19 39 6.29074e-54
0 19 40 3.52218e-54
0 19 41 1.89474e-54
0 19 42 9.79297e-55
0 19 43 4.86304e-55
0 19 44 2.32023e-55
0 19 45 1.06361e-55
0 19 46 4.68445e-56
0 19 47 1.98228e-56
0 19 48 8.05936e-57
0 19 49 5.50267e-103
0 20 0 2.57341e-103
0 20 1 3.92291e-57
0 20 2 1.00426e-56
0 20 3 2.47008e-56
0 20 4 5.83719e-56
0 20 5 1.32533e-55
0 20 6 2.89118e-55
0 20 7 6.05973e-55
0 20 8 1.22028e-54
0 20 9 2.36099e-54
0 20 10 4.3889e-54
0 20 11 7.83875e-54
0 20 12 1.34513e-53
0 20 13 2.21775e-53
0 20 14 3.51308e-53
0 20 15 5.34678e-53
0 20 16 7.81851e-53
0 20 17 1.09846e-52
0 20 18 1.48277e-52
0 20 19 1.92304e-52
0 20 20 2.39626e-52
0 20 21 2.86884e-52
0 20 22 3.29996e-52
0 20 23 3.64702e-52
0 20 24 3.87253e-52
0 20 25 3.95076e-52
0 20 26 3.87253e-52
0 20 27 3.64702e-52
0 20 28 3.29996e-52
0 20 29 2.86884e-52
0 20 30 2.39626e-52
0 20 31 1.92304e-52
0 20 32 1.48277e-52
0 20 33 1.09846e-52
0 20 34 7.81851e-53
0 20 35 5.34678e-53
0 20 36 3.51308e-53
0 20 37 2.21775e-53
0 20 38 1.34513e-53
0 20 39 7.83875e-54
0 20 40 4.3889e-54
0 20 41 2.36099e-54
0 20 42 1.22028e-54
0 20 43 6.05973e-55
0 20 44 2.89118e-55
0 20 45 1.32533e-55
0 20 46 5.83719e-56
0 20 47 2.47008e-56
0 20 48 1.00426e-56
0 20 49 6.85675e-103
0 21 0 3.08094e-103
0 21 1 4.69658e-57
0 21 2 1.20232e-56
0 21 3 2.95722e-56
0 21 4 6.98839e-56
0 21 5 1.58671e-55
0 21 6 3.46137e-55
0 21 7 7.25481e-55
0 21 8 1.46094e-54
0 21 9 2.82661e-54
0 21 10 5.25447e-54
0 21 11 9.38469e-54
0 21 12 1.61042e-53
0 21 13 2.65513e-53
0 21 14 4.20593e-53
0 21 15 6.40126e-53
0 21 16 9.36046e-53
0 21 17 1.3151e-52
0 21 18 1.77519e-52
0 21 19 2.3023e-52
0 21 20 2.86884e-52
0 21 21 3.43463e-52
0 21 22 3.95076e-52
0 21 23 4.36627e-52
0 21 24 4.63627e-52
0 21 25 4.72992e-52
0 21 26 4.63627e-52
0 21 27 4.36627e-52
0 21 28 3.95076e-52
0 21 29 3.43463e-52
0 21 30 2.86884e-52
0 21 31 2.3023e-52
0 21 32 1.77519e-52
0 21 33 1.3151e-52
0 21 34 9.36046e-53
0 21 35 6.40126e-53
0 21 36 4.20593e-53
0 21 37 2.65513e-53
0 21 38 1.61042e-53
0 21 39 9.38469e-54
0 21 40 5.25447e-54
0 21 41 2.82661e-54
0 21 42 1.46094e-54
0 21 43 7.25481e-55
0 21 44 3.46137e-55
0 21 45 1.58671e-55
0 21 46 6.98839e-56
0 21 47 2.95722e-56
0 21 48 1.20232e-56
0 21 49 8.20902e-103
0 22 0 3.54392e-103
0 22 1 5.40235e-57
0 22 2 1.38299e-56
0 22 3 3.40161e-56
0 22 4 8.03856e-56
0 22 5 1.82515e-55
0 22 6 3.98152e-55
0 22 7 8.34502e-55
0 22 8 1.68048e-54
0 22 9 3.25138e-54
0 22 10 6.04408e-54
0 22 11 1.0795e-53
0 22 12 1.85242e-53
0 22 13 3.05413e-53
0 22 14 4.83797e-53
0 22 15 7.3632e-53
0 22 16 1.07671e-52
0 22 17 1.51272e-52
0 22 18 2.04196e-52
0 22 19 2.64828e-52
0 22 20 3.29996e-52
0 22 21 3.95076e-52
0 22 22 4.54446e-52
0 22 23 5.02241e-52
0 22 24 5.33297e-52
0 22 25 5.44071e-52
0 22 26 5.33297e-52
0 22 27 5.02241e-52
0 22 28 4.54446e-52
0 22 29 3.95076e-52
0 22 30 3.29996e-52
0 22 31 2.64828e-52
0 22 32 2.04196e-52
0 22 33 1.51272e-52
0 22 34 1.07671e-52
0 22 35 7.3632e-53
0 22 36 4.83797e-53
0 22 37 3.05413e-53
0 22 38 1.85242e-53
0 22 39 1.0795e-53
0 22 40 6.04408e-54
0 22 41 3.25138e-54
0 22 42 1.68048e-54
0 22 43 8.34502e-55
0 22 44 3.98152e-55
0 22 45 1.82515e-55
0 22 46 8.03856e-56
0 22 47 3.40161e-56
0 22 48 1.38299e-56
0 22 49 9.44262e-103
0 23 0 3.91664e-103
0 23 1 5.97052e-57
0 23 2 1.52844e-56
0 23 3 3.75936e-56
0 23 4 8.88398e-56
0 23 5 2.01711e-55
0 23 6 4.40026e-55
0 23 7 9.22267e-55
0 23 8 1.85722e-54
0 23 9 3.59333e-54
0 23 10 6.67974e-54
0 23 11 1.19303e-53
0 23 12 2.04724e-53
0 23 13 3.37533e-53
0 23 14 5.34678e-53
0 23 15 8.13759e-53
0 23 16 1.18995e-52
0 23 17 1.67181e-52
0 23 18 2.25671e-52
0 23 19 2.9268e-52
0 23 20 3.64702e-52
0 23 21 4.36627e-52
0 23 22 5.02241e-52
0 23 23 5.55062e-52
0 23 24 5.89385e-52
0 23 25 6.01291e-52
0 23 26 5.89385e-52
0 23 27 5.55062e-52
0 23 28 5.02241e-52
0 23 29 4.36627e-52
0 23 30 3.64702e-52
0 23 31 2.9268e-52
0 23 32 2.25671e-52
0 23 33 1.67181e-52
0 23 34 1.18995e-52
0 23 35 8.13759e-53
0 23 36 5.34678e-53
0 23 37 3.37533e-53
0 23 38 2.04724e-53
0 23 39 1.19303e-53
0 23 40 6.67974e-54
0 23 41 3.59333e-54
0 23 42 1.85722e-54
0 23 43 9.22267e-55
0 23 44 4.40026e-55
0 23 45 2.01711e-55
0 23 46 8.88398e-56
0 23 47 3.75936e-56
0 23 48 1.52844e-56
0 23 49 1.04357e-102
0 24 0 4.15883e-103
0 24 1 6.33972e-57
0 24 2 1.62296e-56
0 24 3 3.99183e-56
0 24 4 9.43333e-56
0 24 5 2.14184e-55
0 24 6 4.67236e-55
0 24 7 9.79297e-55
0 24 8 1.97206e-54
0 24 9 3.81553e-54
0 24 10 7.09279e-54
0 24 11 1.2668e-53
0 24 12 2.17384e-53
0 24 13 3.58405e-53
0 24 14 5.67741e-53
0 24 15 8.64079e-53
0 24 16 1.26353e-52
0 24 17 1.77519e-52
0 24 18 2.39626e-52
0 24 19 3.10778e-52
0 24 20 3.87253e-52
0 24 21 4.63627e-52
0 24 22 5.33297e-52
0 24 23 5.89385e-52
0 24 24 6.2583e-52
0 24 25 6.38473e-52
0 24 26 6.2583e-52
0 24 27 5.89385e-52
0 24 28 5.33297e-52
0 24 29 4.63627e-52
0 24 30 3.87253e-52
0 24 31 3.10778e-52
0 24 32 2.39626e-52
0 24 33 1.77519e-52
0 24 34 1.26353e-52
0 24 35 8.64079e-53
0 24 36 5.67741e-53
0 24 37 3.58405e-53
0 24 38 2.17384e-53
0 24 39 1.2668e-53
0 24 40 7.09279e-54
0 24 41 3.81553e-54
0 24 42 1.97206e-54
0 24 43 9.79297e-55
0 24 44 4.67236e-55
0 24 45 2.14184e-55
0 24 46 9.43333e-56
0 24 47 3.99183e-56
0 24 48 1.62296e-56
0 24 49 1.1081e-102
0 25 0 4.24284e-103
0 25 1 6.46779e-57
0 25 2 1.65574e-56
0 25 3 4.07247e-56
0 25 4 9.6239e-56
0 25 5 2.18511e-55
0 25 6 4.76675e-55
0 25 7 9.9908e-55
0 25 8 2.0119e-54
0 25 9 3.89261e-54
0 25 10 7.23608e-54
0 25 11 1.29239e-53
0 25 12 2.21775e-53
0 25 13 3.65646e-53
0 25 14 5.7921e-53
0 25 15 8.81535e-53
0 25 16 1.28905e-52
0 25 17 1.81105e-52
0 25 18 2.44467e-52
0 25 19 3.17056e-52
0 25 20 3.95076e-52
0 25 21 4.72992e-52
0 25 22 5.44071e-52
0 25 23 6.01291e-52
0 25 24 6.38473e-52
0 25 25 6.51371e-52
0 25 26 6.38473e-52
0 25 27 6.01291e-52
0 25 28 5.44071e-52
0 25 29 4.72992e-52
0 25 30 3.95076e-52
0 25 31 3.17056e-52
0 25 32 2.44467e-52
0 25 33 1.81105e-52
0 25 34 1.28905e-52
0 25 35 8.81535e-53
0 25 36 5.7921e-53
0 25 37 3.65646e-53
0 25 38 2.21775e-53
0 25 39 1.29239e-53
0 25 40 7.23608e-54
0 25 41 3.89261e-54
0 25 42 2.0119e-54
0 25 43 9.9908e-55
0 25 44 4.76675e-55
0 25 45 2.18511e-55
0 25 46 9.6239e-56
0 25 47 4.07247e-56
0 25 48 1.65574e-56
0 25 49 1.13049e-102
0 26 0 4.15883e-103
0 26 1 6.33972e-57
0 26 2 1.62296e-56
0 26 3 3.99183e-56
0 26 4 9.43333e-56
0 26 5 2.14184e-55
0 26 6 4.67236e-55
0 26 7 9.79297e-55
0 26 8 1.97206e-54
0 26 9 3.81553e-54
0 26 10 7.09279e-54
0 26 11 1.2668e-53
0 26 12 2.17384e-53
0 26 13 3.58405e-53
0 26 14 5.67741e-53
0 26 15 8.64079e-53
0 26 16 1.26353e-52
0 26 17 1.77519e-52
0 26 18 2.39626e-52
0 26 19 3.10778e-52
0 26 20 3.87253e-52
0 26 21 4.63627e-52
0 26 22 5.33297e-52
0 26 23 5.89385e-52
0 26 24 6.2583e-52
0 26 25 6.38473e-52
0 26 26 6.2583e-52
0 26 27 5.89385e-52
0 26 28 5.33297e-52
0 26 29 4.63627e-52
0 26 30 3.87253e-52
0 26 31 3.10778e-52
0 26 32 2.39626e-52
0 26 33 1.77519e-52
0 26 34 1.26353e-52
0 26 35 8.64079e-53
0 26 36 5.67741e-53
0 26 37 3.58405e-53
0 26 38 2.17384e-53
0 26 39 1.2668e-53
0 26 40 7.09279e-54
0 26 41 3.81553e-54
0 26 42 1.97206e-54
0 26 43 9.79297e-55
0 26 44 4.67236e-55
0 26 45 2.14184e-55
0 26 46 9.43333e-56
0 26 47 3.99183e-56
0 26 48 1.62296e-56
0 26 49 1.1081e-102
0 27 0 3.91664e-103
0 27 1 5.97052e-57
0 27 2 1.52844e-56
0 27 3 3.75936e-56
0 27 4 8.88398e-56
0 27 5 2.01711e-55
0 27 6 4.40026e-55
0 27 7 9.22267e-55
0 27 8 1.85722e-54
0 27 9 3.59333e-54
0 27 10 6.67974e-54
0 27 11 1.19303e-53
0 27 12 2.04724e-53
0 27 13 3.37533e-53
0 27 14 5.34678e-53
0 27 15 8.13759e-53
0 27 16 1.18995e-52
0 27 17 1.67181e-52
0 27 18 2.25671e-52
0 27 19 2.9268e-52
0 27 20 3.64702e-52
0 27 21 4.36627e-52
0 27 22 5.02241e-52
0 27 23 5.55062e-52
0 27 24 5.89385e-52
0 27 25 6.01291e-52
0 27 26 5.89385e-52
0 27 27 5.55062e-52
0 27 28 5.02241e-52
0 27 29 4.36627e-52
0 27 30 3.64702e-52
0 27 31 2.9268e-52
0 27 32 2.25671e-52
0 27 33 1.67181e-52
0 27 34 1.18995e-52
0 27 35 8.13759e-53
0 27 36 5.34678e-53
0 27 37 3.37533e-53
0 27 38 2.04724e-53
0 27 39 1.19303e-53
0 27 40 6.67974e-54
0 27 41 3.59333e-54
0 27 42 1.85722e-54
0 27 43 9.22267e-55
0 27 44 4.40026e-55
0 27 45 2.01711e-55
0 27 46 8.88398e-56
0 27 47 3.75936e-56
0 27 48 1.52844e-56
0 27 49 1.04357e-102
0 28 0 3.54392e-103
0 28 1 5.40235e-57
0 28 2 1.38299e-56
0 28 3 3.40161e-56
0 28 4 8.03856e-56
0 28 5 1.82515e-55
0 28 6 3.98152e-55
0 28 7 8.34502e-55
0 28 8 1.68048e-54
0 28 9 3.25138e-54
0 28 10 6.04408e-54
0 28 11 1.0795e-53
0 28 12 1.85242e-53
0 28 13 3.05413e-53
0 28 14 4.83797e-53
0 28 15 7.3632e-53
0 28 16 1.07671e-52
0 28 17 1.51272e-52
0 28 18 2.04196e-52
0 28 19 2.64828e-52
0 28 20 3.29996e-52
0 28 21 3.95076e-52
0 28 22 4.54446e-52
0 28 23 5.02241e-52
0 28 24 5.33297e-52
0 28 25 5.44071e-52
0 28 26 5.33297e-52
0 28 27 5.02241e-52
0 28 28 4.54446e-52
0 28 29 3.95076e-52
0 28 30 3.29996e-52
0 28 31 2.64828e-52
0 28 32 2.04196e-52
0 28 33 1.51272e-52
0 28 34 1.07671e-52
0 28 35 7.3632e-53
0 28 36 4.83797e-53
0 28 37 3.05413e-53
0 28 38 1.85242e-53
0 28 39 1.0795e-53
0 28 40 6.04408e-54
0 28 41 3.25138e-54
0 28 42 1.68048e-54
0 28 43 8.34502e-55
0 28 44 3.98152e-55
0 28 45 1.82515e-55
0 28 46 8.03856e-56
0 28 47 3.40161e-56
0 28 48 1.38299e-56
0 28 49 9.44262e-103
0 29 0 3.08094e-103
0 29 1 4.69658e-57
0 29 2 1.20232e-56
0 29 3 2.95722e-56
0 29 4 6.98839e-56
0 29 5 1.58671e-55
0 29 6 3.46137e-55
0 29 7 7.25481e-55
0 29 8 1.46094e-54
0 29 9 2.82661e-54
0 29 10 5.25447e-54
0 29 11 9.38469e-54
0 29 12 1.61042e-53
0 29 13 2.65513e-53
0 29 14 4.20593e-53
0 29 15 6.40126e-53
0 29 16 9.36046e-53
0 29 17 1.3151e-52
0 29 18 1.77519e-52
0 29 19 2.3023e-52
0 29 20 2.86884e-52
0 29 21 3.43463e-52
0 29 22 3.95076e-52
0 29 23 4.36627e-52
0 29 24 4.63627e-52
0 29 25 4.72992e-52
0 29 26 4.63627e-52
0 29 27 4.36627e-52
0 29 28 3.95076e-52
0 29 29 3.43463e-52
0 29 30 2.86884e-52
0 29 31 2.3023e-52
0 29 32 1.77519e-52
0 29 33 1.3151e-52
0 29 34 9.36046e-53
0 29 35 6.40126e-53
0 29 36 4.20593e-53
0 29 37 2.65513e-53
0 29 38 1.61042e-53
0 29 39 9.38469e-54
0 29 40 5.25447e-54
0 29 41 2.82661e-54
0 29 42 1.46094e-54
0 29 43 7.25481e-55
0 29 44 3.46137e-55
0 29 45 1.58671e-55
0 29 46 6.98839e-56
0 29 47 2.95722e-56
0 29 48 1.20232e-56
0 29 49 8.20902e-103
0 30 0 2.57341e-103
0 30 1 3.92291e-57
0 30 2 1.00426e-56
0 30 3 2.47008e-56
0 30 4 5.83719e-56
0 30 5 1.32533e-55
0 30 6 2.89118e-55
0 30 7 6.05973e-55
0 30 8 1.22028e-54
0 30 9 2.36099e-54
0 30 10 4.3889e-54
0 30 11 7.83875e-54
0 30 12 1.34513e-53
0 30 13 2.21775e-53
0 30 14 3.51308e-53
0 30 15 5.34678e-53
0 30 16 7.81851e-53
0 30 17 1.09846e-52
0 30 18 1.48277e-52
0 30 19 1.92304e-52
0 30 20 2.39626e-52
0 30 21 2.86884e-52
0 30 22 3.29996e-52
0 30 23 3.64702e-52
0 30 24 3.87253e-52
0 30 25 3.95076e-52
0 30 26 3.87253e-52
0 30 27 3.64702e-52
0 30 28 3.29996e-52
0 30 29 2.86884e-52
0 30 30 2.39626e-52
0 30 31 1.92304e-52
0 30 32 1.48277e-52
0 30 33 1.09846e-52
0 30 34 7.81851e-53
0 30 35 5.34678e-53
0 30 36 3.51308e-53
0 30 37 2.21775e-53
0 30 38 1.34513e-53
0 30 39 7.83875e-54
0 30 40 4.3889e-54
0 30 41 2.36099e-54
0 30 42 1.22028e-54
0 30 43 6.05973e-55
0 30 44 2.89118e-55
0 30 45 1.32533e-55
0 30 46 5.83719e-56
0 30 47 2.47008e-56
0 30 48 1.00426e-56
0 30 49 6.85675e-103
0 31 0 2.06521e-103
0 31 1 3.14821e-57
0 31 2 8.05936e-57
0 31 3 1.98228e-56
0 31 4 4.68445e-56
0 31 5 1.06361e-55
0 31 6 2.32023e-55
0 31 7 4.86304e-55
0 31 8 9.79297e-55
0 31 9 1.89474e-54
0 31 10 3.52218e-54
0 31 11 6.29074e-54
0 31 12 1.0795e-53
0 31 13 1.77979e-53
0 31 14 2.81932e-53
0 31 15 4.29089e-53
0 31 16 6.2745e-53
0 31 17 8.81535e-53
0 31 18 1.18995e-52
0 31 19 1.54328e-52
0 31 20 1.92304e-52
0 31 21 2.3023e-52
0 31 22 2.64828e-52
0 31 23 2.9268e-52
0 31 24 3.10778e-52
0 31 25 3.17056e-52
0 31 26 3.10778e-52
0 31 27 2.9268e-52
0 31 28 2.64828e-52
0 31 29 2.3023e-52
0 31 30 1.92304e-52
0 31 31 1.54328e-52
0 31 32 1.18995e-52
0 31 33 8.81535e-53
0 31 34 6.2745e-53
0 31 35 4.29089e-53
0 31 36 2.81932e-53
0 31 37 1.77979e-53
0 31 38 1.0795e-53
0 31 39 6.29074e-54
0 31 40 3.52218e-54
0 31 41 1.89474e-54
0 31 42 9.79297e-55
0 31 43 4.86304e-55
0 31 44 2.32023e-55
0 31 45 1.06361e-55
0 31 46 4.68445e-56
0 31 47 1.98228e-56
0 31 48 8.05936e-57
0 31 49 5.50267e-103
0 32 0 1.59239e-103
0 32 1 2.42743e-57
0 32 2 6.21419e-57
0 32 3 1.52844e-56
0 32 4 3.61196e-56
0 32 5 8.20095e-56
0 32 6 1.78901e-55
0 32 7 3.74966e-55
0 32 8 7.55088e-55
0 32 9 1.46094e-54
0 32 10 2.71578e-54
0 32 11 4.85049e-54
0 32 12 8.32347e-54
0 32 13 1.37231e-53
0 32 14 2.17384e-53
0 32 15 3.3085e-53
0 32 16 4.83797e-53
0 32 17 6.79709e-53
0 32 18 9.17511e-53
0 32 19 1.18995e-52
0 32 20 1.48277e-52
0 32 21 1.77519e-52
0 32 22 2.04196e-52
0 32 23 2.25671e-52
0 32 24 2.39626e-52
0 32 25 2.44467e-52
0 32 26 2.39626e-52
0 32 27 2.25671e-52
0 32 28 2.04196e-52
0 32 29 1.77519e-52
0 32 30 1.48277e-52
0 32 31 1.18995e-52
0 32 32 9.17511e-53
0 32 33 6.79709e-53
0 32 34 4.83797e-53
0 32 35 3.3085e-53
0 32 36 2.17384e-53
0 32 37 1.37231e-53
0 32 38 8.32347e-54
0 32 39 4.85049e-54
0 32 40 2.71578e-54
0 32 41 1.46094e-54
0 32 42 7.55088e-55
0 32 43 3.74966e-55
0 32 44 1.78901e-55
0 32 45 8.20095e-56
0 32 46 3.61196e-56
0 32 47 1.52844e-56
0 32 48 6.21419e-57
0 32 49 4.24284e-103
0 33 0 1.17967e-103
0 33 1 1.79829e-57
0 33 2 4.60358e-57
0 33 3 1.1323e-56
0 33 4 2.6758e-56
0 33 5 6.07541e-56
0 33 6 1.32533e-55
0 33 7 2.77781e-55
0 33 8 5.59383e-55
0 33 9 1.08229e-54
0 33 10 2.0119e-54
0 33 11 3.59333e-54
0 33 12 6.16618e-54
0 33 13 1.01663e-53
0 33 14 1.61042e-53
0 33 15 2.451e-53
0 33 16 3.58405e-53
0 33 17 5.03541e-53
0 33 18 6.79709e-53
0 33 19 8.81535e-53
0 33 20 1.09846e-52
0 33 21 1.3151e-52
0 33 22 1.51272e-52
0 33 23 1.67181e-52
0 33 24 1.77519e-52
0 33 25 1.81105e-52
0 33 26 1.77519e-52
0 33 27 1.67181e-52
0 33 28 1.51272e-52
0 33 29 1.3151e-52
0 33 30 1.09846e-52
0 33 31 8.81535e-53
0 33 32 6.79709e-53
0 33 33 5.03541e-53
0 33 34 3.58405e-53
0 33 35 2.451e-53
0 33 36 1.61042e-53
0 33 37 1.01663e-53
0 33 38 6.16618e-54
0 33 39 3.59333e-54
0 33 40 2.0119e-54
0 33 41 1.08229e-54
0 33 42 5.59383e-55
0 33 43 2.77781e-55
0 33 44 1.32533e-55
0 33 45 6.07541e-56
0 33 46 2.6758e-56
0 33 47 1.1323e-56
0 33 48 4.60358e-57
0 33 49 3.14317e-103
0 34 0 8.39653e-104
0 34 1 1.27997e-57
0 34 2 3.27669e-57
0 34 3 8.05936e-57
0 34 4 1.90456e-56
0 34 5 4.3243e-56
0 34 6 9.43333e-56
0 34 7 1.97717e-55
0 34 8 3.98152e-55
0 34 9 7.70342e-55
0 34 10 1.43201e-54
0 34 11 2.55763e-54
0 34 12 4.3889e-54
0 34 13 7.23608e-54
0 34 14 1.14625e-53
0 34 15 1.74455e-53
0 34 16 2.55102e-53
0 34 17 3.58405e-53
0 34 18 4.83797e-53
0 34 19 6.2745e-53
0 34 20 7.81851e-53
0 34 21 9.36046e-53
0 34 22 1.07671e-52
0 34 23 1.18995e-52
0 34 24 1.26353e-52
0 34 25 1.28905e-52
0 34 26 1.26353e-52
0 34 27 1.18995e-52
0 34 28 1.07671e-52
0 34 29 9.36046e-53
0 34 30 7.81851e-53
0 34 31 6.2745e-53
0 34 32 4.83797e-53
0 34 33 3.58405e-53
0 34 34 2.55102e-53
0 34 35 1.74455e-53
0 34 36 1.14625e-53
0 34 37 7.23608e-54
0 34 38 4.3889e-54
0 34 39 2.55763e-54
0 34 40 1.43201e-54
0 34 41 7.70342e-55
0 34 42 3.98152e-55
0 34 43 1.97717e-55
0 34 44 9.43333e-56
0 34 45 4.3243e-56
0 34 46 1.90456e-56
0 34 47 8.05936e-57
0 34 48 3.27669e-57
0 34 49 2.23722e-103
0 35 0 5.74206e-104
0 35 1 8.7532e-58
0 35 2 2.2408e-57
0 35 3 5.51149e-57
0 35 4 1.30245e-56
0 35 5 2.95722e-56
0 35 6 6.45109e-56
0 35 7 1.35211e-55
0 35 8 2.72281e-55
0 35 9 5.26807e-55
0 35 10 9.79297e-55
0 35 11 1.74906e-54
0 35 12 3.0014e-54
0 35 13 4.94847e-54
0 35 14 7.83875e-54
0 35 15 1.19303e-53
0 35 16 1.74455e-53
0 35 17 2.451e-53
0 35 18 3.3085e-53
0 35 19 4.29089e-53
0 35 20 5.34678e-53
0 35 21 6.40126e-53
0 35 22 7.3632e-53
0 35 23 8.13759e-53
0 35 24 8.64079e-53
0 35 25 8.81535e-53
0 35 26 8.64079e-53
0 35 27 8.13759e-53
0 35 28 7.3632e-53
0 35 29 6.40126e-53
0 35 30 5.34678e-53
0 35 31 4.29089e-53
0 35 32 3.3085e-53
0 35 33 2.451e-53
0 35 34 1.74455e-53
0 35 35 1.19303e-53
0 35 36 7.83875e-54
0 35 37 4.94847e-54
0 35 38 3.0014e-54
0 35 39 1.74906e-54
0 35 40 9.79297e-55
0 35 41 5.26807e-55
0 35 42 2.72281e-55
0 35 43 1.35211e-55
0 35 44 6.45109e-56
0 35 45 2.95722e-56
0 35 46 1.30245e-56
0 35 47 5.51149e-57
0 35 48 2.2408e-57
0 35 49 1.52995e-103
0 36 0 3.7728e-104
0 36 1 5.75126e-58
0 36 2 1.47231e-57
0 36 3 3.62131e-57
0 36 4 8.55773e-57
0 36 5 1.94303e-56
0 36 6 4.23867e-56
0 36 7 8.88398e-56
0 36 8 1.78901e-55
0 36 9 3.46137e-55
0 36 10 6.43444e-55
0 36 11 1.14922e-54
0 36 12 1.97206e-54
0 36 13 3.25138e-54
0 36 14 5.15043e-54
0 36 15 7.83875e-54
0 36 16 1.14625e-53
0 36 17 1.61042e-53
0 36 18 2.17384e-53
0 36 19 2.81932e-53
0 36 20 3.51308e-53
0 36 21 4.20593e-53
0 36 22 4.83797e-53
0 36 23 5.34678e-53
0 36 24 5.67741e-53
0 36 25 5.7921e-53
0 36 26 5.67741e-53
0 36 27 5.34678e-53
0 36 28 4.83797e-53
0 36 29 4.20593e-53
0 36 30 3.51308e-53
0 36 31 2.81932e-53
0 36 32 2.17384e-53
0 36 33 1.61042e-53
0 36 34 1.14625e-53
0 36 35 7.83875e-54
0 36 36 5.15043e-54
0 36 37 3.25138e-54
0 36 38 1.97206e-54
0 36 39 1.14922e-54
0 36 40 6.43444e-55
0 36 41 3.46137e-55
0 36 42 1.78901e-55
0 36 43 8.88398e-56
0 36 44 4.23867e-56
0 36 45 1.94303e-56
0 36 46 8.55773e-57
0 36 47 3.62131e-57
0 36 48 1.47231e-57
0 36 49 1.00525e-103
0 37 0 2.38171e-104
0 37 1 3.63068e-58
0 37 2 9.29447e-58
0 37 3 2.28607e-57
0 37 4 5.40235e-57
0 37 5 1.2266e-56
0 37 6 2.6758e-56
0 37 7 5.60831e-56
0 37 8 1.12938e-55
0 37 9 2.18511e-55
0 37 10 4.06196e-55
0 37 11 7.25481e-55
0 37 12 1.24493e-54
0 37 13 2.05254e-54
0 37 14 3.25138e-54
0 37 15 4.94847e-54
0 37 16 7.23608e-54
0 37 17 1.01663e-53
0 37 18 1.37231e-53
0 37 19 1.77979e-53
0 37 20 2.21775e-53
0 37 21 2.65513e-53
0 37 22 3.05413e-53
0 37 23 3.37533e-53
0 37 24 3.58405e-53
0 37 25 3.65646e-53
0 37 26 3.58405e-53
0 37 27 3.37533e-53
0 37 28 3.05413e-53
0 37 29 2.65513e-53
0 37 30 2.21775e-53
0 37 31 1.77979e-53
0 37 32 1.37231e-53
0 37 33 1.01663e-53
0 37 34 7.23608e-54
0 37 35 4.94847e-54
0 37 36 3.25138e-54
0 37 37 2.05254e-54
0 37 38 1.24493e-54
0 37 39 7.25481e-55
0 37 40 4.06196e-55
0 37 41 2.18511e-55
0 37 42 1.12938e-55
0 37 43 5.60831e-56
0 37 44 2.6758e-56
0 37 45 1.2266e-56
0 37 46 5.40235e-57
0 37 47 2.28607e-57
0 37 48 9.29447e-58
0 37 49 6.34596e-104
0 38 0 1.44458e-104
0 38 1 2.20212e-58
0 38 2 5.63738e-58
0 38 3 1.38657e-57
0 38 4 3.27669e-57
0 38 5 7.43973e-57
0 38 6 1.62296e-56
0 38 7 3.40161e-56
0 38 8 6.85001e-56
0 38 9 1.32533e-55
0 38 10 2.4637e-55
0 38 11 4.40026e-55
0 38 12 7.55088e-55
0 38 13 1.24493e-54
0 38 14 1.97206e-54
0 38 15 3.0014e-54
0 38 16 4.3889e-54
0 38 17 6.16618e-54
0 38 18 8.32347e-54
0 38 19 1.0795e-53
0 38 20 1.34513e-53
0 38 21 1.61042e-53
0 38 22 1.85242e-53
0 38 23 2.04724e-53
0 38 24 2.17384e-53
0 38 25 2.21775e-53
0 38 26 2.17384e-53
0 38 27 2.04724e-53
0 38 28 1.85242e-53
0 38 29 1.61042e-53
0 38 30 1.34513e-53
0 38 31 1.0795e-53
0 38 32 8.32347e-54
0 38 33 6.16618e-54
0 38 34 4.3889e-54
0 38 35 3.0014e-54
0 38 36 1.97206e-54
0 38 37 1.24493e-54
0 38 38 7.55088e-55
0 38 39 4.40026e-55
0 38 40 2.4637e-55
0 38 41 1.32533e-55
0 38 42 6.85001e-56
0 38 43 3.40161e-56
0 38 44 1.62296e-56
0 38 45 7.43973e-57
0 38 46 3.27669e-57
0 38 47 1.38657e-57
0 38 48 5.63738e-58
0 38 49 3.84902e-104
0 39 0 8.41826e-105
0 39 1 1.28328e-58
0 39 2 3.28517e-58
0 39 3 8.08023e-58
0 39 4 1.90949e-57
0 39 5 4.33549e-57
0 39 6 9.45775e-57
0 39 7 1.98228e-56
0 39 8 3.99183e-56
0 39 9 7.72336e-56
0 39 10 1.43572e-55
0 39 11 2.56425e-55
0 39 12 4.40026e-55
0 39 13 7.25481e-55
0 39 14 1.14922e-54
0 39 15 1.74906e-54
0 39 16 2.55763e-54
0 39 17 3.59333e-54
0 39 18 4.85049e-54
0 39 19 6.29074e-54
0 39 20 7.83875e-54
0 39 21 9.38469e-54
0 39 22 1.0795e-53
0 39 23 1.19303e-53
0 39 24 1.2668e-53
0 39 25 1.29239e-53
0 39 26 1.2668e-53
0 39 27 1.19303e-53
0 39 28 1.0795e-53
0 39 29 9.38469e-54
0 39 30 7.83875e-54
0 39 31 6.29074e-54
0 39 32 4.85049e-54
0 39 33 3.59333e-54
0 39 34 2.55763e-54
0 39 35 1.74906e-54
0 39 36 1.14922e-54
0 39 37 7.25481e-55
0 39 38 4.40026e-55
0 39 39 2.56425e-55
0 39 40 1.43572e-55
0 39 41 7.72336e-56
0 39 42 3.99183e-56
0 39 43 1.98228e-56
0 39 44 9.45775e-57
0 39 45 4.33549e-57
0 39 46 1.90949e-57
0 39 47 8.08023e-58
0 39 48 3.28517e-58
0 39 49 2.24301e-104
0 40 0 4.71337e-105
0 40 1 7.18507e-59
0 40 2 1.83936e-58
0 40 3 4.5241e-58
0 40 4 1.06912e-57
0 40 5 2.42743e-57
0 40 6 5.29538e-57
0 40 7 1.10988e-56
0 40 8 2.23502e-56
0 40 9 4.3243e-56
0 40 10 8.03856e-56
0 40 11 1.43572e-55
0 40 12 2.4637e-55
0 40 13 4.06196e-55
0 40 14 6.43444e-55
0 40 15 9.79297e-55
0 40 16 1.43201e-54
0 40 17 2.0119e-54
0 40 18 2.71578e-54
0 40 19 3.52218e-54
0 40 20 4.3889e-54
0 40 21 5.25447e-54
0 40 22 6.04408e-54
0 40 23 6.67974e-54
0 40 24 7.09279e-54
0 40 25 7.23608e-54
0 40 26 7.09279e-54
0 40 27 6.67974e-54
0 40 28 6.04408e-54
0 40 29 5.25447e-54
0 40 30 4.3889e-54
0 40 31 3.52218e-54
0 40 32 2.71578e-54
0 40 33 2.0119e-54
0 40 34 1.43201e-54
0 40 35 9.79297e-55
0 40 36 6.43444e-55
0 40 37 4.06196e-55
0 40 38 2.4637e-55
0 40 39 1.43572e-55
0 40 40 8.03856e-56
0 40 41 4.3243e-56
0 40 42 2.23502e-56
0 40 43 1.10988e-56
0 40 44 5.29538e-57
0 40 45 2.42743e-57
0 40 46 1.06912e-57
0 40 47 4.5241e-58
0 40 48 1.83936e-58
0 40 49 1.25586e-104
