0 0 0 5.16489e-24
0 0 1 2.96689e-21
0 0 2 7.59518e-21
0 0 3 1.86811e-20
0 0 4 4.41465e-20
0 0 5 1.00235e-19
0 0 6 2.18659e-19
0 0 7 4.58296e-19
0 0 8 9.22894e-19
0 0 9 1.78561e-18
0 0 10 3.31932e-18
0 0 11 5.92843e-18
0 0 12 1.01732e-17
0 0 13 1.67728e-17
0 0 14 2.65694e-17
0 0 15 4.04376e-17
0 0 16 5.91312e-17
0 0 17 8.30763e-17
0 0 18 1.12141e-16
0 0 19 1.45439e-16
0 0 20 1.81229e-16
0 0 21 2.1697e-16
0 0 22 2.49575e-16
0 0 23 2.75823e-16
0 0 24 2.92879e-16
0 0 25 2.98795e-16
0 0 26 2.92879e-16
0 0 27 2.75823e-16
0 0 28 2.49575e-16
0 0 29 2.1697e-16
0 0 30 1.81229e-16
0 0 31 1.45439e-16
0 0 32 1.12141e-16
0 0 33 8.30763e-17
0 0 34 5.91312e-17
0 0 35 4.04376e-17
0 0 36 2.65694e-17
0 0 37 1.67728e-17
0 0 38 1.01732e-17
0 0 39 5.92843e-18
0 0 40 3.31932e-18
0 0 41 1.78561e-18
0 0 42 9.22894e-19
0 0 43 4.58296e-19
0 0 44 2.18659e-19
0 0 45 1.00235e-19
0 0 46 4.41465e-20
0 0 47 1.86811e-20
0 0 48 7.59518e-21
0 0 49 1.37616e-23
0 1 0 2.96689e-21
0 1 1 1.70428e-18
0 1 2 4.36294e-18
0 1 3 1.07311e-17
0 1 4 2.53593e-17
0 1 5 5.75783e-17
0 1 6 1.25605e-16
0 1 7 2.63261e-16
0 1 8 5.30142e-16
0 1 9 1.02572e-15
0 1 10 1.90673e-15
0 1 11 3.40549e-15
0 1 12 5.84385e-15
0 1 13 9.63488e-15
0 1 14 1.52624e-14
0 1 15 2.32287e-14
0 1 16 3.3967e-14
0 1 17 4.77219e-14
0 1 18 6.44178e-14
0 1 19 8.35454e-14
0 1 20 1.04104e-13
0 1 21 1.24635e-13
0 1 22 1.43364e-13
0 1 23 1.58442e-13
0 1 24 1.6824e-13
0 1 25 1.71638e-13
0 1 26 1.6824e-13
0 1 27 1.58442e-13
0 1 28 1.43364e-13
0 1 29 1.24635e-13
0 1 30 1.04104e-13
0 1 31 8.35454e-14
0 1 32 6.44178e-14
0 1 33 4.77219e-14
0 1 34 3.3967e-14
0 1 35 2.32287e-14
0 1 36 1.52624e-14
0 1 37 9.63488e-15
0 1 38 5.84385e-15
0 1 39 3.40549e-15
0 1 40 1.90673e-15
0 1 41 1.02572e-15
0 1 42 5.30142e-16
0 1 43 2.63261e-16
0 1 44 1.25605e-16
0 1 45 5.75783e-17
0 1 46 2.53593e-17
0 1 47 1.07311e-17
0 1 48 4.36294e-18
0 1 49 7.90515e-21
0 2 0 7.59518e-21
0 2 1 4.36294e-18
0 2 2 1.1169e-17
0 2 3 2.74714e-17
0 2 4 6.49193e-17
0 2 5 1.47399e-16
0 2 6 3.21548e-16
0 2 7 6.73943e-16
0 2 8 1.35715e-15
0 2 9 2.62581e-15
0 2 10 4.8812e-15
0 2 11 8.718e-15
0 2 12 1.49602e-14
0 2 13 2.46651e-14
0 2 14 3.90714e-14
0 2 15 5.94651e-14
0 2 16 8.69549e-14
0 2 17 1.22167e-13
0 2 18 1.64908e-13
0 2 19 2.13875e-13
0 2 20 2.66504e-13
0 2 21 3.19063e-13
0 2 22 3.6701e-13
0 2 23 4.05609e-13
0 2 24 4.30691e-13
0 2 25 4.39391e-13
0 2 26 4.30691e-13
0 2 27 4.05609e-13
0 2 28 3.6701e-13
0 2 29 3.19063e-13
0 2 30 2.66504e-13
0 2 31 2.13875e-13
0 2 32 1.64908e-13
0 2 33 1.22167e-13
0 2 34 8.69549e-14
0 2 35 5.94651e-14
0 2 36 3.90714e-14
0 2 37 2.46651e-14
0 2 38 1.49602e-14
0 2 39 8.718e-15
0 2 40 4.8812e-15
0 2 41 2.62581e-15
0 2 42 1.35715e-15
0 2 43 6.73943e-16
0 2 44 3.21548e-16
0 2 45 1.47399e-16
0 2 46 6.49193e-17
0 2 47 2.74714e-17
0 2 48 1.1169e-17
0 2 49 2.0237e-20
0 3 0 1.86811e-20
0 3 1 1.07311e-17
0 3 2 2.74714e-17
0 3 3 6.75687e-17
0 3 4 1.59676e-16
0 3 5 3.62544e-16
0 3 6 7.90879e-16
0 3 7 1.65763e-15
0 3 8 3.33806e-15
0 3 9 6.45845e-15
0 3 10 1.20058e-14
0 3 11 2.14428e-14
0 3 12 3.6796e-14
0 3 13 6.06664e-14
0 3 14 9.61001e-14
0 3 15 1.46261e-13
0 3 16 2.13875e-13
0 3 17 3.00483e-13
0 3 18 4.05609e-13
0 3 19 5.26047e-13
0 3 20 6.55495e-13
0 3 21 7.8477e-13
0 3 22 9.027e-13
0 3 23 9.97638e-13
0 3 24 1.05933e-12
0 3 25 1.08073e-12
0 3 26 1.05933e-12
0 3 27 9.97638e-13
0 3 28 9.027e-13
0 3 29 7.8477e-13
0 3 30 6.55495e-13
0 3 31 5.26047e-13
0 3 32 4.05609e-13
0 3 33 3.00483e-13
0 3 34 2.13875e-13
0 3 35 1.46261e-13
0 3 36 9.61001e-14
0 3 37 6.06664e-14
0 3 38 3.6796e-14
0 3 39 2.14428e-14
0 3 40 1.20058e-14
0 3 41 6.45845e-15
0 3 42 3.33806e-15
0 3 43 1.65763e-15
0 3 44 7.90879e-16
0 3 45 3.62544e-16
0 3 46 1.59676e-16
0 3 47 6.75687e-17
0 3 48 2.74714e-17
0 3 49 4.97751e-20
0 4 0 4.41465e-20
0 4 1 2.53593e-17
0 4 2 6.49193e-17
0 4 3 1.59676e-16
0 4 4 3.7734e-16
0 4 5 8.56749e-16
0 4 6 1.86897e-15
0 4 7 3.91725e-15
0 4 8 7.88837e-15
0 4 9 1.52624e-14
0 4 10 2.83716e-14
0 4 11 5.06728e-14
0 4 12 8.69549e-14
0 4 13 1.43364e-13
0 4 14 2.271e-13
0 4 15 3.45637e-13
0 4 16 5.0542e-13
0 4 17 7.10089e-13
0 4 18 9.5852e-13
0 4 19 1.24313e-12
0 4 20 1.54904e-12
0 4 21 1.85454e-12
0 4 22 2.13322e-12
0 4 23 2.35758e-12
0 4 24 2.50336e-12
0 4 25 2.55393e-12
0 4 26 2.50336e-12
0 4 27 2.35758e-12
0 4 28 2.13322e-12
0 4 29 1.85454e-12
0 4 30 1.54904e-12
0 4 31 1.24313e-12
0 4 32 9.5852e-13
0 4 33 7.10089e-13
0 4 34 5.0542e-13
0 4 35 3.45637e-13
0 4 36 2.271e-13
0 4 37 1.43364e-13
0 4 38 8.69549e-14
0 4 39 5.06728e-14
0 4 40 2.83716e-14
0 4 41 1.52624e-14
0 4 42 7.88837e-15
0 4 43 3.91725e-15
0 4 44 1.86897e-15
0 4 45 8.56749e-16
0 4 46 3.7734e-16
0 4 47 1.59676e-16
0 4 48 6.49193e-17
0 4 49 1.17627e-19
0 5 0 1.00235e-19
0 5 1 5.75783e-17
0 5 2 1.47399e-16
0 5 3 3.62544e-16
0 5 4 8.56749e-16
0 5 5 1.94525e-15
0 5 6 4.24351e-15
0 5 7 8.89412e-15
0 5 8 1.79106e-14
0 5 9 3.46532e-14
0 5 10 6.44178e-14
0 5 11 1.15053e-13
0 5 12 1.97431e-13
0 5 13 3.25509e-13
0 5 14 5.1563e-13
0 5 15 7.8477e-13
0 5 16 1.14756e-12
0 5 17 1.61226e-12
0 5 18 2.17632e-12
0 5 19 2.82253e-12
0 5 20 3.51709e-12
0 5 21 4.21072e-12
0 5 22 4.84349e-12
0 5 23 5.35288e-12
0 5 24 5.68388e-12
0 5 25 5.79871e-12
0 5 26 5.68388e-12
0 5 27 5.35288e-12
0 5 28 4.84349e-12
0 5 29 4.21072e-12
0 5 30 3.51709e-12
0 5 31 2.82253e-12
0 5 32 2.17632e-12
0 5 33 1.61226e-12
0 5 34 1.14756e-12
0 5 35 7.8477e-13
0 5 36 5.1563e-13
0 5 37 3.25509e-13
0 5 38 1.97431e-13
0 5 39 1.15053e-13
0 5 40 6.44178e-14
0 5 41 3.46532e-14
0 5 42 1.79106e-14
0 5 43 8.89412e-15
0 5 44 4.24351e-15
0 5 45 1.94525e-15
0 5 46 8.56749e-16
0 5 47 3.62544e-16
0 5 48 1.47399e-16
0 5 49 2.67071e-19
0 6 0 2.18659e-19
0 6 1 1.25605e-16
0 6 2 3.21548e-16
0 6 3 7.90879e-16
0 6 4 1.86897e-15
0 6 5 4.24351e-15
0 6 6 9.25709e-15
0 6 7 1.94023e-14
0 6 8 3.90714e-14
0 6 9 7.5595e-14
0 6 10 1.40526e-13
0 6 11 2.50984e-13
0 6 12 4.30691e-13
0 6 13 7.10089e-13
0 6 14 1.12483e-12
0 6 15 1.71195e-12
0 6 16 2.50336e-12
0 6 17 3.51709e-12
0 6 18 4.74758e-12
0 6 19 6.15728e-12
0 6 20 7.67244e-12
0 6 21 9.18558e-12
0 6 22 1.05659e-11
0 6 23 1.16772e-11
0 6 24 1.23992e-11
0 6 25 1.26497e-11
0 6 26 1.23992e-11
0 6 27 1.16772e-11
0 6 28 1.05659e-11
0 6 29 9.18558e-12
0 6 30 7.67244e-12
0 6 31 6.15728e-12
0 6 32 4.74758e-12
0 6 33 3.51709e-12
0 6 34 2.50336e-12
0 6 35 1.71195e-12
0 6 36 1.12483e-12
0 6 37 7.10089e-13
0 6 38 4.30691e-13
0 6 39 2.50984e-13
0 6 40 1.40526e-13
0 6 41 7.5595e-14
0 6 42 3.90714e-14
0 6 43 1.94023e-14
0 6 44 9.25709e-15
0 6 45 4.24351e-15
0 6 46 1.86897e-15
0 6 47 7.90879e-16
0 6 48 3.21548e-16
0 6 49 5.82608e-19
0 7 0 4.58296e-19
0 7 1 2.63261e-16
0 7 2 6.73943e-16
0 7 3 1.65763e-15
0 7 4 3.91725e-15
0 7 5 8.89412e-15
0 7 6 1.94023e-14
0 7 7 4.06659e-14
0 7 8 8.18911e-14
0 7 9 1.58442e-13
0 7 10 2.94533e-13
0 7 11 5.26047e-13
0 7 12 9.027e-13
0 7 13 1.4883e-12
0 7 14 2.35758e-12
0 7 15 3.58814e-12
0 7 16 5.24689e-12
0 7 17 7.3716e-12
0 7 18 9.95062e-12
0 7 19 1.29053e-11
0 7 20 1.60809e-11
0 7 21 1.92524e-11
0 7 22 2.21455e-11
0 7 23 2.44746e-11
0 7 24 2.5988e-11
0 7 25 2.6513e-11
0 7 26 2.5988e-11
0 7 27 2.44746e-11
0 7 28 2.21455e-11
0 7 29 1.92524e-11
0 7 30 1.60809e-11
0 7 31 1.29053e-11
0 7 32 9.95062e-12
0 7 33 7.3716e-12
0 7 34 5.24689e-12
0 7 35 3.58814e-12
0 7 36 2.35758e-12
0 7 37 1.4883e-12
0 7 38 9.027e-13
0 7 39 5.26047e-13
0 7 40 2.94533e-13
0 7 41 1.58442e-13
0 7 42 8.18911e-14
0 7 43 4.06659e-14
0 7 44 1.94023e-14
0 7 45 8.89412e-15
0 7 46 3.91725e-15
0 7 47 1.65763e-15
0 7 48 6.73943e-16
0 7 49 1.22111e-18
0 8 0 9.22894e-19
0 8 1 5.30142e-16
0 8 2 1.35715e-15
0 8 3 3.33806e-15
0 8 4 7.88837e-15
0 8 5 1.79106e-14
0 8 6 3.90714e-14
0 8 7 8.18911e-14
0 8 8 1.64908e-13
0 8 9 3.19063e-13
0 8 10 5.93116e-13
0 8 11 1.05933e-12
0 8 12 1.81781e-12
0 8 13 2.99707e-12
0 8 14 4.74758e-12
0 8 15 7.22563e-12
0 8 16 1.05659e-11
0 8 17 1.48446e-11
0 8 18 2.00381e-11
0 8 19 2.5988e-11
0 8 20 3.2383e-11
0 8 21 3.87695e-11
0 8 22 4.45956e-11
0 8 23 4.92857e-11
0 8 24 5.23334e-11
0 8 25 5.33906e-11
0 8 26 5.23334e-11
0 8 27 4.92857e-11
0 8 28 4.45956e-11
0 8 29 3.87695e-11
0 8 30 3.2383e-11
0 8 31 2.5988e-11
0 8 32 2.00381e-11
0 8 33 1.48446e-11
0 8 34 1.05659e-11
0 8 35 7.22563e-12
0 8 36 4.74758e-12
0 8 37 2.99707e-12
0 8 38 1.81781e-12
0 8 39 1.05933e-12
0 8 40 5.93116e-13
0 8 41 3.19063e-13
0 8 42 1.64908e-13
0 8 43 8.18911e-14
0 8 44 3.90714e-14
0 8 45 1.79106e-14
0 8 46 7.88837e-15
0 8 47 3.33806e-15
0 8 48 1.35715e-15
0 8 49 2.45901e-18
0 9 0 1.78561e-18
0 9 1 1.02572e-15
0 9 2 2.62581e-15
0 9 3 6.45845e-15
0 9 4 1.52624e-14
0 9 5 3.46532e-14
0 9 6 7.5595e-14
0 9 7 1.58442e-13
0 9 8 3.19063e-13
0 9 9 6.17322e-13
0 9 10 1.14756e-12
0 9 11 2.04958e-12
0 9 12 3.51709e-12
0 9 13 5.79871e-12
0 9 14 9.18558e-12
0 9 15 1.39801e-11
0 9 16 2.04429e-11
0 9 17 2.87212e-11
0 9 18 3.87695e-11
0 9 19 5.02814e-11
0 9 20 6.26545e-11
0 9 21 7.5011e-11
0 9 22 8.62832e-11
0 9 23 9.53577e-11
0 9 24 1.01254e-10
0 9 25 1.033e-10
0 9 26 1.01254e-10
0 9 27 9.53577e-11
0 9 28 8.62832e-11
0 9 29 7.5011e-11
0 9 30 6.26545e-11
0 9 31 5.02814e-11
0 9 32 3.87695e-11
0 9 33 2.87212e-11
0 9 34 2.04429e-11
0 9 35 1.39801e-11
0 9 36 9.18558e-12
0 9 37 5.79871e-12
0 9 38 3.51709e-12
0 9 39 2.04958e-12
0 9 40 1.14756e-12
0 9 41 6.17322e-13
0 9 42 3.19063e-13
0 9 43 1.58442e-13
0 9 44 7.5595e-14
0 9 45 3.46532e-14
0 9 46 1.52624e-14
0 9 47 6.45845e-15
0 9 48 2.62581e-15
0 9 49 4.75767e-18
0 10 0 3.31932e-18
0 10 1 1.90673e-15
0 10 2 4.8812e-15
0 10 3 1.20058e-14
0 10 4 2.83716e-14
0 10 5 6.44178e-14
0 10 6 1.40526e-13
0 10 7 2.94533e-13
0 10 8 5.93116e-13
0 10 9 1.14756e-12
0 10 10 2.13322e-12
0 10 11 3.81002e-12
0 10 12 6.53802e-12
0 10 13 1.07794e-11
0 10 14 1.70753e-11
0 10 15 2.5988e-11
0 10 16 3.80018e-11
0 10 17 5.33906e-11
0 10 18 7.20698e-11
0 10 19 9.34695e-11
0 10 20 1.1647e-10
0 10 21 1.3944e-10
0 10 22 1.60394e-10
0 10 23 1.77263e-10
0 10 24 1.88224e-10
0 10 25 1.92027e-10
0 10 26 1.88224e-10
0 10 27 1.77263e-10
0 10 28 1.60394e-10
0 10 29 1.3944e-10
0 10 30 1.1647e-10
0 10 31 9.34695e-11
0 10 32 7.20698e-11
0 10 33 5.33906e-11
0 10 34 3.80018e-11
0 10 35 2.5988e-11
0 10 36 1.70753e-11
0 10 37 1.07794e-11
0 10 38 6.53802e-12
0 10 39 3.81002e-12
0 10 40 2.13322e-12
0 10 41 1.14756e-12
0 10 42 5.93116e-13
0 10 43 2.94533e-13
0 10 44 1.40526e-13
0 10 45 6.44178e-14
0 10 46 2.83716e-14
0 10 47 1.20058e-14
0 10 48 4.8812e-15
0 10 49 8.84418e-18
0 11 0 5.92843e-18
0 11 1 3.40549e-15
0 11 2 8.718e-15
0 11 3 2.14428e-14
0 11 4 5.06728e-14
0 11 5 1.15053e-13
0 11 6 2.50984e-13
0 11 7 5.26047e-13
0 11 8 1.05933e-12
0 11 9 2.04958e-12
0 11 10 3.81002e-12
0 11 11 6.80484e-12
0 11 12 1.16772e-11
0 11 13 1.92524e-11
0 11 14 3.04972e-11
0 11 15 4.64156e-11
0 11 16 6.78728e-11
0 11 17 9.53577e-11
0 11 18 1.28719e-10
0 11 19 1.6694e-10
0 11 20 2.0802e-10
0 11 21 2.49045e-10
0 11 22 2.8647e-10
0 11 23 3.16599e-10
0 11 24 3.36176e-10
0 11 25 3.42967e-10
0 11 26 3.36176e-10
0 11 27 3.16599e-10
0 11 28 2.8647e-10
0 11 29 2.49045e-10
0 11 30 2.0802e-10
0 11 31 1.6694e-10
0 11 32 1.28719e-10
0 11 33 9.53577e-11
0 11 34 6.78728e-11
0 11 35 4.64156e-11
0 11 36 3.04972e-11
0 11 37 1.92524e-11
0 11 38 1.16772e-11
0 11 39 6.80484e-12
0 11 40 3.81002e-12
0 11 41 2.04958e-12
0 11 42 1.05933e-12
0 11 43 5.26047e-13
0 11 44 2.50984e-13
0 11 45 1.15053e-13
0 11 46 5.06728e-14
0 11 47 2.14428e-14
0 11 48 8.718e-15
0 11 49 1.5796e-17
0 12 0 1.01732e-17
0 12 1 5.84385e-15
0 12 2 1.49602e-14
0 12 3 3.6796e-14
0 12 4 8.69549e-14
0 12 5 1.97431e-13
0 12 6 4.30691e-13
0 12 7 9.027e-13
0 12 8 1.81781e-12
0 12 9 3.51709e-12
0 12 10 6.53802e-12
0 12 11 1.16772e-11
0 12 12 2.00381e-11
0 12 13 3.30372e-11
0 12 14 5.23334e-11
0 12 15 7.96494e-11
0 12 16 1.1647e-10
0 12 17 1.63634e-10
0 12 18 2.20883e-10
0 12 19 2.8647e-10
0 12 20 3.56964e-10
0 12 21 4.27363e-10
0 12 22 4.91585e-10
0 12 23 5.43285e-10
0 12 24 5.7688e-10
0 12 25 5.88534e-10
0 12 26 5.7688e-10
0 12 27 5.43285e-10
0 12 28 4.91585e-10
0 12 29 4.27363e-10
0 12 30 3.56964e-10
0 12 31 2.8647e-10
0 12 32 2.20883e-10
0 12 33 1.63634e-10
0 12 34 1.1647e-10
0 12 35 7.96494e-11
0 12 36 5.23334e-11
0 12 37 3.30372e-11
0 12 38 2.00381e-11
0 12 39 1.16772e-11
0 12 40 6.53802e-12
0 12 41 3.51709e-12
0 12 42 1.81781e-12
0 12 43 9.027e-13
0 12 44 4.30691e-13
0 12 45 1.97431e-13
0 12 46 8.69549e-14
0 12 47 3.6796e-14
0 12 48 1.49602e-14
0 12 49 2.71061e-17
0 13 0 1.67728e-17
0 13 1 9.63488e-15
0 13 2 2.46651e-14
0 13 3 6.06664e-14
0 13 4 1.43364e-13
0 13 5 3.25509e-13
0 13 6 7.10089e-13
0 13 7 1.4883e-12
0 13 8 2.99707e-12
0 13 9 5.79871e-12
0 13 10 1.07794e-11
0 13 11 1.92524e-11
0 13 12 3.30372e-11
0 13 13 5.44692e-11
0 13 14 8.62832e-11
0 13 15 1.3132e-10
0 13 16 1.92027e-10
0 13 17 2.69788e-10
0 13 18 3.64175e-10
0 13 19 4.7231e-10
0 13 20 5.88534e-10
0 13 21 7.04603e-10
0 13 22 8.10487e-10
0 13 23 8.95726e-10
0 13 24 9.51115e-10
0 13 25 9.70329e-10
0 13 26 9.51115e-10
0 13 27 8.95726e-10
0 13 28 8.10487e-10
0 13 29 7.04603e-10
0 13 30 5.88534e-10
0 13 31 4.7231e-10
0 13 32 3.64175e-10
0 13 33 2.69788e-10
0 13 34 1.92027e-10
0 13 35 1.3132e-10
0 13 36 8.62832e-11
0 13 37 5.44692e-11
0 13 38 3.30372e-11
0 13 39 1.92524e-11
0 13 40 1.07794e-11
0 13 41 5.79871e-12
0 13 42 2.99707e-12
0 13 43 1.4883e-12
0 13 44 7.10089e-13
0 13 45 3.25509e-13
0 13 46 1.43364e-13
0 13 47 6.06664e-14
0 13 48 2.46651e-14
0 13 49 4.46904e-17
0 14 0 2.65694e-17
0 14 1 1.52624e-14
0 14 2 3.90714e-14
0 14 3 9.61001e-14
0 14 4 2.271e-13
0 14 5 5.1563e-13
0 14 6 1.12483e-12
0 14 7 2.35758e-12
0 14 8 4.74758e-12
0 14 9 9.18558e-12
0 14 10 1.70753e-11
0 14 11 3.04972e-11
0 14 12 5.23334e-11
0 14 13 8.62832e-11
0 14 14 1.36679e-10
0 14 15 2.0802e-10
0 14 16 3.04185e-10
0 14 17 4.27363e-10
0 14 18 5.7688e-10
0 14 19 7.48173e-10
0 14 20 9.32282e-10
0 14 21 1.11614e-09
0 14 22 1.28387e-09
0 14 23 1.4189e-09
0 14 24 1.50664e-09
0 14 25 1.53707e-09
0 14 26 1.50664e-09
0 14 27 1.4189e-09
0 14 28 1.28387e-09
0 14 29 1.11614e-09
0 14 30 9.32282e-10
0 14 31 7.48173e-10
0 14 32 5.7688e-10
0 14 33 4.27363e-10
0 14 34 3.04185e-10
0 14 35 2.0802e-10
0 14 36 1.36679e-10
0 14 37 8.62832e-11
0 14 38 5.23334e-11
0 14 39 3.04972e-11
0 14 40 1.70753e-11
0 14 41 9.18558e-12
0 14 42 4.74758e-12
0 14 43 2.35758e-12
0 14 44 1.12483e-12
0 14 45 5.1563e-13
0 14 46 2.271e-13
0 14 47 9.61001e-14
0 14 48 3.90714e-14
0 14 49 7.07929e-17
0 15 0 4.04376e-17
0 15 1 2.32287e-14
0 15 2 5.94651e-14
0 15 3 1.46261e-13
0 15 4 3.45637e-13
0 15 5 7.8477e-13
0 15 6 1.71195e-12
0 15 7 3.58814e-12
0 15 8 7.22563e-12
0 15 9 1.39801e-11
0 15 10 2.5988e-11
0 15 11 4.64156e-11
0 15 12 7.96494e-11
0 15 13 1.3132e-10
0 15 14 2.0802e-10
0 15 15 3.16599e-10
0 15 16 4.62957e-10
0 15 17 6.50431e-10
0 15 18 8.7799e-10
0 15 19 1.13869e-09
0 15 20 1.4189e-09
0 15 21 1.69873e-09
0 15 22 1.954e-09
0 15 23 2.15951e-09
0 15 24 2.29304e-09
0 15 25 2.33937e-09
0 15 26 2.29304e-09
0 15 27 2.15951e-09
0 15 28 1.954e-09
0 15 29 1.69873e-09
0 15 30 1.4189e-09
0 15 31 1.13869e-09
0 15 32 8.7799e-10
0 15 33 6.50431e-10
0 15 34 4.62957e-10
0 15 35 3.16599e-10
0 15 36 2.0802e-10
0 15 37 1.3132e-10
0 15 38 7.96494e-11
0 15 39 4.64156e-11
0 15 40 2.5988e-11
0 15 41 1.39801e-11
0 15 42 7.22563e-12
0 15 43 3.58814e-12
0 15 44 1.71195e-12
0 15 45 7.8477e-13
0 15 46 3.45637e-13
0 15 47 1.46261e-13
0 15 48 5.94651e-14
0 15 49 1.07744e-16
0 16 0 5.91312e-17
0 16 1 3.3967e-14
0 16 2 8.69549e-14
0 16 3 2.13875e-13
0 16 4 5.0542e-13
0 16 5 1.14756e-12
0 16 6 2.50336e-12
0 16 7 5.24689e-12
0 16 8 1.05659e-11
0 16 9 2.04429e-11
0 16 10 3.80018e-11
0 16 11 6.78728e-11
0 16 12 1.1647e-10
0 16 13 1.92027e-10
0 16 14 3.04185e-10
0 16 15 4.62957e-10
0 16 16 6.76975e-10
0 16 17 9.51115e-10
0 16 18 1.28387e-09
0 16 19 1.66509e-09
0 16 20 2.07483e-09
0 16 21 2.48402e-09
0 16 22 2.85731e-09
0 16 23 3.15781e-09
0 16 24 3.35308e-09
0 16 25 3.42082e-09
0 16 26 3.35308e-09
0 16 27 3.15781e-09
0 16 28 2.85731e-09
0 16 29 2.48402e-09
0 16 30 2.07483e-09
0 16 31 1.66509e-09
0 16 32 1.28387e-09
0 16 33 9.51115e-10
0 16 34 6.76975e-10
0 16 35 4.62957e-10
0 16 36 3.04185e-10
0 16 37 1.92027e-10
0 16 38 1.1647e-10
0 16 39 6.78728e-11
0 16 40 3.80018e-11
0 16 41 2.04429e-11
0 16 42 1.05659e-11
0 16 43 5.24689e-12
0 16 44 2.50336e-12
0 16 45 1.14756e-12
0 16 46 5.0542e-13
0 16 47 2.13875e-13
0 16 48 8.69549e-14
0 16 49 1.57553e-16
0 17 0 8.30763e-17
0 17 1 4.77219e-14
0 17 2 1.22167e-13
0 17 3 3.00483e-13
0 17 4 7.10089e-13
0 17 5 1.61226e-12
0 17 6 3.51709e-12
0 17 7 7.3716e-12
0 17 8 1.48446e-11
0 17 9 2.87212e-11
0 17 10 5.33906e-11
0 17 11 9.53577e-11
0 17 12 1.63634e-10
0 17 13 2.69788e-10
0 17 14 4.27363e-10
0 17 15 6.50431e-10
0 17 16 9.51115e-10
0 17 17 1.33627e-09
0 17 18 1.80377e-09
0 17 19 2.33937e-09
0 17 20 2.91503e-09
0 17 21 3.48992e-09
0 17 22 4.01437e-09
0 17 23 4.43656e-09
0 17 24 4.7109e-09
0 17 25 4.80607e-09
0 17 26 4.7109e-09
0 17 27 4.43656e-09
0 17 28 4.01437e-09
0 17 29 3.48992e-09
0 17 30 2.91503e-09
0 17 31 2.33937e-09
0 17 32 1.80377e-09
0 17 33 1.33627e-09
0 17 34 9.51115e-10
0 17 35 6.50431e-10
0 17 36 4.27363e-10
0 17 37 2.69788e-10
0 17 38 1.63634e-10
0 17 39 9.53577e-11
0 17 40 5.33906e-11
0 17 41 2.87212e-11
0 17 42 1.48446e-11
0 17 43 7.3716e-12
0 17 44 3.51709e-12
0 17 45 1.61226e-12
0 17 46 7.10089e-13
0 17 47 3.00483e-13
0 17 48 1.22167e-13
0 17 49 2.21353e-16
0 18 0 1.12141e-16
0 18 1 6.44178e-14
0 18 2 1.64908e-13
0 18 3 4.05609e-13
0 18 4 9.5852e-13
0 18 5 2.17632e-12
0 18 6 4.74758e-12
0 18 7 9.95062e-12
0 18 8 2.00381e-11
0 18 9 3.87695e-11
0 18 10 7.20698e-11
0 18 11 1.28719e-10
0 18 12 2.20883e-10
0 18 13 3.64175e-10
0 18 14 5.7688e-10
0 18 15 8.7799e-10
0 18 16 1.28387e-09
0 18 17 1.80377e-09
0 18 18 2.43484e-09
0 18 19 3.15781e-09
0 18 20 3.93488e-09
0 18 21 4.7109e-09
0 18 22 5.41883e-09
0 18 23 5.98873e-09
0 18 24 6.35905e-09
0 18 25 6.48751e-09
0 18 26 6.35905e-09
0 18 27 5.98873e-09
0 18 28 5.41883e-09
0 18 29 4.7109e-09
0 18 30 3.93488e-09
0 18 31 3.15781e-09
0 18 32 2.43484e-09
0 18 33 1.80377e-09
0 18 34 1.28387e-09
0 18 35 8.7799e-10
0 18 36 5.7688e-10
0 18 37 3.64175e-10
0 18 38 2.20883e-10
0 18 39 1.28719e-10
0 18 40 7.20698e-11
0 18 41 3.87695e-11
0 18 42 2.00381e-11
0 18 43 9.95062e-12
0 18 44 4.74758e-12
0 18 45 2.17632e-12
0 18 46 9.5852e-13
0 18 47 4.05609e-13
0 18 48 1.64908e-13
0 18 49 2.98795e-16
0 19 0 1.45439e-16
0 19 1 8.35454e-14
0 19 2 2.13875e-13
0 19 3 5.26047e-13
0 19 4 1.24313e-12
0 19 5 2.82253e-12
0 19 6 6.15728e-12
0 19 7 1.29053e-11
0 19 8 2.5988e-11
0 19 9 5.02814e-11
0 19 10 9.34695e-11
0 19 11 1.6694e-10
0 19 12 2.8647e-10
0 19 13 4.7231e-10
0 19 14 7.48173e-10
0 19 15 1.13869e-09
0 19 16 1.66509e-09
0 19 17 2.33937e-09
0 19 18 3.15781e-09
0 19 19 4.09546e-09
0 19 20 5.10326e-09
0 19 21 6.10971e-09
0 19 22 7.02784e-09
0 19 23 7.76697e-09
0 19 24 8.24725e-09
0 19 25 8.41385e-09
0 19 26 8.24725e-09
0 19 27 7.76697e-09
0 19 28 7.02784e-09
0 19 29 6.10971e-09
0 19 30 5.10326e-09
0 19 31 4.09546e-09
0 19 32 3.15781e-09
0 19 33 2.33937e-09
0 19 34 1.66509e-09
0 19 35 1.13869e-09
0 19 36 7.48173e-10
0 19 37 4.7231e-10
0 19 38 2.8647e-10
0 19 39 1.6694e-10
0 19 40 9.34695e-11
0 19 41 5.02814e-11
0 19 42 2.5988e-11
0 19 43 1.29053e-11
0 19 44 6.15728e-12
0 19 45 2.82253e-12
0 19 46 1.24313e-12
0 19 47 5.26047e-13
0 19 48 2.13875e-13
0 19 49 3.87517e-16
0 20 0 1.81229e-16
0 20 1 1.04104e-13
0 20 2 2.66504e-13
0 20 3 6.55495e-13
0 20 4 1.54904e-12
0 20 5 3.51709e-12
0 20 6 7.67244e-12
0 20 7 1.60809e-11
0 20 8 3.2383e-11
0 20 9 6.26545e-11
0 20 10 1.1647e-10
0 20 11 2.0802e-10
0 20 12 3.56964e-10
0 20 13 5.88534e-10
0 20 14 9.32282e-10
0 20 15 1.4189e-09
0 20 16 2.07483e-09
0 20 17 2.91503e-09
0 20 18 3.93488e-09
0 20 19 5.10326e-09
0 20 20 6.35905e-09
0 20 21 7.61317e-09
0 20 22 8.75723e-09
0 20 23 9.67823e-09
0 20 24 1.02767e-08
0 20 25 1.04843e-08
0 20 26 1.02767e-08
0 20 27 9.67823e-09
0 20 28 8.75723e-09
0 20 29 7.61317e-09
0 20 30 6.35905e-09
0 20 31 5.10326e-09
0 20 32 3.93488e-09
0 20 33 2.91503e-09
0 20 34 2.07483e-09
0 20 35 1.4189e-09
0 20 36 9.32282e-10
0 20 37 5.88534e-10
0 20 38 3.56964e-10
0 20 39 2.0802e-10
0 20 40 1.1647e-10
0 20 41 6.26545e-11
0 20 42 3.2383e-11
0 20 43 1.60809e-11
0 20 44 7.67244e-12
0 20 45 3.51709e-12
0 20 46 1.54904e-12
0 20 47 6.55495e-13
0 20 48 2.66504e-13
0 20 49 4.82876e-16
0 21 0 2.1697e-16
0 21 1 1.24635e-13
0 21 2 3.19063e-13
0 21 3 7.8477e-13
0 21 4 1.85454e-12
0 21 5 4.21072e-12
0 21 6 9.18558e-12
0 21 7 1.92524e-11
0 21 8 3.87695e-11
0 21 9 7.5011e-11
0 21 10 1.3944e-10
0 21 11 2.49045e-10
0 21 12 4.27363e-10
0 21 13 7.04603e-10
0 21 14 1.11614e-09
0 21 15 1.69873e-09
0 21 16 2.48402e-09
0 21 17 3.48992e-09
0 21 18 4.7109e-09
0 21 19 6.10971e-09
0 21 20 7.61317e-09
0 21 21 9.11462e-09
0 21 22 1.04843e-08
0 21 23 1.1587e-08
0 21 24 1.23034e-08
0 21 25 1.2552e-08
0 21 26 1.23034e-08
0 21 27 1.1587e-08
0 21 28 1.04843e-08
0 21 29 9.11462e-09
0 21 30 7.61317e-09
0 21 31 6.10971e-09
0 21 32 4.7109e-09
0 21 33 3.48992e-09
0 21 34 2.48402e-09
0 21 35 1.69873e-09
0 21 36 1.11614e-09
0 21 37 7.04603e-10
0 21 38 4.27363e-10
0 21 39 2.49045e-10
0 21 40 1.3944e-10
0 21 41 7.5011e-11
0 21 42 3.87695e-11
0 21 43 1.92524e-11
0 21 44 9.18558e-12
0 21 45 4.21072e-12
0 21 46 1.85454e-12
0 21 47 7.8477e-13
0 21 48 3.19063e-13
0 21 49 5.78107e-16
0 22 0 2.49575e-16
0 22 1 1.43364e-13
0 22 2 3.6701e-13
0 22 3 9.027e-13
0 22 4 2.13322e-12
0 22 5 4.84349e-12
0 22 6 1.05659e-11
0 22 7 2.21455e-11
0 22 8 4.45956e-11
0 22 9 8.62832e-11
0 22 10 1.60394e-10
0 22 11 2.8647e-10
0 22 12 4.91585e-10
0 22 13 8.10487e-10
0 22 14 1.28387e-09
0 22 15 1.954e-09
0 22 16 2.85731e-09
0 22 17 4.01437e-09
0 22 18 5.41883e-09
0 22 19 7.02784e-09
0 22 20 8.75723e-09
0 22 21 1.04843e-08
0 22 22 1.20598e-08
0 22 23 1.33282e-08
0 22 24 1.41523e-08
0 22 25 1.44382e-08
0 22 26 1.41523e-08
0 22 27 1.33282e-08
0 22 28 1.20598e-08
0 22 29 1.04843e-08
0 22 30 8.75723e-09
0 22 31 7.02784e-09
0 22 32 5.41883e-09
0 22 33 4.01437e-09
0 22 34 2.85731e-09
0 22 35 1.954e-09
0 22 36 1.28387e-09
0 22 37 8.10487e-10
0 22 38 4.91585e-10
0 22 39 2.8647e-10
0 22 40 1.60394e-10
0 22 41 8.62832e-11
0 22 42 4.45956e-11
0 22 43 2.21455e-11
0 22 44 1.05659e-11
0 22 45 4.84349e-12
0 22 46 2.13322e-12
0 22 47 9.027e-13
0 22 48 3.6701e-13
0 22 49 6.64981e-16
0 23 0 2.75823e-16
0 23 1 1.58442e-13
0 23 2 4.05609e-13
0 23 3 9.97638e-13
0 23 4 2.35758e-12
0 23 5 5.35288e-12
0 23 6 1.16772e-11
0 23 7 2.44746e-11
0 23 8 4.92857e-11
0 23 9 9.53577e-11
0 23 10 1.77263e-10
0 23 11 3.16599e-10
0 23 12 5.43285e-10
0 23 13 8.95726e-10
0 23 14 1.4189e-09
0 23 15 2.15951e-09
0 23 16 3.15781e-09
0 23 17 4.43656e-09
0 23 18 5.98873e-09
0 23 19 7.76697e-09
0 23 20 9.67823e-09
0 23 21 1.1587e-08
0 23 22 1.33282e-08
0 23 23 1.47299e-08
0 23 24 1.56407e-08
0 23 25 1.59567e-08
0 23 26 1.56407e-08
0 23 27 1.47299e-08
0 23 28 1.33282e-08
0 23 29 1.1587e-08
0 23 30 9.67823e-09
0 23 31 7.76697e-09
0 23 32 5.98873e-09
0 23 33 4.43656e-09
0 23 34 3.15781e-09
0 23 35 2.15951e-09
0 23 36 1.4189e-09
0 23 37 8.95726e-10
0 23 38 5.43285e-10
0 23 39 3.16599e-10
0 23 40 1.77263e-10
0 23 41 9.53577e-11
0 23 42 4.92857e-11
0 23 43 2.44746e-11
0 23 44 1.16772e-11
0 23 45 5.35288e-12
0 23 46 2.35758e-12
0 23 47 9.97638e-13
0 23 48 4.05609e-13
0 23 49 7.34918e-16
0 24 0 2.92879e-16
0 24 1 1.6824e-13
0 24 2 4.30691e-13
0 24 3 1.05933e-12
0 24 4 2.50336e-12
0 24 5 5.68388e-12
0 24 6 1.23992e-11
0 24 7 2.5988e-11
0 24 8 5.23334e-11
0 24 9 1.01254e-10
0 24 10 1.88224e-10
0 24 11 3.36176e-10
0 24 12 5.7688e-10
0 24 13 9.51115e-10
0 24 14 1.50664e-09
0 24 15 2.29304e-09
0 24 16 3.35308e-09
0 24 17 4.7109e-09
0 24 18 6.35905e-09
0 24 19 8.24725e-09
0 24 20 1.02767e-08
0 24 21 1.23034e-08
0 24 22 1.41523e-08
0 24 23 1.56407e-08
0 24 24 1.66079e-08
0 24 25 1.69434e-08
0 24 26 1.66079e-08
0 24 27 1.56407e-08
0 24 28 1.41523e-08
0 24 29 1.23034e-08
0 24 30 1.02767e-08
0 24 31 8.24725e-09
0 24 32 6.35905e-09
0 24 33 4.7109e-09
0 24 34 3.35308e-09
0 24 35 2.29304e-09
0 24 36 1.50664e-09
0 24 37 9.51115e-10
0 24 38 5.7688e-10
0 24 39 3.36176e-10
0 24 40 1.88224e-10
0 24 41 1.01254e-10
0 24 42 5.23334e-11
0 24 43 2.5988e-11
0 24 44 1.23992e-11
0 24 45 5.68388e-12
0 24 46 2.50336e-12
0 24 47 1.05933e-12
0 24 48 4.30691e-13
0 24 49 7.80363e-16
0 25 0 2.98795e-16
0 25 1 1.71638e-13
0 25 2 4.39391e-13
0 25 3 1.08073e-12
0 25 4 2.55393e-12
0 25 5 5.79871e-12
0 25 6 1.26497e-11
0 25 7 2.6513e-11
0 25 8 5.33906e-11
0 25 9 1.033e-10
0 25 10 1.92027e-10
0 25 11 3.42967e-10
0 25 12 5.88534e-10
0 25 13 9.70329e-10
0 25 14 1.53707e-09
0 25 15 2.33937e-09
0 25 16 3.42082e-09
0 25 17 4.80607e-09
0 25 18 6.48751e-09
0 25 19 8.41385e-09
0 25 20 1.04843e-08
0 25 21 1.2552e-08
0 25 22 1.44382e-08
0 25 23 1.59567e-08
0 25 24 1.69434e-08
0 25 25 1.72857e-08
0 25 26 1.69434e-08
0 25 27 1.59567e-08
0 25 28 1.44382e-08
0 25 29 1.2552e-08
0 25 30 1.04843e-08
0 25 31 8.41385e-09
0 25 32 6.48751e-09
0 25 33 4.80607e-09
0 25 34 3.42082e-09
0 25 35 2.33937e-09
0 25 36 1.53707e-09
0 25 37 9.70329e-10
0 25 38 5.88534e-10
0 25 39 3.42967e-10
0 25 40 1.92027e-10
0 25 41 1.033e-10
0 25 42 5.33906e-11
0 25 43 2.6513e-11
0 25 44 1.26497e-11
0 25 45 5.79871e-12
0 25 46 2.55393e-12
0 25 47 1.08073e-12
0 25 48 4.39391e-13
0 25 49 7.96127e-16
0 26 0 2.92879e-16
0 26 1 1.6824e-13
0 26 2 4.30691e-13
0 26 3 1.05933e-12
0 26 4 2.50336e-12
0 26 5 5.68388e-12
0 26 6 1.23992e-11
0 26 7 2.5988e-11
0 26 8 5.23334e-11
0 26 9 1.01254e-10
0 26 10 1.88224e-10
0 26 11 3.36176e-10
0 26 12 5.7688e-10
0 26 13 9.51115e-10
0 26 14 1.50664e-09
0 26 15 2.29304e-09
0 26 16 3.35308e-09
0 26 17 4.7109e-09
0 26 18 6.35905e-09
0 26 19 8.24725e-09
0 26 20 1.02767e-08
0 26 21 1.23034e-08
0 26 22 1.41523e-08
0 26 23 1.56407e-08
0 26 24 1.66079e-08
0 26 25 1.69434e-08
0 26 26 1.66079e-08
0 26 27 1.56407e-08
0 26 28 1.41523e-08
0 26 29 1.23034e-08
0 26 30 1.02767e-08
0 26 31 8.24725e-09
0 26 32 6.35905e-09
0 26 33 4.7109e-09
0 26 34 3.35308e-09
0 26 35 2.29304e-09
0 26 36 1.50664e-09
0 26 37 9.51115e-10
0 26 38 5.7688e-10
0 26 39 3.36176e-10
0 26 40 1.88224e-10
0 26 41 1.01254e-10
0 26 42 5.23334e-11
0 26 43 2.5988e-11
0 26 44 1.23992e-11
0 26 45 5.68388e-12
0 26 46 2.50336e-12
0 26 47 1.05933e-12
0 26 48 4.30691e-13
0 26 49 7.80363e-16
0 27 0 2.75823e-16
0 27 1 1.58442e-13
0 27 2 4.05609e-13
0 27 3 9.97638e-13
0 27 4 2.35758e-12
0 27 5 5.35288e-12
0 27 6 1.16772e-11
0 27 7 2.44746e-11
0 27 8 4.92857e-11
0 27 9 9.53577e-11
0 27 10 1.77263e-10
0 27 11 3.16599e-10
0 27 12 5.43285e-10
0 27 13 8.95726e-10
0 27 14 1.4189e-09
0 27 15 2.15951e-09
0 27 16 3.15781e-09
0 27 17 4.43656e-09
0 27 18 5.98873e-09
0 27 19 7.76697e-09
0 27 20 9.67823e-09
0 27 21 1.1587e-08
0 27 22 1.33282e-08
0 27 23 1.47299e-08
0 27 24 1.56407e-08
0 27 25 1.59567e-08
0 27 26 1.56407e-08
0 27 27 1.47299e-08
0 27 28 1.33282e-08
0 27 29 1.1587e-08
0 27 30 9.67823e-09
0 27 31 7.76697e-09
0 27 32 5.98873e-09
0 27 33 4.43656e-09
0 27 34 3.15781e-09
0 27 35 2.15951e-09
0 27 36 1.4189e-09
0 27 37 8.95726e-10
0 27 38 5.43285e-10
0 27 39 3.16599e-10
0 27 40 1.77263e-10
0 27 41 9.53577e-11
0 27 42 4.92857e-11
0 27 43 2.44746e-11
0 27 44 1.16772e-11
0 27 45 5.35288e-12
0 27 46 2.35758e-12
0 27 47 9.97638e-13
0 27 48 4.05609e-13
0 27 49 7.34918e-16
0 28 0 2.49575e-16
0 28 1 1.43364e-13
0 28 2 3.6701e-13
0 28 3 9.027e-13
0 28 4 2.13322e-12
0 28 5 4.84349e-12
0 28 6 1.05659e-11
0 28 7 2.21455e-11
0 28 8 4.45956e-11
0 28 9 8.62832e-11
0 28 10 1.60394e-10
0 28 11 2.8647e-10
0 28 12 4.91585e-10
0 28 13 8.10487e-10
0 28 14 1.28387e-09
0 28 15 1.954e-09
0 28 16 2.85731e-09
0 28 17 4.01437e-09
0 28 18 5.41883e-09
0 28 19 7.02784e-09
0 28 20 8.75723e-09
0 28 21 1.04843e-08
0 28 22 1.20598e-08
0 28 23 1.33282e-08
0 28 24 1.41523e-08
0 28 25 1.44382e-08
0 28 26 1.41523e-08
0 28 27 1.33282e-08
0 28 28 1.20598e-08
0 28 29 1.04843e-08
0 28 30 8.75723e-09
0 28 31 7.02784e-09
0 28 32 5.41883e-09
0 28 33 4.01437e-09
0 28 34 2.85731e-09
0 28 35 1.954e-09
0 28 36 1.28387e-09
0 28 37 8.10487e-10
0 28 38 4.91585e-10
0 28 39 2.8647e-10
0 28 40 1.60394e-10
0 28 41 8.62832e-11
0 28 42 4.45956e-11
0 28 43 2.21455e-11
0 28 44 1.05659e-11
0 28 45 4.84349e-12
0 28 46 2.13322e-12
0 28 47 9.027e-13
0 28 48 3.6701e-13
0 28 49 6.64981e-16
0 29 0 2.1697e-16
0 29 1 1.24635e-13
0 29 2 3.19063e-13
0 29 3 7.8477e-13
0 29 4 1.85454e-12
0 29 5 4.21072e-12
0 29 6 9.18558e-12
0 29 7 1.92524e-11
0 29 8 3.87695e-11
0 29 9 7.5011e-11
0 29 10 1.3944e-10
0 29 11 2.49045e-10
0 29 12 4.27363e-10
0 29 13 7.04603e-10
0 29 14 1.11614e-09
0 29 15 1.69873e-09
0 29 16 2.48402e-09
0 29 17 3.48992e-09
0 29 18 4.7109e-09
0 29 19 6.10971e-09
0 29 20 7.61317e-09
0 29 21 9.11462e-09
0 29 22 1.04843e-08
0 29 23 1.1587e-08
0 29 24 1.23034e-08
0 29 25 1.2552e-08
0 29 26 1.23034e-08
0 29 27 1.1587e-08
0 29 28 1.04843e-08
0 29 29 9.11462e-09
0 29 30 7.61317e-09
0 29 31 6.10971e-09
0 29 32 4.7109e-09
0 29 33 3.48992e-09
0 29 34 2.48402e-09
0 29 35 1.69873e-09
0 29 36 1.11614e-09
0 29 37 7.04603e-10
0 29 38 4.27363e-10
0 29 39 2.49045e-10
0 29 40 1.3944e-10
0 29 41 7.5011e-11
0 29 42 3.87695e-11
0 29 43 1.92524e-11
0 29 44 9.18558e-12
0 29 45 4.21072e-12
0 29 46 1.85454e-12
0 29 47 7.8477e-13
0 29 48 3.19063e-13
0 29 49 5.78107e-16
0 30 0 1.81229e-16
0 30 1 1.04104e-13
0 30 2 2.66504e-13
0 30 3 6.55495e-13
0 30 4 1.54904e-12
0 30 5 3.51709e-12
0 30 6 7.67244e-12
0 30 7 1.60809e-11
0 30 8 3.2383e-11
0 30 9 6.26545e-11
0 30 10 1.1647e-10
0 30 11 2.0802e-10
0 30 12 3.56964e-10
0 30 13 5.88534e-10
0 30 14 9.32282e-10
0 30 15 1.4189e-09
0 30 16 2.07483e-09
0 30 17 2.91503e-09
0 30 18 3.93488e-09
0 30 19 5.10326e-09
0 30 20 6.35905e-09
0 30 21 7.61317e-09
0 30 22 8.75723e-09
0 30 23 9.67823e-09
0 30 24 1.02767e-08
0 30 25 1.04843e-08
0 30 26 1.02767e-08
0 30 27 9.67823e-09
0 30 28 8.75723e-09
0 30 29 7.61317e-09
0 30 30 6.35905e-09
0 30 31 5.10326e-09
0 30 32 3.93488e-09
0 30 33 2.91503e-09
0 30 34 2.07483e-09
0 30 35 1.4189e-09
0 30 36 9.32282e-10
0 30 37 5.88534e-10
0 30 38 3.56964e-10
0 30 39 2.0802e-10
0 30 40 1.1647e-10
0 30 41 6.26545e-11
0 30 42 3.2383e-11
0 30 43 1.60809e-11
0 30 44 7.67244e-12
0 30 45 3.51709e-12
0 30 46 1.54904e-12
0 30 47 6.55495e-13
0 30 48 2.66504e-13
0 30 49 4.82876e-16
0 31 0 1.45439e-16
0 31 1 8.35454e-14
0 31 2 2.13875e-13
0 31 3 5.26047e-13
0 31 4 1.24313e-12
0 31 5 2.82253e-12
0 31 6 6.15728e-12
0 31 7 1.29053e-11
0 31 8 2.5988e-11
0 31 9 5.02814e-11
0 31 10 9.34695e-11
0 31 11 1.6694e-10
0 31 12 2.8647e-10
0 31 13 4.7231e-10
0 31 14 7.48173e-10
0 31 15 1.13869e-09
0 31 16 1.66509e-09
0 31 17 2.33937e-09
0 31 18 3.15781e-09
0 31 19 4.09546e-09
0 31 20 5.10326e-09
0 31 21 6.10971e-09
0 31 22 7.02784e-09
0 31 23 7.76697e-09
0 31 24 8.24725e-09
0 31 25 8.41385e-09
0 31 26 8.24725e-09
0 31 27 7.76697e-09
0 31 28 7.02784e-09
0 31 29 6.10971e-09
0 31 30 5.10326e-09
0 31 31 4.09546e-09
0 31 32 3.15781e-09
0 31 33 2.33937e-09
0 31 34 1.66509e-09
0 31 35 1.13869e-09
0 31 36 7.48173e-10
0 31 37 4.7231e-10
0 31 38 2.8647e-10
0 31 39 1.6694e-10
0 31 40 9.34695e-11
0 31 41 5.02814e-11
0 31 42 2.5988e-11
0 31 43 1.29053e-11
0 31 44 6.15728e-12
0 31 45 2.82253e-12
0 31 46 1.24313e-12
0 31 47 5.26047e-13
0 31 48 2.13875e-13
0 31 49 3.87517e-16
0 32 0 1.12141e-16
0 32 1 6.44178e-14
0 32 2 1.64908e-13
0 32 3 4.05609e-13
0 32 4 9.5852e-13
0 32 5 2.17632e-12
0 32 6 4.74758e-12
0 32 7 9.95062e-12
0 32 8 2.00381e-11
0 32 9 3.87695e-11
0 32 10 7.20698e-11
0 32 11 1.28719e-10
0 32 12 2.20883e-10
0 32 13 3.64175e-10
0 32 14 5.7688e-10
0 32 15 8.7799e-10
0 32 16 1.28387e-09
0 32 17 1.80377e-09
0 32 18 2.43484e-09
0 32 19 3.15781e-09
0 32 20 3.93488e-09
0 32 21 4.7109e-09
0 32 22 5.41883e-09
0 32 23 5.98873e-09
0 32 24 6.35905e-09
0 32 25 6.48751e-09
0 32 26 6.35905e-09
0 32 27 5.98873e-09
0 32 28 5.41883e-09
0 32 29 4.7109e-09
0 32 30 3.93488e-09
0 32 31 3.15781e-09
0 32 32 2.43484e-09
0 32 33 1.80377e-09
0 32 34 1.28387e-09
0 32 35 8.7799e-10
0 32 36 5.7688e-10
0 32 37 3.64175e-10
0 32 38 2.20883e-10
0 32 39 1.28719e-10
0 32 40 7.20698e-11
0 32 41 3.87695e-11
0 32 42 2.00381e-11
0 32 43 9.95062e-12
0 32 44 4.74758e-12
0 32 45 2.17632e-12
0 32 46 9.5852e-13
0 32 47 4.05609e-13
0 32 48 1.64908e-13
0 32 49 2.98795e-16
0 33 0 8.30763e-17
0 33 1 4.77219e-14
0 33 2 1.22167e-13
0 33 3 3.00483e-13
0 33 4 7.10089e-13
0 33 5 1.61226e-12
0 33 6 3.51709e-12
0 33 7 7.3716e-12
0 33 8 1.48446e-11
0 33 9 2.87212e-11
0 33 10 5.33906e-11
0 33 11 9.53577e-11
0 33 12 1.63634e-10
0 33 13 2.69788e-10
0 33 14 4.27363e-10
0 33 15 6.50431e-10
0 33 16 9.51115e-10
0 33 17 1.33627e-09
0 33 18 1.80377e-09
0 33 19 2.33937e-09
0 33 20 2.91503e-09
0 33 21 3.48992e-09
0 33 22 4.01437e-09
0 33 23 4.43656e-09
0 33 24 4.7109e-09
0 33 25 4.80607e-09
0 33 26 4.7109e-09
0 33 27 4.43656e-09
0 33 28 4.01437e-09
0 33 29 3.48992e-09
0 33 30 2.91503e-09
0 33 31 2.33937e-09
0 33 32 1.80377e-09
0 33 33 1.33627e-09
0 33 34 9.51115e-10
0 33 35 6.50431e-10
0 33 36 4.27363e-10
0 33 37 2.69788e-10
0 33 38 1.63634e-10
0 33 39 9.53577e-11
0 33 40 5.33906e-11
0 33 41 2.87212e-11
0 33 42 1.48446e-11
0 33 43 7.3716e-12
0 33 44 3.51709e-12
0 33 45 1.61226e-12
0 33 46 7.10089e-13
0 33 47 3.00483e-13
0 33 48 1.22167e-13
0 33 49 2.21353e-16
0 34 0 5.91312e-17
0 34 1 3.3967e-14
0 34 2 8.69549e-14
0 34 3 2.13875e-13
0 34 4 5.0542e-13
0 34 5 1.14756e-12
0 34 6 2.50336e-12
0 34 7 5.24689e-12
0 34 8 1.05659e-11
0 34 9 2.04429e-11
0 34 10 3.80018e-11
0 34 11 6.78728e-11
0 34 12 1.1647e-10
0 34 13 1.92027e-10
0 34 14 3.04185e-10
0 34 15 4.62957e-10
0 34 16 6.76975e-10
0 34 17 9.51115e-10
0 34 18 1.28387e-09
0 34 19 1.66509e-09
0 34 20 2.07483e-09
0 34 21 2.48402e-09
0 34 22 2.85731e-09
0 34 23 3.15781e-09
0 34 24 3.35308e-09
0 34 25 3.42082e-09
0 34 26 3.35308e-09
0 34 27 3.15781e-09
0 34 28 2.85731e-09
0 34 29 2.48402e-09
0 34 30 2.07483e-09
0 34 31 1.66509e-09
0 34 32 1.28387e-09
0 34 33 9.51115e-10
0 34 34 6.76975e-10
0 34 35 4.62957e-10
0 34 36 3.04185e-10
0 34 37 1.92027e-10
0 34 38 1.1647e-10
0 34 39 6.78728e-11
0 34 40 3.80018e-11
0 34 41 2.04429e-11
0 34 42 1.05659e-11
0 34 43 5.24689e-12
0 34 44 2.50336e-12
0 34 45 1.14756e-12
0 34 46 5.0542e-13
0 34 47 2.13875e-13
0 34 48 8.69549e-14
0 34 49 1.57553e-16
0 35 0 4.04376e-17
0 35 1 2.32287e-14
0 35 2 5.94651e-14
0 35 3 1.46261e-13
0 35 4 3.45637e-13
0 35 5 7.8477e-13
0 35 6 1.71195e-12
0 35 7 3.58814e-12
0 35 8 7.22563e-12
0 35 9 1.39801e-11
0 35 10 2.5988e-11
0 35 11 4.64156e-11
0 35 12 7.96494e-11
0 35 13 1.3132e-10
0 35 14 2.0802e-10
0 35 15 3.16599e-10
0 35 16 4.62957e-10
0 35 17 6.50431e-10
0 35 18 8.7799e-10
0 35 19 1.13869e-09
0 35 20 1.4189e-09
0 35 21 1.69873e-09
0 35 22 1.954e-09
0 35 23 2.15951e-09
0 35 24 2.29304e-09
0 35 25 2.33937e-09
0 35 26 2.29304e-09
0 35 27 2.15951e-09
0 35 28 1.954e-09
0 35 29 1.69873e-09
0 35 30 1.4189e-09
0 35 31 1.13869e-09
0 35 32 8.7799e-10
0 35 33 6.50431e-10
0 35 34 4.62957e-10
0 35 35 3.16599e-10
0 35 36 2.0802e-10
0 35 37 1.3132e-10
0 35 38 7.96494e-11
0 35 39 4.64156e-11
0 35 40 2.5988e-11
0 35 41 1.39801e-11
0 35 42 7.22563e-12
0 35 43 3.58814e-12
0 35 44 1.71195e-12
0 35 45 7.8477e-13
0 35 46 3.45637e-13
0 35 47 1.46261e-13
0 35 48 5.94651e-14
0 35 49 1.07744e-16
0 36 0 2.65694e-17
0 36 1 1.52624e-14
0 36 2 3.90714e-14
0 36 3 9.61001e-14
0 36 4 2.271e-13
0 36 5 5.1563e-13
0 36 6 1.12483e-12
0 36 7 2.35758e-12
0 36 8 4.74758e-12
0 36 9 9.18558e-12
0 36 10 1.70753e-11
0 36 11 3.04972e-11
0 36 12 5.23334e-11
0 36 13 8.62832e-11
0 36 14 1.36679e-10
0 36 15 2.0802e-10
0 36 16 3.04185e-10
0 36 17 4.27363e-10
0 36 18 5.7688e-10
0 36 19 7.48173e-10
0 36 20 9.32282e-10
0 36 21 1.11614e-09
0 36 22 1.28387e-09
0 36 23 1.4189e-09
0 36 24 1.50664e-09
0 36 25 1.53707e-09
0 36 26 1.50664e-09
0 36 27 1.4189e-09
0 36 28 1.28387e-09
0 36 29 1.11614e-09
0 36 30 9.32282e-10
0 36 31 7.48173e-10
0 36 32 5.7688e-10
0 36 33 4.27363e-10
0 36 34 3.04185e-10
0 36 35 2.0802e-10
0 36 36 1.36679e-10
0 36 37 8.62832e-11
0 36 38 5.23334e-11
0 36 39 3.04972e-11
0 36 40 1.70753e-11
0 36 41 9.18558e-12
0 36 42 4.74758e-12
0 36 43 2.35758e-12
0 36 44 1.12483e-12
0 36 45 5.1563e-13
0 36 46 2.271e-13
0 36 47 9.61001e-14
0 36 48 3.90714e-14
0 36 49 7.07929e-17
0 37 0 1.67728e-17
0 37 1 9.63488e-15
0 37 2 2.46651e-14
0 37 3 6.06664e-14
0 37 4 1.43364e-13
0 37 5 3.25509e-13
0 37 6 7.10089e-13
0 37 7 1.4883e-12
0 37 8 2.99707e-12
0 37 9 5.79871e-12
0 37 10 1.07794e-11
0 37 11 1.92524e-11
0 37 12 3.30372e-11
0 37 13 5.44692e-11
0 37 14 8.62832e-11
0 37 15 1.3132e-10
0 37 16 1.92027e-10
0 37 17 2.69788e-10
0 37 18 3.64175e-10
0 37 19 4.7231e-10
0 37 20 5.88534e-10
0 37 21 7.04603e-10
0 37 22 8.10487e-10
0 37 23 8.95726e-10
0 37 24 9.51115e-10
0 37 25 9.70329e-10
0 37 26 9.51115e-10
0 37 27 8.95726e-10
0 37 28 8.10487e-10
0 37 29 7.04603e-10
0 37 30 5.88534e-10
0 37 31 4.7231e-10
0 37 32 3.64175e-10
0 37 33 2.69788e-10
0 37 34 1.92027e-10
0 37 35 1.3132e-10
0 37 36 8.62832e-11
0 37 37 5.44692e-11
0 37 38 3.30372e-11
0 37 39 1.92524e-11
0 37 40 1.07794e-11
0 37 41 5.79871e-12
0 37 42 2.99707e-12
0 37 43 1.4883e-12
0 37 44 7.10089e-13
0 37 45 3.25509e-13
0 37 46 1.43364e-13
0 37 47 6.06664e-14
0 37 48 2.46651e-14
0 37 49 4.46904e-17
0 38 0 1.01732e-17
0 38 1 5.84385e-15
0 38 2 1.49602e-14
0 38 3 3.6796e-14
0 38 4 8.69549e-14
0 38 5 1.97431e-13
0 38 6 4.30691e-13
0 38 7 9.027e-13
0 38 8 1.81781e-12
0 38 9 3.51709e-12
0 38 10 6.53802e-12
0 38 11 1.16772e-11
0 38 12 2.00381e-11
0 38 13 3.30372e-11
0 38 14 5.23334e-11
0 38 15 7.96494e-11
0 38 16 1.1647e-10
0 38 17 1.63634e-10
0 38 18 2.20883e-10
0 38 19 2.8647e-10
0 38 20 3.56964e-10
0 38 21 4.27363e-10
0 38 22 4.91585e-10
0 38 23 5.43285e-10
0 38 24 5.7688e-10
0 38 25 5.88534e-10
0 38 26 5.7688e-10
0 38 27 5.43285e-10
0 38 28 4.91585e-10
0 38 29 4.27363e-10
0 38 30 3.56964e-10
0 38 31 2.8647e-10
0 38 32 2.20883e-10
0 38 33 1.63634e-10
0 38 34 1.1647e-10
0 38 35 7.96494e-11
0 38 36 5.23334e-11
0 38 37 3.30372e-11
0 38 38 2.00381e-11
0 38 39 1.16772e-11
0 38 40 6.53802e-12
0 38 41 3.51709e-12
0 38 42 1.81781e-12
0 38 43 9.027e-13
0 38 44 4.30691e-13
0 38 45 1.97431e-13
0 38 46 8.69549e-14
0 38 47 3.6796e-14
0 38 48 1.49602e-14
0 38 49 2.71061e-17
0 39 0 5.92843e-18
0 39 1 3.40549e-15
0 39 2 8.718e-15
0 39 3 2.14428e-14
0 39 4 5.06728e-14
0 39 5 1.15053e-13
0 39 6 2.50984e-13
0 39 7 5.26047e-13
0 39 8 1.05933e-12
0 39 9 2.04958e-12
0 39 10 3.81002e-12
0 39 11 6.80484e-12
0 39 12 1.16772e-11
0 39 13 1.92524e-11
0 39 14 3.04972e-11
0 39 15 4.64156e-11
0 39 16 6.78728e-11
0 39 17 9.53577e-11
0 39 18 1.28719e-10
0 39 19 1.6694e-10
0 39 20 2.0802e-10
0 39 21 2.49045e-10
0 39 22 2.8647e-10
0 39 23 3.16599e-10
0 39 24 3.36176e-10
0 39 25 3.42967e-10
0 39 26 3.36176e-10
0 39 27 3.16599e-10
0 39 28 2.8647e-10
0 39 29 2.49045e-10
0 39 30 2.0802e-10
0 39 31 1.6694e-10
0 39 32 1.28719e-10
0 39 33 9.53577e-11
0 39 34 6.78728e-11
0 39 35 4.64156e-11
0 39 36 3.04972e-11
0 39 37 1.92524e-11
0 39 38 1.16772e-11
0 39 39 6.80484e-12
0 39 40 3.81002e-12
0 39 41 2.04958e-12
0 39 42 1.05933e-12
0 39 43 5.26047e-13
0 39 44 2.50984e-13
0 39 45 1.15053e-13
0 39 46 5.06728e-14
0 39 47 2.14428e-14
0 39 48 8.718e-15
0 39 49 1.5796e-17
0 40 0 3.31932e-18
0 40 1 1.90673e-15
0 40 2 4.8812e-15
0 40 3 1.20058e-14
0 40 4 2.83716e-14
0 40 5 6.44178e-14
0 40 6 1.40526e-13
0 40 7 2.94533e-13
0 40 8 5.93116e-13
0 40 9 1.14756e-12
0 40 10 2.13322e-12
0 40 11 3.81002e-12
0 40 12 6.53802e-12
0 40 13 1.07794e-11
0 40 14 1.70753e-11
0 40 15 2.5988e-11
0 40 16 3.80018e-11
0 40 17 5.33906e-11
0 40 18 7.20698e-11
0 40 19 9.34695e-11
0 40 20 1.1647e-10
0 40 21 1.3944e-10
0 40 22 1.60394e-10
0 40 23 1.77263e-10
0 40 24 1.88224e-10
0 40 25 1.92027e-10
0 40 26 1.88224e-10
0 40 27 1.77263e-10
0 40 28 1.60394e-10
0 40 29 1.3944e-10
0 40 30 1.1647e-10
0 40 31 9.34695e-11
0 40 32 7.20698e-11
0 40 33 5.33906e-11
0 40 34 3.80018e-11
0 40 35 2.5988e-11
0 40 36 1.70753e-11
0 40 37 1.07794e-11
0 40 38 6.53802e-12
0 40 39 3.81002e-12
0 40 40 2.13322e-12
0 40 41 1.14756e-12
0 40 42 5.93116e-13
0 40 43 2.94533e-13
0 40 44 1.40526e-13
0 40 45 6.44178e-14
0 40 46 2.83716e-14
0 40 47 1.20058e-14
0 40 48 4.8812e-15
0 40 49 8.84418e-18
0 41 0 1.78561e-18
0 41 1 1.02572e-15
0 41 2 2.62581e-15
0 41 3 6.45845e-15
0 41 4 1.52624e-14
0 41 5 3.46532e-14
0 41 6 7.5595e-14
0 41 7 1.58442e-13
0 41 8 3.19063e-13
0 41 9 6.17322e-13
0 41 10 1.14756e-12
0 41 11 2.04958e-12
