0 0 0 4.19113e-120
0 0 1 2.58116e-85
0 0 2 6.60772e-85
0 0 3 1.62524e-84
0 0 4 3.84069e-84
0 0 5 8.7203e-84
0 0 6 1.90231e-83
0 0 7 3.98712e-83
0 0 8 8.02907e-83
0 0 9 1.55346e-82
0 0 10 2.88777e-82
0 0 11 5.15766e-82
0 0 12 8.85058e-82
0 0 13 1.45921e-81
0 0 14 2.3115e-81
0 0 15 3.51802e-81
0 0 16 5.14434e-81
0 0 17 7.22753e-81
0 0 18 9.75615e-81
0 0 19 1.2653e-80
0 0 20 1.57667e-80
0 0 21 1.88761e-80
0 0 22 2.17127e-80
0 0 23 2.39963e-80
0 0 24 2.54801e-80
0 0 25 2.59948e-80
0 0 26 2.54801e-80
0 0 27 2.39963e-80
0 0 28 2.17127e-80
0 0 29 1.88761e-80
0 0 30 1.57667e-80
0 0 31 1.2653e-80
0 0 32 9.75615e-81
0 0 33 7.22753e-81
0 0 34 5.14434e-81
0 0 35 3.51802e-81
0 0 36 2.3115e-81
0 0 37 1.45921e-81
0 0 38 8.85058e-82
0 0 39 5.15766e-82
0 0 40 2.88777e-82
0 0 41 1.55346e-82
0 0 42 8.02907e-83
0 0 43 3.98712e-83
0 0 44 1.90231e-83
0 0 45 8.7203e-84
0 0 46 3.84069e-84
0 0 47 1.62524e-84
0 0 48 6.60772e-85
0 0 49 1.11671e-119
0 1 0 2.58116e-85
0 1 1 1.58964e-50
0 1 2 4.06945e-50
0 1 3 1.00092e-49
0 1 4 2.36534e-49
0 1 5 5.37051e-49
0 1 6 1.17156e-48
0 1 7 2.45552e-48
0 1 8 4.9448e-48
0 1 9 9.56717e-48
0 1 10 1.77847e-47
0 1 11 3.17641e-47
0 1 12 5.45074e-47
0 1 13 8.98676e-47
0 1 14 1.42357e-46
0 1 15 2.16662e-46
0 1 16 3.16821e-46
0 1 17 4.45117e-46
0 1 18 6.00845e-46
0 1 19 7.79254e-46
0 1 20 9.7101e-46
0 1 21 1.16251e-45
0 1 22 1.33721e-45
0 1 23 1.47784e-45
0 1 24 1.56923e-45
0 1 25 1.60093e-45
0 1 26 1.56923e-45
0 1 27 1.47784e-45
0 1 28 1.33721e-45
0 1 29 1.16251e-45
0 1 30 9.7101e-46
0 1 31 7.79254e-46
0 1 32 6.00845e-46
0 1 33 4.45117e-46
0 1 34 3.16821e-46
0 1 35 2.16662e-46
0 1 36 1.42357e-46
0 1 37 8.98676e-47
0 1 38 5.45074e-47
0 1 39 3.17641e-47
0 1 40 1.77847e-47
0 1 41 9.56717e-48
0 1 42 4.9448e-48
0 1 43 2.45552e-48
0 1 44 1.17156e-48
0 1 45 5.37051e-49
0 1 46 2.36534e-49
0 1 47 1.00092e-49
0 1 48 4.06945e-50
0 1 49 6.87738e-85
0 2 0 6.60772e-85
0 2 1 4.06945e-50
0 2 2 1.04177e-49
0 2 3 2.56234e-49
0 2 4 6.05523e-49
0 2 5 1.37484e-48
0 2 6 2.99917e-48
0 2 7 6.28608e-48
0 2 8 1.26586e-47
0 2 9 2.44918e-47
0 2 10 4.55284e-47
0 2 11 8.13155e-47
0 2 12 1.39538e-46
0 2 13 2.30059e-46
0 2 14 3.64431e-46
0 2 15 5.5465e-46
0 2 16 8.11056e-46
0 2 17 1.13949e-45
0 2 18 1.53815e-45
0 2 19 1.99488e-45
0 2 20 2.48577e-45
0 2 21 2.97601e-45
0 2 22 3.42322e-45
0 2 23 3.78324e-45
0 2 24 4.01719e-45
0 2 25 4.09834e-45
0 2 26 4.01719e-45
0 2 27 3.78324e-45
0 2 28 3.42322e-45
0 2 29 2.97601e-45
0 2 30 2.48577e-45
0 2 31 1.99488e-45
0 2 32 1.53815e-45
0 2 33 1.13949e-45
0 2 34 8.11056e-46
0 2 35 5.5465e-46
0 2 36 3.64431e-46
0 2 37 2.30059e-46
0 2 38 1.39538e-46
0 2 39 8.13155e-47
0 2 40 4.55284e-47
0 2 41 2.44918e-47
0 2 42 1.26586e-47
0 2 43 6.28608e-48
0 2 44 2.99917e-48
0 2 45 1.37484e-48
0 2 46 6.05523e-49
0 2 47 2.56234e-49
0 2 48 1.04177e-49
0 2 49 1.7606e-84
0 3 0 1.62524e-84
0 3 1 1.00092e-49
0 3 2 2.56234e-49
0 3 3 6.30235e-49
0 3 4 1.48935e-48
0 3 5 3.38156e-48
0 3 6 7.37678e-48
0 3 7 1.54613e-47
0 3 8 3.11351e-47
0 3 9 6.024e-47
0 3 10 1.11982e-46
0 3 11 2.00004e-46
0 3 12 3.43208e-46
0 3 13 5.65855e-46
0 3 14 8.96356e-46
0 3 15 1.36422e-45
0 3 16 1.99488e-45
0 3 17 2.8027e-45
0 3 18 3.78324e-45
0 3 19 4.9066e-45
0 3 20 6.114e-45
0 3 21 7.31979e-45
0 3 22 8.41977e-45
0 3 23 9.30528e-45
0 3 24 9.88069e-45
0 3 25 1.00803e-44
0 3 26 9.88069e-45
0 3 27 9.30528e-45
0 3 28 8.41977e-45
0 3 29 7.31979e-45
0 3 30 6.114e-45
0 3 31 4.9066e-45
0 3 32 3.78324e-45
0 3 33 2.8027e-45
0 3 34 1.99488e-45
0 3 35 1.36422e-45
0 3 36 8.96356e-46
0 3 37 5.65855e-46
0 3 38 3.43208e-46
0 3 39 2.00004e-46
0 3 40 1.11982e-46
0 3 41 6.024e-47
0 3 42 3.11351e-47
0 3 43 1.54613e-47
0 3 44 7.37678e-48
0 3 45 3.38156e-48
0 3 46 1.48935e-48
0 3 47 6.30235e-49
0 3 48 2.56234e-49
0 3 49 4.33037e-84
0 4 0 3.84069e-84
0 4 1 2.36534e-49
0 4 2 6.05523e-49
0 4 3 1.48935e-48
0 4 4 3.51956e-48
0 4 5 7.99117e-48
0 4 6 1.74325e-47
0 4 7 3.65374e-47
0 4 8 7.35773e-47
0 4 9 1.42357e-46
0 4 10 2.64631e-46
0 4 11 4.72642e-46
0 4 12 8.11056e-46
0 4 13 1.33721e-45
0 4 14 2.11823e-45
0 4 15 3.22387e-45
0 4 16 4.71421e-45
0 4 17 6.62322e-45
0 4 18 8.94041e-45
0 4 19 1.15951e-44
0 4 20 1.44484e-44
0 4 21 1.72978e-44
0 4 22 1.98973e-44
0 4 23 2.19899e-44
0 4 24 2.33496e-44
0 4 25 2.38213e-44
0 4 26 2.33496e-44
0 4 27 2.19899e-44
0 4 28 1.98973e-44
0 4 29 1.72978e-44
0 4 30 1.44484e-44
0 4 31 1.15951e-44
0 4 32 8.94041e-45
0 4 33 6.62322e-45
0 4 34 4.71421e-45
0 4 35 3.22387e-45
0 4 36 2.11823e-45
0 4 37 1.33721e-45
0 4 38 8.11056e-46
0 4 39 4.72642e-46
0 4 40 2.64631e-46
0 4 41 1.42357e-46
0 4 42 7.35773e-47
0 4 43 3.65374e-47
0 4 44 1.74325e-47
0 4 45 7.99117e-48
0 4 46 3.51956e-48
0 4 47 1.48935e-48
0 4 48 6.05523e-49
0 4 49 1.02334e-83
0 5 0 8.7203e-84
0 5 1 5.37051e-49
0 5 2 1.37484e-48
0 5 3 3.38156e-48
0 5 4 7.99117e-48
0 5 5 1.8144e-47
0 5 6 3.95805e-47
0 5 7 8.29582e-47
0 5 8 1.67057e-46
0 5 9 3.23221e-46
0 5 10 6.00845e-46
0 5 11 1.07313e-45
0 5 12 1.8415e-45
0 5 13 3.03612e-45
0 5 14 4.80945e-45
0 5 15 7.31979e-45
0 5 16 1.07036e-44
0 5 17 1.5038e-44
0 5 18 2.02992e-44
0 5 19 2.63267e-44
0 5 20 3.2805e-44
0 5 21 3.92748e-44
0 5 22 4.51767e-44
0 5 23 4.9928e-44
0 5 24 5.30154e-44
0 5 25 5.40864e-44
0 5 26 5.30154e-44
0 5 27 4.9928e-44
0 5 28 4.51767e-44
0 5 29 3.92748e-44
0 5 30 3.2805e-44
0 5 31 2.63267e-44
0 5 32 2.02992e-44
0 5 33 1.5038e-44
0 5 34 1.07036e-44
0 5 35 7.31979e-45
0 5 36 4.80945e-45
0 5 37 3.03612e-45
0 5 38 1.8415e-45
0 5 39 1.07313e-45
0 5 40 6.00845e-46
0 5 41 3.23221e-46
0 5 42 1.67057e-46
0 5 43 8.29582e-47
0 5 44 3.95805e-47
0 5 45 1.8144e-47
0 5 46 7.99117e-48
0 5 47 3.38156e-48
0 5 48 1.37484e-48
0 5 49 2.32348e-83
0 6 0 1.90231e-83
0 6 1 1.17156e-48
0 6 2 2.99917e-48
0 6 3 7.37678e-48
0 6 4 1.74325e-47
0 6 5 3.95805e-47
0 6 6 8.63438e-47
0 6 7 1.80971e-46
0 6 8 3.64431e-46
0 6 9 7.05098e-46
0 6 10 1.31073e-45
0 6 11 2.34101e-45
0 6 12 4.01719e-45
0 6 13 6.62322e-45
0 6 14 1.04917e-44
0 6 15 1.59679e-44
0 6 16 2.33496e-44
0 6 17 3.2805e-44
0 6 18 4.42822e-44
0 6 19 5.74309e-44
0 6 20 7.15633e-44
0 6 21 8.56768e-44
0 6 22 9.85518e-44
0 6 23 1.08917e-43
0 6 24 1.15652e-43
0 6 25 1.17988e-43
0 6 26 1.15652e-43
0 6 27 1.08917e-43
0 6 28 9.85518e-44
0 6 29 8.56768e-44
0 6 30 7.15633e-44
0 6 31 5.74309e-44
0 6 32 4.42822e-44
0 6 33 3.2805e-44
0 6 34 2.33496e-44
0 6 35 1.59679e-44
0 6 36 1.04917e-44
0 6 37 6.62322e-45
0 6 38 4.01719e-45
0 6 39 2.34101e-45
0 6 40 1.31073e-45
0 6 41 7.05098e-46
0 6 42 3.64431e-46
0 6 43 1.80971e-46
0 6 44 8.63438e-47
0 6 45 3.95805e-47
0 6 46 1.74325e-47
0 6 47 7.37678e-48
0 6 48 2.99917e-48
0 6 49 5.06862e-83
0 7 0 3.98712e-83
0 7 1 2.45552e-48
0 7 2 6.28608e-48
0 7 3 1.54613e-47
0 7 4 3.65374e-47
0 7 5 8.29582e-47
0 7 6 1.80971e-46
0 7 7 3.79304e-46
0 7 8 7.63824e-46
0 7 9 1.47784e-45
0 7 10 2.7472e-45
0 7 11 4.9066e-45
0 7 12 8.41977e-45
0 7 13 1.38818e-44
0 7 14 2.19899e-44
0 7 15 3.34677e-44
0 7 16 4.89394e-44
0 7 17 6.87572e-44
0 7 18 9.28126e-44
0 7 19 1.20371e-43
0 7 20 1.49992e-43
0 7 21 1.79573e-43
0 7 22 2.06558e-43
0 7 23 2.28282e-43
0 7 24 2.42398e-43
0 7 25 2.47295e-43
0 7 26 2.42398e-43
0 7 27 2.28282e-43
0 7 28 2.06558e-43
0 7 29 1.79573e-43
0 7 30 1.49992e-43
0 7 31 1.20371e-43
0 7 32 9.28126e-44
0 7 33 6.87572e-44
0 7 34 4.89394e-44
0 7 35 3.34677e-44
0 7 36 2.19899e-44
0 7 37 1.38818e-44
0 7 38 8.41977e-45
0 7 39 4.9066e-45
0 7 40 2.7472e-45
0 7 41 1.47784e-45
0 7 42 7.63824e-46
0 7 43 3.79304e-46
0 7 44 1.80971e-46
0 7 45 8.29582e-47
0 7 46 3.65374e-47
0 7 47 1.54613e-47
0 7 48 6.28608e-48
0 7 49 1.06235e-82
0 8 0 8.02907e-83
0 8 1 4.9448e-48
0 8 2 1.26586e-47
0 8 3 3.11351e-47
0 8 4 7.35773e-47
0 8 5 1.67057e-46
0 8 6 3.64431e-46
0 8 7 7.63824e-46
0 8 8 1.53815e-45
0 8 9 2.97601e-45
0 8 10 5.53218e-45
0 8 11 9.88069e-45
0 8 12 1.69553e-44
0 8 13 2.79546e-44
0 8 14 4.42822e-44
0 8 15 6.73957e-44
0 8 16 9.85518e-44
0 8 17 1.3846e-43
0 8 18 1.86902e-43
0 8 19 2.42398e-43
0 8 20 3.02047e-43
0 8 21 3.61616e-43
0 8 22 4.15957e-43
0 8 23 4.59704e-43
0 8 24 4.8813e-43
0 8 25 4.97991e-43
0 8 26 4.8813e-43
0 8 27 4.59704e-43
0 8 28 4.15957e-43
0 8 29 3.61616e-43
0 8 30 3.02047e-43
0 8 31 2.42398e-43
0 8 32 1.86902e-43
0 8 33 1.3846e-43
0 8 34 9.85518e-44
0 8 35 6.73957e-44
0 8 36 4.42822e-44
0 8 37 2.79546e-44
0 8 38 1.69553e-44
0 8 39 9.88069e-45
0 8 40 5.53218e-45
0 8 41 2.97601e-45
0 8 42 1.53815e-45
0 8 43 7.63824e-46
0 8 44 3.64431e-46
0 8 45 1.67057e-46
0 8 46 7.35773e-47
0 8 47 3.11351e-47
0 8 48 1.26586e-47
0 8 49 2.13931e-82
0 9 0 1.55346e-82
0 9 1 9.56717e-48
0 9 2 2.44918e-47
0 9 3 6.024e-47
0 9 4 1.42357e-46
0 9 5 3.23221e-46
0 9 6 7.05098e-46
0 9 7 1.47784e-45
0 9 8 2.97601e-45
0 9 9 5.75795e-45
0 9 10 1.07036e-44
0 9 11 1.91171e-44
0 9 12 3.2805e-44
0 9 13 5.40864e-44
0 9 14 8.56768e-44
0 9 15 1.30397e-43
0 9 16 1.90677e-43
0 9 17 2.67891e-43
0 9 18 3.61616e-43
0 9 19 4.6899e-43
0 9 20 5.84398e-43
0 9 21 6.99651e-43
0 9 22 8.0479e-43
0 9 23 8.89431e-43
0 9 24 9.4443e-43
0 9 25 9.63509e-43
0 9 26 9.4443e-43
0 9 27 8.89431e-43
0 9 28 8.0479e-43
0 9 29 6.99651e-43
0 9 30 5.84398e-43
0 9 31 4.6899e-43
0 9 32 3.61616e-43
0 9 33 2.67891e-43
0 9 34 1.90677e-43
0 9 35 1.30397e-43
0 9 36 8.56768e-44
0 9 37 5.40864e-44
0 9 38 3.2805e-44
0 9 39 1.91171e-44
0 9 40 1.07036e-44
0 9 41 5.75795e-45
0 9 42 2.97601e-45
0 9 43 1.47784e-45
0 9 44 7.05098e-46
0 9 45 3.23221e-46
0 9 46 1.42357e-46
0 9 47 6.024e-47
0 9 48 2.44918e-47
0 9 49 4.13912e-82
0 10 0 2.88777e-82
0 10 1 1.77847e-47
0 10 2 4.55284e-47
0 10 3 1.11982e-46
0 10 4 2.64631e-46
0 10 5 6.00845e-46
0 10 6 1.31073e-45
0 10 7 2.7472e-45
0 10 8 5.53218e-45
0 10 9 1.07036e-44
0 10 10 1.98973e-44
0 10 11 3.55373e-44
0 10 12 6.09822e-44
0 10 13 1.00543e-43
0 10 14 1.59267e-43
0 10 15 2.42398e-43
0 10 16 3.54455e-43
0 10 17 4.97991e-43
0 10 18 6.72217e-43
0 10 19 8.71819e-43
0 10 20 1.08635e-42
0 10 21 1.3006e-42
0 10 22 1.49605e-42
0 10 23 1.65339e-42
0 10 24 1.75563e-42
0 10 25 1.79109e-42
0 10 26 1.75563e-42
0 10 27 1.65339e-42
0 10 28 1.49605e-42
0 10 29 1.3006e-42
0 10 30 1.08635e-42
0 10 31 8.71819e-43
0 10 32 6.72217e-43
0 10 33 4.97991e-43
0 10 34 3.54455e-43
0 10 35 2.42398e-43
0 10 36 1.59267e-43
0 10 37 1.00543e-43
0 10 38 6.09822e-44
0 10 39 3.55373e-44
0 10 40 1.98973e-44
0 10 41 1.07036e-44
0 10 42 5.53218e-45
0 10 43 2.7472e-45
0 10 44 1.31073e-45
0 10 45 6.00845e-46
0 10 46 2.64631e-46
0 10 47 1.11982e-46
0 10 48 4.55284e-47
0 10 49 7.69433e-82
0 11 0 5.15766e-82
0 11 1 3.17641e-47
0 11 2 8.13155e-47
0 11 3 2.00004e-46
0 11 4 4.72642e-46
0 11 5 1.07313e-45
0 11 6 2.34101e-45
0 11 7 4.9066e-45
0 11 8 9.88069e-45
0 11 9 1.91171e-44
0 11 10 3.55373e-44
0 11 11 6.34709e-44
0 11 12 1.08917e-43
0 11 13 1.79573e-43
0 11 14 2.84457e-43
0 11 15 4.32933e-43
0 11 16 6.33071e-43
0 11 17 8.89431e-43
0 11 18 1.20061e-42
0 11 19 1.5571e-42
0 11 20 1.94027e-42
0 11 21 2.32292e-42
0 11 22 2.672e-42
0 11 23 2.95301e-42
0 11 24 3.13562e-42
0 11 25 3.19896e-42
0 11 26 3.13562e-42
0 11 27 2.95301e-42
0 11 28 2.672e-42
0 11 29 2.32292e-42
0 11 30 1.94027e-42
0 11 31 1.5571e-42
0 11 32 1.20061e-42
0 11 33 8.89431e-43
0 11 34 6.33071e-43
0 11 35 4.32933e-43
0 11 36 2.84457e-43
0 11 37 1.79573e-43
0 11 38 1.08917e-43
0 11 39 6.34709e-44
0 11 40 3.55373e-44
0 11 41 1.91171e-44
0 11 42 9.88069e-45
0 11 43 4.9066e-45
0 11 44 2.34101e-45
0 11 45 1.07313e-45
0 11 46 4.72642e-46
0 11 47 2.00004e-46
0 11 48 8.13155e-47
0 11 49 1.37424e-81
0 12 0 8.85058e-82
0 12 1 5.45074e-47
0 12 2 1.39538e-46
0 12 3 3.43208e-46
0 12 4 8.11056e-46
0 12 5 1.8415e-45
0 12 6 4.01719e-45
0 12 7 8.41977e-45
0 12 8 1.69553e-44
0 12 9 3.2805e-44
0 12 10 6.09822e-44
0 12 11 1.08917e-43
0 12 12 1.86902e-43
0 12 13 3.08149e-43
0 12 14 4.8813e-43
0 12 15 7.42915e-43
0 12 16 1.08635e-42
0 12 17 1.52627e-42
0 12 18 2.06025e-42
0 12 19 2.672e-42
0 12 20 3.32951e-42
0 12 21 3.98615e-42
0 12 22 4.58517e-42
0 12 23 5.06739e-42
0 12 24 5.38074e-42
0 12 25 5.48944e-42
0 12 26 5.38074e-42
0 12 27 5.06739e-42
0 12 28 4.58517e-42
0 12 29 3.98615e-42
0 12 30 3.32951e-42
0 12 31 2.672e-42
0 12 32 2.06025e-42
0 12 33 1.52627e-42
0 12 34 1.08635e-42
0 12 35 7.42915e-43
0 12 36 4.8813e-43
0 12 37 3.08149e-43
0 12 38 1.86902e-43
0 12 39 1.08917e-43
0 12 40 6.09822e-44
0 12 41 3.2805e-44
0 12 42 1.69553e-44
0 12 43 8.41977e-45
0 12 44 4.01719e-45
0 12 45 1.8415e-45
0 12 46 8.11056e-46
0 12 47 3.43208e-46
0 12 48 1.39538e-46
0 12 49 2.3582e-81
0 13 0 1.45921e-81
0 13 1 8.98676e-47
0 13 2 2.30059e-46
0 13 3 5.65855e-46
0 13 4 1.33721e-45
0 13 5 3.03612e-45
0 13 6 6.62322e-45
0 13 7 1.38818e-44
0 13 8 2.79546e-44
0 13 9 5.40864e-44
0 13 10 1.00543e-43
0 13 11 1.79573e-43
0 13 12 3.08149e-43
0 13 13 5.08051e-43
0 13 14 8.0479e-43
0 13 15 1.22486e-42
0 13 16 1.79109e-42
0 13 17 2.51639e-42
0 13 18 3.39678e-42
0 13 19 4.40538e-42
0 13 20 5.48944e-42
0 13 21 6.57206e-42
0 13 22 7.55966e-42
0 13 23 8.35472e-42
0 13 24 8.87135e-42
0 13 25 9.05056e-42
0 13 26 8.87135e-42
0 13 27 8.35472e-42
0 13 28 7.55966e-42
0 13 29 6.57206e-42
0 13 30 5.48944e-42
0 13 31 4.40538e-42
0 13 32 3.39678e-42
0 13 33 2.51639e-42
0 13 34 1.79109e-42
0 13 35 1.22486e-42
0 13 36 8.0479e-43
0 13 37 5.08051e-43
0 13 38 3.08149e-43
0 13 39 1.79573e-43
0 13 40 1.00543e-43
0 13 41 5.40864e-44
0 13 42 2.79546e-44
0 13 43 1.38818e-44
0 13 44 6.62322e-45
0 13 45 3.03612e-45
0 13 46 1.33721e-45
0 13 47 5.65855e-46
0 13 48 2.30059e-46
0 13 49 3.88801e-81
0 14 0 2.3115e-81
0 14 1 1.42357e-46
0 14 2 3.64431e-46
0 14 3 8.96356e-46
0 14 4 2.11823e-45
0 14 5 4.80945e-45
0 14 6 1.04917e-44
0 14 7 2.19899e-44
0 14 8 4.42822e-44
0 14 9 8.56768e-44
0 14 10 1.59267e-43
0 14 11 2.84457e-43
0 14 12 4.8813e-43
0 14 13 8.0479e-43
0 14 14 1.27485e-42
0 14 15 1.94027e-42
0 14 16 2.83723e-42
0 14 17 3.98615e-42
0 14 18 5.38074e-42
0 14 19 6.97845e-42
0 14 20 8.69568e-42
0 14 21 1.04106e-41
0 14 22 1.19751e-41
0 14 23 1.32345e-41
0 14 24 1.40529e-41
0 14 25 1.43368e-41
0 14 26 1.40529e-41
0 14 27 1.32345e-41
0 14 28 1.19751e-41
0 14 29 1.04106e-41
0 14 30 8.69568e-42
0 14 31 6.97845e-42
0 14 32 5.38074e-42
0 14 33 3.98615e-42
0 14 34 2.83723e-42
0 14 35 1.94027e-42
0 14 36 1.27485e-42
0 14 37 8.0479e-43
0 14 38 4.8813e-43
0 14 39 2.84457e-43
0 14 40 1.59267e-43
0 14 41 8.56768e-44
0 14 42 4.42822e-44
0 14 43 2.19899e-44
0 14 44 1.04917e-44
0 14 45 4.80945e-45
0 14 46 2.11823e-45
0 14 47 8.96356e-46
0 14 48 3.64431e-46
0 14 49 6.1589e-81
0 15 0 3.51802e-81
0 15 1 2.16662e-46
0 15 2 5.5465e-46
0 15 3 1.36422e-45
0 15 4 3.22387e-45
0 15 5 7.31979e-45
0 15 6 1.59679e-44
0 15 7 3.34677e-44
0 15 8 6.73957e-44
0 15 9 1.30397e-43
0 15 10 2.42398e-43
0 15 11 4.32933e-43
0 15 12 7.42915e-43
0 15 13 1.22486e-42
0 15 14 1.94027e-42
0 15 15 2.95301e-42
0 15 16 4.31815e-42
0 15 17 6.06677e-42
0 15 18 8.18929e-42
0 15 19 1.06209e-41
0 15 20 1.32345e-41
0 15 21 1.58446e-41
0 15 22 1.82256e-41
0 15 23 2.01424e-41
0 15 24 2.13879e-41
0 15 25 2.182e-41
0 15 26 2.13879e-41
0 15 27 2.01424e-41
0 15 28 1.82256e-41
0 15 29 1.58446e-41
0 15 30 1.32345e-41
0 15 31 1.06209e-41
0 15 32 8.18929e-42
0 15 33 6.06677e-42
0 15 34 4.31815e-42
0 15 35 2.95301e-42
0 15 36 1.94027e-42
0 15 37 1.22486e-42
0 15 38 7.42915e-43
0 15 39 4.32933e-43
0 15 40 2.42398e-43
0 15 41 1.30397e-43
0 15 42 6.73957e-44
0 15 43 3.34677e-44
0 15 44 1.59679e-44
0 15 45 7.31979e-45
0 15 46 3.22387e-45
0 15 47 1.36422e-45
0 15 48 5.5465e-46
0 15 49 9.37361e-81
0 16 0 5.14434e-81
0 16 1 3.16821e-46
0 16 2 8.11056e-46
0 16 3 1.99488e-45
0 16 4 4.71421e-45
0 16 5 1.07036e-44
0 16 6 2.33496e-44
0 16 7 4.89394e-44
0 16 8 9.85518e-44
0 16 9 1.90677e-43
0 16 10 3.54455e-43
0 16 11 6.33071e-43
0 16 12 1.08635e-42
0 16 13 1.79109e-42
0 16 14 2.83723e-42
0 16 15 4.31815e-42
0 16 16 6.31436e-42
0 16 17 8.87135e-42
0 16 18 1.19751e-41
0 16 19 1.55308e-41
0 16 20 1.93526e-41
0 16 21 2.31693e-41
0 16 22 2.6651e-41
0 16 23 2.94539e-41
0 16 24 3.12752e-41
0 16 25 3.1907e-41
0 16 26 3.12752e-41
0 16 27 2.94539e-41
0 16 28 2.6651e-41
0 16 29 2.31693e-41
0 16 30 1.93526e-41
0 16 31 1.55308e-41
0 16 32 1.19751e-41
0 16 33 8.87135e-42
0 16 34 6.31436e-42
0 16 35 4.31815e-42
0 16 36 2.83723e-42
0 16 37 1.79109e-42
0 16 38 1.08635e-42
0 16 39 6.33071e-43
0 16 40 3.54455e-43
0 16 41 1.90677e-43
0 16 42 9.85518e-44
0 16 43 4.89394e-44
0 16 44 2.33496e-44
0 16 45 1.07036e-44
0 16 46 4.71421e-45
0 16 47 1.99488e-45
0 16 48 8.11056e-46
0 16 49 1.37069e-80
0 17 0 7.22753e-81
0 17 1 4.45117e-46
0 17 2 1.13949e-45
0 17 3 2.8027e-45
0 17 4 6.62322e-45
0 17 5 1.5038e-44
0 17 6 3.2805e-44
0 17 7 6.87572e-44
0 17 8 1.3846e-43
0 17 9 2.67891e-43
0 17 10 4.97991e-43
0 17 11 8.89431e-43
0 17 12 1.52627e-42
0 17 13 2.51639e-42
0 17 14 3.98615e-42
0 17 15 6.06677e-42
0 17 16 8.87135e-42
0 17 17 1.24638e-41
0 17 18 1.68243e-41
0 17 19 2.182e-41
0 17 20 2.71894e-41
0 17 21 3.25516e-41
0 17 22 3.74433e-41
0 17 23 4.13812e-41
0 17 24 4.39401e-41
0 17 25 4.48277e-41
0 17 26 4.39401e-41
0 17 27 4.13812e-41
0 17 28 3.74433e-41
0 17 29 3.25516e-41
0 17 30 2.71894e-41
0 17 31 2.182e-41
0 17 32 1.68243e-41
0 17 33 1.24638e-41
0 17 34 8.87135e-42
0 17 35 6.06677e-42
0 17 36 3.98615e-42
0 17 37 2.51639e-42
0 17 38 1.52627e-42
0 17 39 8.89431e-43
0 17 40 4.97991e-43
0 17 41 2.67891e-43
0 17 42 1.3846e-43
0 17 43 6.87572e-44
0 17 44 3.2805e-44
0 17 45 1.5038e-44
0 17 46 6.62322e-45
0 17 47 2.8027e-45
0 17 48 1.13949e-45
0 17 49 1.92575e-80
0 18 0 9.75615e-81
0 18 1 6.00845e-46
0 18 2 1.53815e-45
0 18 3 3.78324e-45
0 18 4 8.94041e-45
0 18 5 2.02992e-44
0 18 6 4.42822e-44
0 18 7 9.28126e-44
0 18 8 1.86902e-43
0 18 9 3.61616e-43
0 18 10 6.72217e-43
0 18 11 1.20061e-42
0 18 12 2.06025e-42
0 18 13 3.39678e-42
0 18 14 5.38074e-42
0 18 15 8.18929e-42
0 18 16 1.19751e-41
0 18 17 1.68243e-41
0 18 18 2.27105e-41
0 18 19 2.94539e-41
0 18 20 3.67018e-41
0 18 21 4.39401e-41
0 18 22 5.05431e-41
0 18 23 5.58588e-41
0 18 24 5.93129e-41
0 18 25 6.05111e-41
0 18 26 5.93129e-41
0 18 27 5.58588e-41
0 18 28 5.05431e-41
0 18 29 4.39401e-41
0 18 30 3.67018e-41
0 18 31 2.94539e-41
0 18 32 2.27105e-41
0 18 33 1.68243e-41
0 18 34 1.19751e-41
0 18 35 8.18929e-42
0 18 36 5.38074e-42
0 18 37 3.39678e-42
0 18 38 2.06025e-42
0 18 39 1.20061e-42
0 18 40 6.72217e-43
0 18 41 3.61616e-43
0 18 42 1.86902e-43
0 18 43 9.28126e-44
0 18 44 4.42822e-44
0 18 45 2.02992e-44
0 18 46 8.94041e-45
0 18 47 3.78324e-45
0 18 48 1.53815e-45
0 18 49 2.59948e-80
0 19 0 1.2653e-80
0 19 1 7.79254e-46
0 19 2 1.99488e-45
0 19 3 4.9066e-45
0 19 4 1.15951e-44
0 19 5 2.63267e-44
0 19 6 5.74309e-44
0 19 7 1.20371e-43
0 19 8 2.42398e-43
0 19 9 4.6899e-43
0 19 10 8.71819e-43
0 19 11 1.5571e-42
0 19 12 2.672e-42
0 19 13 4.40538e-42
0 19 14 6.97845e-42
0 19 15 1.06209e-41
0 19 16 1.55308e-41
0 19 17 2.182e-41
0 19 18 2.94539e-41
0 19 19 3.81997e-41
0 19 20 4.75997e-41
0 19 21 5.69872e-41
0 19 22 6.55509e-41
0 19 23 7.24449e-41
0 19 24 7.69247e-41
0 19 25 7.84787e-41
0 19 26 7.69247e-41
0 19 27 7.24449e-41
0 19 28 6.55509e-41
0 19 29 5.69872e-41
0 19 30 4.75997e-41
0 19 31 3.81997e-41
0 19 32 2.94539e-41
0 19 33 2.182e-41
0 19 34 1.55308e-41
0 19 35 1.06209e-41
0 19 36 6.97845e-42
0 19 37 4.40538e-42
0 19 38 2.672e-42
0 19 39 1.5571e-42
0 19 40 8.71819e-43
0 19 41 4.6899e-43
0 19 42 2.42398e-43
0 19 43 1.20371e-43
0 19 44 5.74309e-44
0 19 45 2.63267e-44
0 19 46 1.15951e-44
0 19 47 4.9066e-45
0 19 48 1.99488e-45
0 19 49 3.37135e-80
0 20 0 1.57667e-80
0 20 1 9.7101e-46
0 20 2 2.48577e-45
0 20 3 6.114e-45
0 20 4 1.44484e-44
0 20 5 3.2805e-44
0 20 6 7.15633e-44
0 20 7 1.49992e-43
0 20 8 3.02047e-43
0 20 9 5.84398e-43
0 20 10 1.08635e-42
0 20 11 1.94027e-42
0 20 12 3.32951e-42
0 20 13 5.48944e-42
0 20 14 8.69568e-42
0 20 15 1.32345e-41
0 20 16 1.93526e-41
0 20 17 2.71894e-41
0 20 18 3.67018e-41
0 20 19 4.75997e-41
0 20 20 5.93129e-41
0 20 21 7.10104e-41
0 20 22 8.16814e-41
0 20 23 9.02719e-41
0 20 24 9.5854e-41
0 20 25 9.77904e-41
0 20 26 9.5854e-41
0 20 27 9.02719e-41
0 20 28 8.16814e-41
0 20 29 7.10104e-41
0 20 30 5.93129e-41
0 20 31 4.75997e-41
0 20 32 3.67018e-41
0 20 33 2.71894e-41
0 20 34 1.93526e-41
0 20 35 1.32345e-41
0 20 36 8.69568e-42
0 20 37 5.48944e-42
0 20 38 3.32951e-42
0 20 39 1.94027e-42
0 20 40 1.08635e-42
0 20 41 5.84398e-43
0 20 42 3.02047e-43
0 20 43 1.49992e-43
0 20 44 7.15633e-44
0 20 45 3.2805e-44
0 20 46 1.44484e-44
0 20 47 6.114e-45
0 20 48 2.48577e-45
0 20 49 4.20096e-80
0 21 0 1.88761e-80
0 21 1 1.16251e-45
0 21 2 2.97601e-45
0 21 3 7.31979e-45
0 21 4 1.72978e-44
0 21 5 3.92748e-44
0 21 6 8.56768e-44
0 21 7 1.79573e-43
0 21 8 3.61616e-43
0 21 9 6.99651e-43
0 21 10 1.3006e-42
0 21 11 2.32292e-42
0 21 12 3.98615e-42
0 21 13 6.57206e-42
0 21 14 1.04106e-41
0 21 15 1.58446e-41
0 21 16 2.31693e-41
0 21 17 3.25516e-41
0 21 18 4.39401e-41
0 21 19 5.69872e-41
0 21 20 7.10104e-41
0 21 21 8.50149e-41
0 21 22 9.77904e-41
0 21 23 1.08075e-40
0 21 24 1.14758e-40
0 21 25 1.17076e-40
0 21 26 1.14758e-40
0 21 27 1.08075e-40
0 21 28 9.77904e-41
0 21 29 8.50149e-41
0 21 30 7.10104e-41
0 21 31 5.69872e-41
0 21 32 4.39401e-41
0 21 33 3.25516e-41
0 21 34 2.31693e-41
0 21 35 1.58446e-41
0 21 36 1.04106e-41
0 21 37 6.57206e-42
0 21 38 3.98615e-42
0 21 39 2.32292e-42
0 21 40 1.3006e-42
0 21 41 6.99651e-43
0 21 42 3.61616e-43
0 21 43 1.79573e-43
0 21 44 8.56768e-44
0 21 45 3.92748e-44
0 21 46 1.72978e-44
0 21 47 7.31979e-45
0 21 48 2.97601e-45
0 21 49 5.02946e-80
0 22 0 2.17127e-80
0 22 1 1.33721e-45
0 22 2 3.42322e-45
0 22 3 8.41977e-45
0 22 4 1.98973e-44
0 22 5 4.51767e-44
0 22 6 9.85518e-44
0 22 7 2.06558e-43
0 22 8 4.15957e-43
0 22 9 8.0479e-43
0 22 10 1.49605e-42
0 22 11 2.672e-42
0 22 12 4.58517e-42
0 22 13 7.55966e-42
0 22 14 1.19751e-41
0 22 15 1.82256e-41
0 22 16 2.6651e-41
0 22 17 3.74433e-41
0 22 18 5.05431e-41
0 22 19 6.55509e-41
0 22 20 8.16814e-41
0 22 21 9.77904e-41
0 22 22 1.12486e-40
0 22 23 1.24316e-40
0 22 24 1.32003e-40
0 22 25 1.3467e-40
0 22 26 1.32003e-40
0 22 27 1.24316e-40
0 22 28 1.12486e-40
0 22 29 9.77904e-41
0 22 30 8.16814e-41
0 22 31 6.55509e-41
0 22 32 5.05431e-41
0 22 33 3.74433e-41
0 22 34 2.6651e-41
0 22 35 1.82256e-41
0 22 36 1.19751e-41
0 22 37 7.55966e-42
0 22 38 4.58517e-42
0 22 39 2.672e-42
0 22 40 1.49605e-42
0 22 41 8.0479e-43
0 22 42 4.15957e-43
0 22 43 2.06558e-43
0 22 44 9.85518e-44
0 22 45 4.51767e-44
0 22 46 1.98973e-44
0 22 47 8.41977e-45
0 22 48 3.42322e-45
0 22 49 5.78526e-80
0 23 0 2.39963e-80
0 23 1 1.47784e-45
0 23 2 3.78324e-45
0 23 3 9.30528e-45
0 23 4 2.19899e-44
0 23 5 4.9928e-44
0 23 6 1.08917e-43
0 23 7 2.28282e-43
0 23 8 4.59704e-43
0 23 9 8.89431e-43
0 23 10 1.65339e-42
0 23 11 2.95301e-42
0 23 12 5.06739e-42
0 23 13 8.35472e-42
0 23 14 1.32345e-41
0 23 15 2.01424e-41
0 23 16 2.94539e-41
0 23 17 4.13812e-41
0 23 18 5.58588e-41
0 23 19 7.24449e-41
0 23 20 9.02719e-41
0 23 21 1.08075e-40
0 23 22 1.24316e-40
0 23 23 1.3739e-40
0 23 24 1.45886e-40
0 23 25 1.48833e-40
0 23 26 1.45886e-40
0 23 27 1.3739e-40
0 23 28 1.24316e-40
0 23 29 1.08075e-40
0 23 30 9.02719e-41
0 23 31 7.24449e-41
0 23 32 5.58588e-41
0 23 33 4.13812e-41
0 23 34 2.94539e-41
0 23 35 2.01424e-41
0 23 36 1.32345e-41
0 23 37 8.35472e-42
0 23 38 5.06739e-42
0 23 39 2.95301e-42
0 23 40 1.65339e-42
0 23 41 8.89431e-43
0 23 42 4.59704e-43
0 23 43 2.28282e-43
0 23 44 1.08917e-43
0 23 45 4.9928e-44
0 23 46 2.19899e-44
0 23 47 9.30528e-45
0 23 48 3.78324e-45
0 23 49 6.3937e-80
0 24 0 2.54801e-80
0 24 1 1.56923e-45
0 24 2 4.01719e-45
0 24 3 9.88069e-45
0 24 4 2.33496e-44
0 24 5 5.30154e-44
0 24 6 1.15652e-43
0 24 7 2.42398e-43
0 24 8 4.8813e-43
0 24 9 9.4443e-43
0 24 10 1.75563e-42
0 24 11 3.13562e-42
0 24 12 5.38074e-42
0 24 13 8.87135e-42
0 24 14 1.40529e-41
0 24 15 2.13879e-41
0 24 16 3.12752e-41
0 24 17 4.39401e-41
0 24 18 5.93129e-41
0 24 19 7.69247e-41
0 24 20 9.5854e-41
0 24 21 1.14758e-40
0 24 22 1.32003e-40
0 24 23 1.45886e-40
0 24 24 1.54907e-40
0 24 25 1.58037e-40
0 24 26 1.54907e-40
0 24 27 1.45886e-40
0 24 28 1.32003e-40
0 24 29 1.14758e-40
0 24 30 9.5854e-41
0 24 31 7.69247e-41
0 24 32 5.93129e-41
0 24 33 4.39401e-41
0 24 34 3.12752e-41
0 24 35 2.13879e-41
0 24 36 1.40529e-41
0 24 37 8.87135e-42
0 24 38 5.38074e-42
0 24 39 3.13562e-42
0 24 40 1.75563e-42
0 24 41 9.4443e-43
0 24 42 4.8813e-43
0 24 43 2.42398e-43
0 24 44 1.15652e-43
0 24 45 5.30154e-44
0 24 46 2.33496e-44
0 24 47 9.88069e-45
0 24 48 4.01719e-45
0 24 49 6.78906e-80
0 25 0 2.59948e-80
0 25 1 1.60093e-45
0 25 2 4.09834e-45
0 25 3 1.00803e-44
0 25 4 2.38213e-44
0 25 5 5.40864e-44
0 25 6 1.17988e-43
0 25 7 2.47295e-43
0 25 8 4.97991e-43
0 25 9 9.63509e-43
0 25 10 1.79109e-42
0 25 11 3.19896e-42
0 25 12 5.48944e-42
0 25 13 9.05056e-42
0 25 14 1.43368e-41
0 25 15 2.182e-41
0 25 16 3.1907e-41
0 25 17 4.48277e-41
0 25 18 6.05111e-41
0 25 19 7.84787e-41
0 25 20 9.77904e-41
0 25 21 1.17076e-40
0 25 22 1.3467e-40
0 25 23 1.48833e-40
0 25 24 1.58037e-40
0 25 25 1.61229e-40
0 25 26 1.58037e-40
0 25 27 1.48833e-40
0 25 28 1.3467e-40
0 25 29 1.17076e-40
0 25 30 9.77904e-41
0 25 31 7.84787e-41
0 25 32 6.05111e-41
0 25 33 4.48277e-41
0 25 34 3.1907e-41
0 25 35 2.182e-41
0 25 36 1.43368e-41
0 25 37 9.05056e-42
0 25 38 5.48944e-42
0 25 39 3.19896e-42
0 25 40 1.79109e-42
0 25 41 9.63509e-43
0 25 42 4.97991e-43
0 25 43 2.47295e-43
0 25 44 1.17988e-43
0 25 45 5.40864e-44
0 25 46 2.38213e-44
0 25 47 1.00803e-44
0 25 48 4.09834e-45
0 25 49 6.92621e-80
0 26 0 2.54801e-80
0 26 1 1.56923e-45
0 26 2 4.01719e-45
0 26 3 9.88069e-45
0 26 4 2.33496e-44
0 26 5 5.30154e-44
0 26 6 1.15652e-43
0 26 7 2.42398e-43
0 26 8 4.8813e-43
0 26 9 9.4443e-43
0 26 10 1.75563e-42
0 26 11 3.13562e-42
0 26 12 5.38074e-42
0 26 13 8.87135e-42
0 26 14 1.40529e-41
0 26 15 2.13879e-41
0 26 16 3.12752e-41
0 26 17 4.39401e-41
0 26 18 5.93129e-41
0 26 19 7.69247e-41
0 26 20 9.5854e-41
0 26 21 1.14758e-40
0 26 22 1.32003e-40
0 26 23 1.45886e-40
0 26 24 1.54907e-40
0 26 25 1.58037e-40
0 26 26 1.54907e-40
0 26 27 1.45886e-40
0 26 28 1.32003e-40
0 26 29 1.14758e-40
0 26 30 9.5854e-41
0 26 31 7.69247e-41
0 26 32 5.93129e-41
0 26 33 4.39401e-41
0 26 34 3.12752e-41
0 26 35 2.13879e-41
0 26 36 1.40529e-41
0 26 37 8.87135e-42
0 26 38 5.38074e-42
0 26 39 3.13562e-42
0 26 40 1.75563e-42
0 26 41 9.4443e-43
0 26 42 4.8813e-43
0 26 43 2.42398e-43
0 26 44 1.15652e-43
0 26 45 5.30154e-44
0 26 46 2.33496e-44
0 26 47 9.88069e-45
0 26 48 4.01719e-45
0 26 49 6.78906e-80
0 27 0 2.39963e-80
0 27 1 1.47784e-45
0 27 2 3.78324e-45
0 27 3 9.30528e-45
0 27 4 2.19899e-44
0 27 5 4.9928e-44
0 27 6 1.08917e-43
0 27 7 2.28282e-43
0 27 8 4.59704e-43
0 27 9 8.89431e-43
0 27 10 1.65339e-42
0 27 11 2.95301e-42
0 27 12 5.06739e-42
0 27 13 8.35472e-42
0 27 14 1.32345e-41
0 27 15 2.01424e-41
0 27 16 2.94539e-41
0 27 17 4.13812e-41
0 27 18 5.58588e-41
0 27 19 7.24449e-41
0 27 20 9.02719e-41
0 27 21 1.08075e-40
0 27 22 1.24316e-40
0 27 23 1.3739e-40
0 27 24 1.45886e-40
0 27 25 1.48833e-40
0 27 26 1.45886e-40
0 27 27 1.3739e-40
0 27 28 1.24316e-40
0 27 29 1.08075e-40
0 27 30 9.02719e-41
0 27 31 7.24449e-41
0 27 32 5.58588e-41
0 27 33 4.13812e-41
0 27 34 2.94539e-41
0 27 35 2.01424e-41
0 27 36 1.32345e-41
0 27 37 8.35472e-42
0 27 38 5.06739e-42
0 27 39 2.95301e-42
0 27 40 1.65339e-42
0 27 41 8.89431e-43
0 27 42 4.59704e-43
0 27 43 2.28282e-43
0 27 44 1.08917e-43
0 27 45 4.9928e-44
0 27 46 2.19899e-44
0 27 47 9.30528e-45
0 27 48 3.78324e-45
0 27 49 6.3937e-80
0 28 0 2.17127e-80
0 28 1 1.33721e-45
0 28 2 3.42322e-45
0 28 3 8.41977e-45
0 28 4 1.98973e-44
0 28 5 4.51767e-44
0 28 6 9.85518e-44
0 28 7 2.06558e-43
0 28 8 4.15957e-43
0 28 9 8.0479e-43
0 28 10 1.49605e-42
0 28 11 2.672e-42
0 28 12 4.58517e-42
0 28 13 7.55966e-42
0 28 14 1.19751e-41
0 28 15 1.82256e-41
0 28 16 2.6651e-41
0 28 17 3.74433e-41
0 28 18 5.05431e-41
0 28 19 6.55509e-41
0 28 20 8.16814e-41
0 28 21 9.77904e-41
0 28 22 1.12486e-40
0 28 23 1.24316e-40
0 28 24 1.32003e-40
0 28 25 1.3467e-40
0 28 26 1.32003e-40
0 28 27 1.24316e-40
0 28 28 1.12486e-40
0 28 29 9.77904e-41
0 28 30 8.16814e-41
0 28 31 6.55509e-41
0 28 32 5.05431e-41
0 28 33 3.74433e-41
0 28 34 2.6651e-41
0 28 35 1.82256e-41
0 28 36 1.19751e-41
0 28 37 7.55966e-42
0 28 38 4.58517e-42
0 28 39 2.672e-42
0 28 40 1.49605e-42
0 28 41 8.0479e-43
0 28 42 4.15957e-43
0 28 43 2.06558e-43
0 28 44 9.85518e-44
0 28 45 4.51767e-44
0 28 46 1.98973e-44
0 28 47 8.41977e-45
0 28 48 3.42322e-45
0 28 49 5.78526e-80
0 29 0 1.88761e-80
0 29 1 1.16251e-45
0 29 2 2.97601e-45
0 29 3 7.31979e-45
0 29 4 1.72978e-44
0 29 5 3.92748e-44
0 29 6 8.56768e-44
0 29 7 1.79573e-43
0 29 8 3.61616e-43
0 29 9 6.99651e-43
0 29 10 1.3006e-42
0 29 11 2.32292e-42
0 29 12 3.98615e-42
0 29 13 6.57206e-42
0 29 14 1.04106e-41
0 29 15 1.58446e-41
0 29 16 2.31693e-41
0 29 17 3.25516e-41
0 29 18 4.39401e-41
0 29 19 5.69872e-41
0 29 20 7.10104e-41
0 29 21 8.50149e-41
0 29 22 9.77904e-41
0 29 23 1.08075e-40
0 29 24 1.14758e-40
0 29 25 1.17076e-40
0 29 26 1.14758e-40
0 29 27 1.08075e-40
0 29 28 9.77904e-41
0 29 29 8.50149e-41
0 29 30 7.10104e-41
0 29 31 5.69872e-41
0 29 32 4.39401e-41
0 29 33 3.25516e-41
0 29 34 2.31693e-41
0 29 35 1.58446e-41
0 29 36 1.04106e-41
0 29 37 6.57206e-42
0 29 38 3.98615e-42
0 29 39 2.32292e-42
0 29 40 1.3006e-42
0 29 41 6.99651e-43
0 29 42 3.61616e-43
0 29 43 1.79573e-43
0 29 44 8.56768e-44
0 29 45 3.92748e-44
0 29 46 1.72978e-44
0 29 47 7.31979e-45
0 29 48 2.97601e-45
0 29 49 5.02946e-80
0 30 0 1.57667e-80
0 30 1 9.7101e-46
0 30 2 2.48577e-45
0 30 3 6.114e-45
0 30 4 1.44484e-44
0 30 5 3.2805e-44
0 30 6 7.15633e-44
0 30 7 1.49992e-43
0 30 8 3.02047e-43
0 30 9 5.84398e-43
0 30 10 1.08635e-42
0 30 11 1.94027e-42
0 30 12 3.32951e-42
0 30 13 5.48944e-42
0 30 14 8.69568e-42
0 30 15 1.32345e-41
0 30 16 1.93526e-41
0 30 17 2.71894e-41
0 30 18 3.67018e-41
0 30 19 4.75997e-41
0 30 20 5.93129e-41
0 30 21 7.10104e-41
0 30 22 8.16814e-41
0 30 23 9.02719e-41
0 30 24 9.5854e-41
0 30 25 9.77904e-41
0 30 26 9.5854e-41
0 30 27 9.02719e-41
0 30 28 8.16814e-41
0 30 29 7.10104e-41
0 30 30 5.93129e-41
0 30 31 4.75997e-41
0 30 32 3.67018e-41
0 30 33 2.71894e-41
0 30 34 1.93526e-41
0 30 35 1.32345e-41
0 30 36 8.69568e-42
0 30 37 5.48944e-42
0 30 38 3.32951e-42
0 30 39 1.94027e-42
0 30 40 1.08635e-42
0 30 41 5.84398e-43
0 30 42 3.02047e-43
0 30 43 1.49992e-43
0 30 44 7.15633e-44
0 30 45 3.2805e-44
0 30 46 1.44484e-44
0 30 47 6.114e-45
0 30 48 2.48577e-45
0 30 49 4.20096e-80
0 31 0 1.2653e-80
0 31 1 7.79254e-46
0 31 2 1.99488e-45
0 31 3 4.9066e-45
0 31 4 1.15951e-44
0 31 5 2.63267e-44
0 31 6 5.74309e-44
0 31 7 1.20371e-43
0 31 8 2.42398e-43
0 31 9 4.6899e-43
0 31 10 8.71819e-43
0 31 11 1.5571e-42
0 31 12 2.672e-42
0 31 13 4.40538e-42
0 31 14 6.97845e-42
0 31 15 1.06209e-41
0 31 16 1.55308e-41
0 31 17 2.182e-41
0 31 18 2.94539e-41
0 31 19 3.81997e-41
0 31 20 4.75997e-41
0 31 21 5.69872e-41
0 31 22 6.55509e-41
0 31 23 7.24449e-41
0 31 24 7.69247e-41
0 31 25 7.84787e-41
0 31 26 7.69247e-41
0 31 27 7.24449e-41
0 31 28 6.55509e-41
0 31 29 5.69872e-41
0 31 30 4.75997e-41
0 31 31 3.81997e-41
0 31 32 2.94539e-41
0 31 33 2.182e-41
0 31 34 1.55308e-41
0 31 35 1.06209e-41
0 31 36 6.97845e-42
0 31 37 4.40538e-42
0 31 38 2.672e-42
0 31 39 1.5571e-42
0 31 40 8.71819e-43
0 31 41 4.6899e-43
0 31 42 2.42398e-43
0 31 43 1.20371e-43
0 31 44 5.74309e-44
0 31 45 2.63267e-44
0 31 46 1.15951e-44
0 31 47 4.9066e-45
0 31 48 1.99488e-45
0 31 49 3.37135e-80
0 32 0 9.75615e-81
0 32 1 6.00845e-46
0 32 2 1.53815e-45
0 32 3 3.78324e-45
0 32 4 8.94041e-45
0 32 5 2.02992e-44
0 32 6 4.42822e-44
0 32 7 9.28126e-44
0 32 8 1.86902e-43
0 32 9 3.61616e-43
0 32 10 6.72217e-43
0 32 11 1.20061e-42
0 32 12 2.06025e-42
0 32 13 3.39678e-42
0 32 14 5.38074e-42
0 32 15 8.18929e-42
0 32 16 1.19751e-41
0 32 17 1.68243e-41
0 32 18 2.27105e-41
0 32 19 2.94539e-41
0 32 20 3.67018e-41
0 32 21 4.39401e-41
0 32 22 5.05431e-41
0 32 23 5.58588e-41
0 32 24 5.93129e-41
0 32 25 6.05111e-41
0 32 26 5.93129e-41
0 32 27 5.58588e-41
0 32 28 5.05431e-41
0 32 29 4.39401e-41
0 32 30 3.67018e-41
0 32 31 2.94539e-41
0 32 32 2.27105e-41
0 32 33 1.68243e-41
0 32 34 1.19751e-41
0 32 35 8.18929e-42
0 32 36 5.38074e-42
0 32 37 3.39678e-42
0 32 38 2.06025e-42
0 32 39 1.20061e-42
0 32 40 6.72217e-43
0 32 41 3.61616e-43
0 32 42 1.86902e-43
0 32 43 9.28126e-44
0 32 44 4.42822e-44
0 32 45 2.02992e-44
0 32 46 8.94041e-45
0 32 47 3.78324e-45
0 32 48 1.53815e-45
0 32 49 2.59948e-80
0 33 0 7.22753e-81
0 33 1 4.45117e-46
0 33 2 1.13949e-45
0 33 3 2.8027e-45
0 33 4 6.62322e-45
0 33 5 1.5038e-44
0 33 6 3.2805e-44
0 33 7 6.87572e-44
0 33 8 1.3846e-43
0 33 9 2.67891e-43
0 33 10 4.97991e-43
0 33 11 8.89431e-43
0 33 12 1.52627e-42
0 33 13 2.51639e-42
0 33 14 3.98615e-42
0 33 15 6.06677e-42
0 33 16 8.87135e-42
0 33 17 1.24638e-41
0 33 18 1.68243e-41
0 33 19 2.182e-41
0 33 20 2.71894e-41
0 33 21 3.25516e-41
0 33 22 3.74433e-41
0 33 23 4.13812e-41
0 33 24 4.39401e-41
0 33 25 4.48277e-41
0 33 26 4.39401e-41
0 33 27 4.13812e-41
0 33 28 3.74433e-41
0 33 29 3.25516e-41
0 33 30 2.71894e-41
0 33 31 2.182e-41
0 33 32 1.68243e-41
0 33 33 1.24638e-41
0 33 34 8.87135e-42
0 33 35 6.06677e-42
0 33 36 3.98615e-42
0 33 37 2.51639e-42
0 33 38 1.52627e-42
0 33 39 8.89431e-43
0 33 40 4.97991e-43
0 33 41 2.67891e-43
0 33 42 1.3846e-43
0 33 43 6.87572e-44
0 33 44 3.2805e-44
0 33 45 1.5038e-44
0 33 46 6.62322e-45
0 33 47 2.8027e-45
0 33 48 1.13949e-45
0 33 49 1.92575e-80
0 34 0 5.14434e-81
0 34 1 3.16821e-46
0 34 2 8.11056e-46
0 34 3 1.99488e-45
0 34 4 4.71421e-45
0 34 5 1.07036e-44
0 34 6 2.33496e-44
0 34 7 4.89394e-44
0 34 8 9.85518e-44
0 34 9 1.90677e-43
0 34 10 3.54455e-43
0 34 11 6.33071e-43
0 34 12 1.08635e-42
0 34 13 1.79109e-42
0 34 14 2.83723e-42
0 34 15 4.31815e-42
0 34 16 6.31436e-42
0 34 17 8.87135e-42
0 34 18 1.19751e-41
0 34 19 1.55308e-41
0 34 20 1.93526e-41
0 34 21 2.31693e-41
0 34 22 2.6651e-41
0 34 23 2.94539e-41
0 34 24 3.12752e-41
0 34 25 3.1907e-41
0 34 26 3.12752e-41
0 34 27 2.94539e-41
0 34 28 2.6651e-41
0 34 29 2.31693e-41
0 34 30 1.93526e-41
0 34 31 1.55308e-41
0 34 32 1.19751e-41
0 34 33 8.87135e-42
0 34 34 6.31436e-42
0 34 35 4.31815e-42
0 34 36 2.83723e-42
0 34 37 1.79109e-42
0 34 38 1.08635e-42
0 34 39 6.33071e-43
0 34 40 3.54455e-43
0 34 41 1.90677e-43
0 34 42 9.85518e-44
0 34 43 4.89394e-44
0 34 44 2.33496e-44
0 34 45 1.07036e-44
0 34 46 4.71421e-45
0 34 47 1.99488e-45
0 34 48 8.11056e-46
0 34 49 1.37069e-80
0 35 0 3.51802e-81
0 35 1 2.16662e-46
0 35 2 5.5465e-46
0 35 3 1.36422e-45
0 35 4 3.22387e-45
0 35 5 7.31979e-45
0 35 6 1.59679e-44
0 35 7 3.34677e-44
0 35 8 6.73957e-44
0 35 9 1.30397e-43
0 35 10 2.42398e-43
0 35 11 4.32933e-43
0 35 12 7.42915e-43
0 35 13 1.22486e-42
0 35 14 1.94027e-42
0 35 15 2.95301e-42
0 35 16 4.31815e-42
0 35 17 6.06677e-42
0 35 18 8.18929e-42
0 35 19 1.06209e-41
0 35 20 1.32345e-41
0 35 21 1.58446e-41
0 35 22 1.82256e-41
0 35 23 2.01424e-41
0 35 24 2.13879e-41
0 35 25 2.182e-41
0 35 26 2.13879e-41
0 35 27 2.01424e-41
0 35 28 1.82256e-41
0 35 29 1.58446e-41
0 35 30 1.32345e-41
0 35 31 1.06209e-41
0 35 32 8.18929e-42
0 35 33 6.06677e-42
0 35 34 4.31815e-42
0 35 35 2.95301e-42
0 35 36 1.94027e-42
0 35 37 1.22486e-42
0 35 38 7.42915e-43
0 35 39 4.32933e-43
0 35 40 2.42398e-43
0 35 41 1.30397e-43
0 35 42 6.73957e-44
0 35 43 3.34677e-44
0 35 44 1.59679e-44
0 35 45 7.31979e-45
0 35 46 3.22387e-45
0 35 47 1.36422e-45
0 35 48 5.5465e-46
0 35 49 9.37361e-81
0 36 0 2.3115e-81
0 36 1 1.42357e-46
0 36 2 3.64431e-46
0 36 3 8.96356e-46
0 36 4 2.11823e-45
0 36 5 4.80945e-45
0 36 6 1.04917e-44
0 36 7 2.19899e-44
0 36 8 4.42822e-44
0 36 9 8.56768e-44
0 36 10 1.59267e-43
0 36 11 2.84457e-43
0 36 12 4.8813e-43
0 36 13 8.0479e-43
0 36 14 1.27485e-42
0 36 15 1.94027e-42
0 36 16 2.83723e-42
0 36 17 3.98615e-42
0 36 18 5.38074e-42
0 36 19 6.97845e-42
0 36 20 8.69568e-42
0 36 21 1.04106e-41
0 36 22 1.19751e-41
0 36 23 1.32345e-41
0 36 24 1.40529e-41
0 36 25 1.43368e-41
0 36 26 1.40529e-41
0 36 27 1.32345e-41
0 36 28 1.19751e-41
0 36 29 1.04106e-41
0 36 30 8.69568e-42
0 36 31 6.97845e-42
0 36 32 5.38074e-42
0 36 33 3.98615e-42
0 36 34 2.83723e-42
0 36 35 1.94027e-42
0 36 36 1.27485e-42
0 36 37 8.0479e-43
0 36 38 4.8813e-43
0 36 39 2.84457e-43
0 36 40 1.59267e-43
0 36 41 8.56768e-44
0 36 42 4.42822e-44
0 36 43 2.19899e-44
0 36 44 1.04917e-44
0 36 45 4.80945e-45
0 36 46 2.11823e-45
0 36 47 8.96356e-46
0 36 48 3.64431e-46
0 36 49 6.1589e-81
0 37 0 1.45921e-81
0 37 1 8.98676e-47
0 37 2 2.30059e-46
0 37 3 5.65855e-46
0 37 4 1.33721e-45
0 37 5 3.03612e-45
0 37 6 6.62322e-45
0 37 7 1.38818e-44
0 37 8 2.79546e-44
0 37 9 5.40864e-44
0 37 10 1.00543e-43
0 37 11 1.79573e-43
0 37 12 3.08149e-43
0 37 13 5.08051e-43
0 37 14 8.0479e-43
0 37 15 1.22486e-42
0 37 16 1.79109e-42
0 37 17 2.51639e-42
0 37 18 3.39678e-42
0 37 19 4.40538e-42
0 37 20 5.48944e-42
0 37 21 6.57206e-42
0 37 22 7.55966e-42
0 37 23 8.35472e-42
0 37 24 8.87135e-42
0 37 25 9.05056e-42
0 37 26 8.87135e-42
0 37 27 8.35472e-42
0 37 28 7.55966e-42
0 37 29 6.57206e-42
0 37 30 5.48944e-42
0 37 31 4.40538e-42
0 37 32 3.39678e-42
0 37 33 2.51639e-42
0 37 34 1.79109e-42
0 37 35 1.22486e-42
0 37 36 8.0479e-43
0 37 37 5.08051e-43
0 37 38 3.08149e-43
0 37 39 1.79573e-43
0 37 40 1.00543e-43
0 37 41 5.40864e-44
0 37 42 2.79546e-44
0 37 43 1.38818e-44
0 37 44 6.62322e-45
0 37 45 3.03612e-45
0 37 46 1.33721e-45
0 37 47 5.65855e-46
0 37 48 2.30059e-46
0 37 49 3.88801e-81
0 38 0 8.85058e-82
0 38 1 5.45074e-47
0 38 2 1.39538e-46
0 38 3 3.43208e-46
0 38 4 8.11056e-46
0 38 5 1.8415e-45
0 38 6 4.01719e-45
0 38 7 8.41977e-45
0 38 8 1.69553e-44
0 38 9 3.2805e-44
0 38 10 6.09822e-44
0 38 11 1.08917e-43
0 38 12 1.86902e-43
0 38 13 3.08149e-43
0 38 14 4.8813e-43
0 38 15 7.42915e-43
0 38 16 1.08635e-42
0 38 17 1.52627e-42
0 38 18 2.06025e-42
0 38 19 2.672e-42
0 38 20 3.32951e-42
0 38 21 3.98615e-42
0 38 22 4.58517e-42
0 38 23 5.06739e-42
0 38 24 5.38074e-42
0 38 25 5.48944e-42
0 38 26 5.38074e-42
0 38 27 5.06739e-42
0 38 28 4.58517e-42
0 38 29 3.98615e-42
0 38 30 3.32951e-42
0 38 31 2.672e-42
0 38 32 2.06025e-42
0 38 33 1.52627e-42
0 38 34 1.08635e-42
0 38 35 7.42915e-43
0 38 36 4.8813e-43
0 38 37 3.08149e-43
0 38 38 1.86902e-43
0 38 39 1.08917e-43
0 38 40 6.09822e-44
0 38 41 3.2805e-44
0 38 42 1.69553e-44
0 38 43 8.41977e-45
0 38 44 4.01719e-45
0 38 45 1.8415e-45
0 38 46 8.11056e-46
0 38 47 3.43208e-46
0 38 48 1.39538e-46
0 38 49 2.3582e-81
0 39 0 5.15766e-82
0 39 1 3.17641e-47
0 39 2 8.13155e-47
0 39 3 2.00004e-46
0 39 4 4.72642e-46
0 39 5 1.07313e-45
0 39 6 2.34101e-45
0 39 7 4.9066e-45
0 39 8 9.88069e-45
0 39 9 1.91171e-44
0 39 10 3.55373e-44
0 39 11 6.34709e-44
0 39 12 1.08917e-43
0 39 13 1.79573e-43
0 39 14 2.84457e-43
0 39 15 4.32933e-43
0 39 16 6.33071e-43
0 39 17 8.89431e-43
0 39 18 1.20061e-42
0 39 19 1.5571e-42
0 39 20 1.94027e-42
0 39 21 2.32292e-42
0 39 22 2.672e-42
0 39 23 2.95301e-42
0 39 24 3.13562e-42
0 39 25 3.19896e-42
0 39 26 3.13562e-42
0 39 27 2.95301e-42
0 39 28 2.672e-42
0 39 29 2.32292e-42
0 39 30 1.94027e-42
0 39 31 1.5571e-42
0 39 32 1.20061e-42
0 39 33 8.89431e-43
0 39 34 6.33071e-43
0 39 35 4.32933e-43
0 39 36 2.84457e-43
0 39 37 1.79573e-43
0 39 38 1.08917e-43
0 39 39 6.34709e-44
0 39 40 3.55373e-44
0 39 41 1.91171e-44
0 39 42 9.88069e-45
0 39 43 4.9066e-45
0 39 44 2.34101e-45
0 39 45 1.07313e-45
0 39 46 4.72642e-46
0 39 47 2.00004e-46
0 39 48 8.13155e-47
0 39 49 1.37424e-81
0 40 0 2.88777e-82
0 40 1 1.77847e-47
0 40 2 4.55284e-47
0 40 3 1.11982e-46
0 40 4 2.64631e-46
0 40 5 6.00845e-46
0 40 6 1.31073e-45
0 40 7 2.7472e-45
0 40 8 5.53218e-45
0 40 9 1.07036e-44
0 40 10 1.98973e-44
0 40 11 3.55373e-44
0 40 12 6.09822e-44
0 40 13 1.00543e-43
0 40 14 1.59267e-43
0 40 15 2.42398e-43
0 40 16 3.54455e-43
0 40 17 4.97991e-43
0 40 18 6.72217e-43
0 40 19 8.71819e-43
0 40 20 1.08635e-42
0 40 21 1.3006e-42
0 40 22 1.49605e-42
0 40 23 1.65339e-42
0 40 24 1.75563e-42
0 40 25 1.79109e-42
0 40 26 1.75563e-42
0 40 27 1.65339e-42
0 40 28 1.49605e-42
0 40 29 1.3006e-42
0 40 30 1.08635e-42
0 40 31 8.71819e-43
0 40 32 6.72217e-43
0 40 33 4.97991e-43
0 40 34 3.54455e-43
0 40 35 2.42398e-43
0 40 36 1.59267e-43
0 40 37 1.00543e-43
0 40 38 6.09822e-44
0 40 39 3.55373e-44
0 40 40 1.98973e-44
0 40 41 1.07036e-44
0 40 42 5.53218e-45
0 40 43 2.7472e-45
0 40 44 1.31073e-45
0 40 45 6.00845e-46
0 40 46 2.64631e-46
0 40 47 1.11982e-46
0 40 48 4.55284e-47
0 40 49 7.69433e-82
0 41 0 1.55346e-82
0 41 1 9.56717e-48
0 41 2 2.44918e-47
0 41 3 6.024e-47
0 41 4 1.42357e-46
0 41 5 3.23221e-46
0 41 6 7.05098e-46
0 41 7 1.47784e-45
