0 0 0 3.06164e-113
0 0 1 9.71771e-81
0 0 2 2.48771e-80
0 0 3 6.11879e-80
0 0 4 1.44597e-79
0 0 5 3.28307e-79
0 0 6 7.16193e-79
0 0 7 1.50109e-78
0 0 8 3.02283e-78
0 0 9 5.84855e-78
0 0 10 1.0872e-77
0 0 11 1.94179e-77
0 0 12 3.33212e-77
0 0 13 5.49374e-77
0 0 14 8.70249e-77
0 0 15 1.32449e-76
0 0 16 1.93677e-76
0 0 17 2.72107e-76
0 0 18 3.67306e-76
0 0 19 4.7637e-76
0 0 20 5.93593e-76
0 0 21 7.1066e-76
0 0 22 8.17454e-76
0 0 23 9.03426e-76
0 0 24 9.59291e-76
0 0 25 9.7867e-76
0 0 26 9.59291e-76
0 0 27 9.03426e-76
0 0 28 8.17454e-76
0 0 29 7.1066e-76
0 0 30 5.93593e-76
0 0 31 4.7637e-76
0 0 32 3.67306e-76
0 0 33 2.72107e-76
0 0 34 1.93677e-76
0 0 35 1.32449e-76
0 0 36 8.70249e-77
0 0 37 5.49374e-77
0 0 38 3.33212e-77
0 0 39 1.94179e-77
0 0 40 1.0872e-77
0 0 41 5.84855e-78
0 0 42 3.02283e-78
0 0 43 1.50109e-78
0 0 44 7.16193e-79
0 0 45 3.28307e-79
0 0 46 1.44597e-79
0 0 47 6.11879e-80
0 0 48 2.48771e-80
0 0 49 8.15761e-113
0 1 0 9.71771e-81
0 1 1 3.08442e-48
0 1 2 7.89605e-48
0 1 3 1.94212e-47
0 1 4 4.58953e-47
0 1 5 1.04205e-46
0 1 6 2.27321e-46
0 1 7 4.7645e-46
0 1 8 9.59453e-46
0 1 9 1.85634e-45
0 1 10 3.45081e-45
0 1 11 6.16327e-45
0 1 12 1.05762e-44
0 1 13 1.74372e-44
0 1 14 2.76219e-44
0 1 15 4.20394e-44
0 1 16 6.14736e-44
0 1 17 8.63672e-44
0 1 18 1.16583e-43
0 1 19 1.51201e-43
0 1 20 1.88408e-43
0 1 21 2.25565e-43
0 1 22 2.59461e-43
0 1 23 2.86749e-43
0 1 24 3.04481e-43
0 1 25 3.10632e-43
0 1 26 3.04481e-43
0 1 27 2.86749e-43
0 1 28 2.59461e-43
0 1 29 2.25565e-43
0 1 30 1.88408e-43
0 1 31 1.51201e-43
0 1 32 1.16583e-43
0 1 33 8.63672e-44
0 1 34 6.14736e-44
0 1 35 4.20394e-44
0 1 36 2.76219e-44
0 1 37 1.74372e-44
0 1 38 1.05762e-44
0 1 39 6.16327e-45
0 1 40 3.45081e-45
0 1 41 1.85634e-45
0 1 42 9.59453e-46
0 1 43 4.7645e-46
0 1 44 2.27321e-46
0 1 45 1.04205e-46
0 1 46 4.58953e-47
0 1 47 1.94212e-47
0 1 48 7.89605e-48
0 1 49 2.58924e-80
0 2 0 2.48771e-80
0 2 1 7.89605e-48
0 2 2 2.02137e-47
0 2 3 4.97178e-47
0 2 4 1.17491e-46
0 2 5 2.66764e-46
0 2 6 5.81937e-46
0 2 7 1.2197e-45
0 2 8 2.45618e-45
0 2 9 4.7522e-45
0 2 10 8.834e-45
0 2 11 1.57779e-44
0 2 12 2.70749e-44
0 2 13 4.4639e-44
0 2 14 7.07115e-44
0 2 15 1.0762e-43
0 2 16 1.57371e-43
0 2 17 2.21098e-43
0 2 18 2.98452e-43
0 2 19 3.87071e-43
0 2 20 4.8232e-43
0 2 21 5.77442e-43
0 2 22 6.64216e-43
0 2 23 7.34072e-43
0 2 24 7.79465e-43
0 2 25 7.95211e-43
0 2 26 7.79465e-43
0 2 27 7.34072e-43
0 2 28 6.64216e-43
0 2 29 5.77442e-43
0 2 30 4.8232e-43
0 2 31 3.87071e-43
0 2 32 2.98452e-43
0 2 33 2.21098e-43
0 2 34 1.57371e-43
0 2 35 1.0762e-43
0 2 36 7.07115e-44
0 2 37 4.4639e-44
0 2 38 2.70749e-44
0 2 39 1.57779e-44
0 2 40 8.834e-45
0 2 41 4.7522e-45
0 2 42 2.45618e-45
0 2 43 1.2197e-45
0 2 44 5.81937e-46
0 2 45 2.66764e-46
0 2 46 1.17491e-46
0 2 47 4.97178e-47
0 2 48 2.02137e-47
0 2 49 6.62841e-80
0 3 0 6.11879e-80
0 3 1 1.94212e-47
0 3 2 4.97178e-47
0 3 3 1.22286e-46
0 3 4 2.88982e-46
0 3 5 6.56133e-46
0 3 6 1.43134e-45
0 3 7 2.99999e-45
0 3 8 6.04123e-45
0 3 9 1.16885e-44
0 3 10 2.17281e-44
0 3 11 3.88073e-44
0 3 12 6.65935e-44
0 3 13 1.09794e-43
0 3 14 1.73922e-43
0 3 15 2.64703e-43
0 3 16 3.87071e-43
0 3 17 5.43814e-43
0 3 18 7.34072e-43
0 3 19 9.52041e-43
0 3 20 1.18632e-42
0 3 21 1.42028e-42
0 3 22 1.63371e-42
0 3 23 1.80553e-42
0 3 24 1.91717e-42
0 3 25 1.9559e-42
0 3 26 1.91717e-42
0 3 27 1.80553e-42
0 3 28 1.63371e-42
0 3 29 1.42028e-42
0 3 30 1.18632e-42
0 3 31 9.52041e-43
0 3 32 7.34072e-43
0 3 33 5.43814e-43
0 3 34 3.87071e-43
0 3 35 2.64703e-43
0 3 36 1.73922e-43
0 3 37 1.09794e-43
0 3 38 6.65935e-44
0 3 39 3.88073e-44
0 3 40 2.17281e-44
0 3 41 1.16885e-44
0 3 42 6.04123e-45
0 3 43 2.99999e-45
0 3 44 1.43134e-45
0 3 45 6.56133e-46
0 3 46 2.88982e-46
0 3 47 1.22286e-46
0 3 48 4.97178e-47
0 3 49 1.63033e-79
0 4 0 1.44597e-79
0 4 1 4.58953e-47
0 4 2 1.17491e-46
0 4 3 2.88982e-46
0 4 4 6.8291e-46
0 4 5 1.55055e-45
0 4 6 3.38248e-45
0 4 7 7.08945e-45
0 4 8 1.42764e-44
0 4 9 2.76219e-44
0 4 10 5.13471e-44
0 4 11 9.17078e-44
0 4 12 1.57371e-43
0 4 13 2.59461e-43
0 4 14 4.11006e-43
0 4 15 6.25535e-43
0 4 16 9.14711e-43
0 4 17 1.28512e-42
0 4 18 1.73473e-42
0 4 19 2.24982e-42
0 4 20 2.80345e-42
0 4 21 3.35634e-42
0 4 22 3.86072e-42
0 4 23 4.26675e-42
0 4 24 4.53059e-42
0 4 25 4.62212e-42
0 4 26 4.53059e-42
0 4 27 4.26675e-42
0 4 28 3.86072e-42
0 4 29 3.35634e-42
0 4 30 2.80345e-42
0 4 31 2.24982e-42
0 4 32 1.73473e-42
0 4 33 1.28512e-42
0 4 34 9.14711e-43
0 4 35 6.25535e-43
0 4 36 4.11006e-43
0 4 37 2.59461e-43
0 4 38 1.57371e-43
0 4 39 9.17078e-44
0 4 40 5.13471e-44
0 4 41 2.76219e-44
0 4 42 1.42764e-44
0 4 43 7.08945e-45
0 4 44 3.38248e-45
0 4 45 1.55055e-45
0 4 46 6.8291e-46
0 4 47 2.88982e-46
0 4 48 1.17491e-46
0 4 49 3.85272e-79
0 5 0 3.28307e-79
0 5 1 1.04205e-46
0 5 2 2.66764e-46
0 5 3 6.56133e-46
0 5 4 1.55055e-45
0 5 5 3.52052e-45
0 5 6 7.67991e-45
0 5 7 1.60966e-44
0 5 8 3.24146e-44
0 5 9 6.27154e-44
0 5 10 1.16583e-43
0 5 11 2.08223e-43
0 5 12 3.57311e-43
0 5 13 5.89107e-43
0 5 14 9.33189e-43
0 5 15 1.42028e-42
0 5 16 2.07685e-42
0 5 17 2.91787e-42
0 5 18 3.93871e-42
0 5 19 5.10823e-42
0 5 20 6.36524e-42
0 5 21 7.62058e-42
0 5 22 8.76575e-42
0 5 23 9.68766e-42
0 5 24 1.02867e-41
0 5 25 1.04945e-41
0 5 26 1.02867e-41
0 5 27 9.68766e-42
0 5 28 8.76575e-42
0 5 29 7.62058e-42
0 5 30 6.36524e-42
0 5 31 5.10823e-42
0 5 32 3.93871e-42
0 5 33 2.91787e-42
0 5 34 2.07685e-42
0 5 35 1.42028e-42
0 5 36 9.33189e-43
0 5 37 5.89107e-43
0 5 38 3.57311e-43
0 5 39 2.08223e-43
0 5 40 1.16583e-43
0 5 41 6.27154e-44
0 5 42 3.24146e-44
0 5 43 1.60966e-44
0 5 44 7.67991e-45
0 5 45 3.52052e-45
0 5 46 1.55055e-45
0 5 47 6.56133e-46
0 5 48 2.66764e-46
0 5 49 8.7476e-79
0 6 0 7.16193e-79
0 6 1 2.27321e-46
0 6 2 5.81937e-46
0 6 3 1.43134e-45
0 6 4 3.38248e-45
0 6 5 7.67991e-45
0 6 6 1.67535e-44
0 6 7 3.51143e-44
0 6 8 7.07115e-44
0 6 9 1.36812e-43
0 6 10 2.54324e-43
0 6 11 4.54232e-43
0 6 12 7.79465e-43
0 6 13 1.28512e-42
0 6 14 2.03573e-42
0 6 15 3.0983e-42
0 6 16 4.53059e-42
0 6 17 6.36524e-42
0 6 18 8.59218e-42
0 6 19 1.11435e-41
0 6 20 1.38856e-41
0 6 21 1.66241e-41
0 6 22 1.91222e-41
0 6 23 2.11334e-41
0 6 24 2.24402e-41
0 6 25 2.28935e-41
0 6 26 2.24402e-41
0 6 27 2.11334e-41
0 6 28 1.91222e-41
0 6 29 1.66241e-41
0 6 30 1.38856e-41
0 6 31 1.11435e-41
0 6 32 8.59218e-42
0 6 33 6.36524e-42
0 6 34 4.53059e-42
0 6 35 3.0983e-42
0 6 36 2.03573e-42
0 6 37 1.28512e-42
0 6 38 7.79465e-43
0 6 39 4.54232e-43
0 6 40 2.54324e-43
0 6 41 1.36812e-43
0 6 42 7.07115e-44
0 6 43 3.51143e-44
0 6 44 1.67535e-44
0 6 45 7.67991e-45
0 6 46 3.38248e-45
0 6 47 1.43134e-45
0 6 48 5.81937e-46
0 6 49 1.90826e-78
0 7 0 1.50109e-78
0 7 1 4.7645e-46
0 7 2 1.2197e-45
0 7 3 2.99999e-45
0 7 4 7.08945e-45
0 7 5 1.60966e-44
0 7 6 3.51143e-44
0 7 7 7.35973e-44
0 7 8 1.48207e-43
0 7 9 2.86749e-43
0 7 10 5.33046e-43
0 7 11 9.52041e-43
0 7 12 1.63371e-42
0 7 13 2.69353e-42
0 7 14 4.26675e-42
0 7 15 6.49383e-42
0 7 16 9.49583e-42
0 7 17 1.33411e-41
0 7 18 1.80087e-41
0 7 19 2.3356e-41
0 7 20 2.91033e-41
0 7 21 3.4843e-41
0 7 22 4.0079e-41
0 7 23 4.42941e-41
0 7 24 4.70331e-41
0 7 25 4.79833e-41
0 7 26 4.70331e-41
0 7 27 4.42941e-41
0 7 28 4.0079e-41
0 7 29 3.4843e-41
0 7 30 2.91033e-41
0 7 31 2.3356e-41
0 7 32 1.80087e-41
0 7 33 1.33411e-41
0 7 34 9.49583e-42
0 7 35 6.49383e-42
0 7 36 4.26675e-42
0 7 37 2.69353e-42
0 7 38 1.63371e-42
0 7 39 9.52041e-43
0 7 40 5.33046e-43
0 7 41 2.86749e-43
0 7 42 1.48207e-43
0 7 43 7.35973e-44
0 7 44 3.51143e-44
0 7 45 1.60966e-44
0 7 46 7.08945e-45
0 7 47 2.99999e-45
0 7 48 1.2197e-45
0 7 49 3.9996e-78
0 8 0 3.02283e-78
0 8 1 9.59453e-46
0 8 2 2.45618e-45
0 8 3 6.04123e-45
0 8 4 1.42764e-44
0 8 5 3.24146e-44
0 8 6 7.07115e-44
0 8 7 1.48207e-43
0 8 8 2.98452e-43
0 8 9 5.77442e-43
0 8 10 1.07342e-42
0 8 11 1.91717e-42
0 8 12 3.28988e-42
0 8 13 5.4241e-42
0 8 14 8.59218e-42
0 8 15 1.3077e-41
0 8 16 1.91222e-41
0 8 17 2.68658e-41
0 8 18 3.6265e-41
0 8 19 4.70331e-41
0 8 20 5.86069e-41
0 8 21 7.01652e-41
0 8 22 8.07092e-41
0 8 23 8.91974e-41
0 8 24 9.47131e-41
0 8 25 9.66264e-41
0 8 26 9.47131e-41
0 8 27 8.91974e-41
0 8 28 8.07092e-41
0 8 29 7.01652e-41
0 8 30 5.86069e-41
0 8 31 4.70331e-41
0 8 32 3.6265e-41
0 8 33 2.68658e-41
0 8 34 1.91222e-41
0 8 35 1.3077e-41
0 8 36 8.59218e-42
0 8 37 5.4241e-42
0 8 38 3.28988e-42
0 8 39 1.91717e-42
0 8 40 1.07342e-42
0 8 41 5.77442e-43
0 8 42 2.98452e-43
0 8 43 1.48207e-43
0 8 44 7.07115e-44
0 8 45 3.24146e-44
0 8 46 1.42764e-44
0 8 47 6.04123e-45
0 8 48 2.45618e-45
0 8 49 8.0542e-78
0 9 0 5.84855e-78
0 9 1 1.85634e-45
0 9 2 4.7522e-45
0 9 3 1.16885e-44
0 9 4 2.76219e-44
0 9 5 6.27154e-44
0 9 6 1.36812e-43
0 9 7 2.86749e-43
0 9 8 5.77442e-43
0 9 9 1.11723e-42
0 9 10 2.07685e-42
0 9 11 3.70933e-42
0 9 12 6.36524e-42
0 9 13 1.04945e-41
0 9 14 1.66241e-41
0 9 15 2.53012e-41
0 9 16 3.69976e-41
0 9 17 5.19797e-41
0 9 18 7.01652e-41
0 9 19 9.09994e-41
0 9 20 1.13392e-40
0 9 21 1.35755e-40
0 9 22 1.56156e-40
0 9 23 1.72579e-40
0 9 24 1.8325e-40
0 9 25 1.86952e-40
0 9 26 1.8325e-40
0 9 27 1.72579e-40
0 9 28 1.56156e-40
0 9 29 1.35755e-40
0 9 30 1.13392e-40
0 9 31 9.09994e-41
0 9 32 7.01652e-41
0 9 33 5.19797e-41
0 9 34 3.69976e-41
0 9 35 2.53012e-41
0 9 36 1.66241e-41
0 9 37 1.04945e-41
0 9 38 6.36524e-42
0 9 39 3.70933e-42
0 9 40 2.07685e-42
0 9 41 1.11723e-42
0 9 42 5.77442e-43
0 9 43 2.86749e-43
0 9 44 1.36812e-43
0 9 45 6.27154e-44
0 9 46 2.76219e-44
0 9 47 1.16885e-44
0 9 48 4.7522e-45
0 9 49 1.55832e-77
0 10 0 1.0872e-77
0 10 1 3.45081e-45
0 10 2 8.834e-45
0 10 3 2.17281e-44
0 10 4 5.13471e-44
0 10 5 1.16583e-43
0 10 6 2.54324e-43
0 10 7 5.33046e-43
0 10 8 1.07342e-42
0 10 9 2.07685e-42
0 10 10 3.86072e-42
0 10 11 6.89539e-42
0 10 12 1.18325e-41
0 10 13 1.95085e-41
0 10 14 3.0903e-41
0 10 15 4.70331e-41
0 10 16 6.87758e-41
0 10 17 9.66264e-41
0 10 18 1.30432e-40
0 10 19 1.69161e-40
0 10 20 2.10788e-40
0 10 21 2.52359e-40
0 10 22 2.90282e-40
0 10 23 3.20811e-40
0 10 24 3.40649e-40
0 10 25 3.4753e-40
0 10 26 3.40649e-40
0 10 27 3.20811e-40
0 10 28 2.90282e-40
0 10 29 2.52359e-40
0 10 30 2.10788e-40
0 10 31 1.69161e-40
0 10 32 1.30432e-40
0 10 33 9.66264e-41
0 10 34 6.87758e-41
0 10 35 4.70331e-41
0 10 36 3.0903e-41
0 10 37 1.95085e-41
0 10 38 1.18325e-41
0 10 39 6.89539e-42
0 10 40 3.86072e-42
0 10 41 2.07685e-42
0 10 42 1.07342e-42
0 10 43 5.33046e-43
0 10 44 2.54324e-43
0 10 45 1.16583e-43
0 10 46 5.13471e-44
0 10 47 2.17281e-44
0 10 48 8.834e-45
0 10 49 2.89681e-77
0 11 0 1.94179e-77
0 11 1 6.16327e-45
0 11 2 1.57779e-44
0 11 3 3.88073e-44
0 11 4 9.17078e-44
0 11 5 2.08223e-43
0 11 6 4.54232e-43
0 11 7 9.52041e-43
0 11 8 1.91717e-42
0 11 9 3.70933e-42
0 11 10 6.89539e-42
0 11 11 1.23154e-41
0 11 12 2.11334e-41
0 11 13 3.4843e-41
0 11 14 5.51939e-41
0 11 15 8.4003e-41
0 11 16 1.22836e-40
0 11 17 1.72579e-40
0 11 18 2.32957e-40
0 11 19 3.02129e-40
0 11 20 3.76475e-40
0 11 21 4.50723e-40
0 11 22 5.18455e-40
0 11 23 5.72981e-40
0 11 24 6.08412e-40
0 11 25 6.20703e-40
0 11 26 6.08412e-40
0 11 27 5.72981e-40
0 11 28 5.18455e-40
0 11 29 4.50723e-40
0 11 30 3.76475e-40
0 11 31 3.02129e-40
0 11 32 2.32957e-40
0 11 33 1.72579e-40
0 11 34 1.22836e-40
0 11 35 8.4003e-41
0 11 36 5.51939e-41
0 11 37 3.4843e-41
0 11 38 2.11334e-41
0 11 39 1.23154e-41
0 11 40 6.89539e-42
0 11 41 3.70933e-42
0 11 42 1.91717e-42
0 11 43 9.52041e-43
0 11 44 4.54232e-43
0 11 45 2.08223e-43
0 11 46 9.17078e-44
0 11 47 3.88073e-44
0 11 48 1.57779e-44
0 11 49 5.17381e-77
0 12 0 3.33212e-77
0 12 1 1.05762e-44
0 12 2 2.70749e-44
0 12 3 6.65935e-44
0 12 4 1.57371e-43
0 12 5 3.57311e-43
0 12 6 7.79465e-43
0 12 7 1.63371e-42
0 12 8 3.28988e-42
0 12 9 6.36524e-42
0 12 10 1.18325e-41
0 12 11 2.11334e-41
0 12 12 3.6265e-41
0 12 13 5.97908e-41
0 12 14 9.47131e-41
0 12 15 1.4415e-40
0 12 16 2.10788e-40
0 12 17 2.96146e-40
0 12 18 3.99755e-40
0 12 19 5.18455e-40
0 12 20 6.46034e-40
0 12 21 7.73443e-40
0 12 22 8.89672e-40
0 12 23 9.83239e-40
0 12 24 1.04404e-39
0 12 25 1.06513e-39
0 12 26 1.04404e-39
0 12 27 9.83239e-40
0 12 28 8.89672e-40
0 12 29 7.73443e-40
0 12 30 6.46034e-40
0 12 31 5.18455e-40
0 12 32 3.99755e-40
0 12 33 2.96146e-40
0 12 34 2.10788e-40
0 12 35 1.4415e-40
0 12 36 9.47131e-41
0 12 37 5.97908e-41
0 12 38 3.6265e-41
0 12 39 2.11334e-41
0 12 40 1.18325e-41
0 12 41 6.36524e-42
0 12 42 3.28988e-42
0 12 43 1.63371e-42
0 12 44 7.79465e-43
0 12 45 3.57311e-43
0 12 46 1.57371e-43
0 12 47 6.65935e-44
0 12 48 2.70749e-44
0 12 49 8.87829e-77
0 13 0 5.49374e-77
0 13 1 1.74372e-44
0 13 2 4.4639e-44
0 13 3 1.09794e-43
0 13 4 2.59461e-43
0 13 5 5.89107e-43
0 13 6 1.28512e-42
0 13 7 2.69353e-42
0 13 8 5.4241e-42
0 13 9 1.04945e-41
0 13 10 1.95085e-41
0 13 11 3.4843e-41
0 13 12 5.97908e-41
0 13 13 9.85784e-41
0 13 14 1.56156e-40
0 13 15 2.37663e-40
0 13 16 3.4753e-40
0 13 17 4.88262e-40
0 13 18 6.59085e-40
0 13 19 8.54787e-40
0 13 20 1.06513e-39
0 13 21 1.27519e-39
0 13 22 1.46682e-39
0 13 23 1.62109e-39
0 13 24 1.72133e-39
0 13 25 1.7561e-39
0 13 26 1.72133e-39
0 13 27 1.62109e-39
0 13 28 1.46682e-39
0 13 29 1.27519e-39
0 13 30 1.06513e-39
0 13 31 8.54787e-40
0 13 32 6.59085e-40
0 13 33 4.88262e-40
0 13 34 3.4753e-40
0 13 35 2.37663e-40
0 13 36 1.56156e-40
0 13 37 9.85784e-41
0 13 38 5.97908e-41
0 13 39 3.4843e-41
0 13 40 1.95085e-41
0 13 41 1.04945e-41
0 13 42 5.4241e-42
0 13 43 2.69353e-42
0 13 44 1.28512e-42
0 13 45 5.89107e-43
0 13 46 2.59461e-43
0 13 47 1.09794e-43
0 13 48 4.4639e-44
0 13 49 1.46378e-76
0 14 0 8.70249e-77
0 14 1 2.76219e-44
0 14 2 7.07115e-44
0 14 3 1.73922e-43
0 14 4 4.11006e-43
0 14 5 9.33189e-43
0 14 6 2.03573e-42
0 14 7 4.26675e-42
0 14 8 8.59218e-42
0 14 9 1.66241e-41
0 14 10 3.0903e-41
0 14 11 5.51939e-41
0 14 12 9.47131e-41
0 14 13 1.56156e-40
0 14 14 2.47362e-40
0 14 15 3.76475e-40
0 14 16 5.50514e-40
0 14 17 7.73443e-40
0 14 18 1.04404e-39
0 14 19 1.35405e-39
0 14 20 1.68725e-39
0 14 21 2.02e-39
0 14 22 2.32355e-39
0 14 23 2.56792e-39
0 14 24 2.72671e-39
0 14 25 2.7818e-39
0 14 26 2.72671e-39
0 14 27 2.56792e-39
0 14 28 2.32355e-39
0 14 29 2.02e-39
0 14 30 1.68725e-39
0 14 31 1.35405e-39
0 14 32 1.04404e-39
0 14 33 7.73443e-40
0 14 34 5.50514e-40
0 14 35 3.76475e-40
0 14 36 2.47362e-40
0 14 37 1.56156e-40
0 14 38 9.47131e-41
0 14 39 5.51939e-41
0 14 40 3.0903e-41
0 14 41 1.66241e-41
0 14 42 8.59218e-42
0 14 43 4.26675e-42
0 14 44 2.03573e-42
0 14 45 9.33189e-43
0 14 46 4.11006e-43
0 14 47 1.73922e-43
0 14 48 7.07115e-44
0 14 49 2.31874e-76
0 15 0 1.32449e-76
0 15 1 4.20394e-44
0 15 2 1.0762e-43
0 15 3 2.64703e-43
0 15 4 6.25535e-43
0 15 5 1.42028e-42
0 15 6 3.0983e-42
0 15 7 6.49383e-42
0 15 8 1.3077e-41
0 15 9 2.53012e-41
0 15 10 4.70331e-41
0 15 11 8.4003e-41
0 15 12 1.4415e-40
0 15 13 2.37663e-40
0 15 14 3.76475e-40
0 15 15 5.72981e-40
0 15 16 8.37861e-40
0 15 17 1.17715e-39
0 15 18 1.58899e-39
0 15 19 2.06081e-39
0 15 20 2.56792e-39
0 15 21 3.07436e-39
0 15 22 3.53636e-39
0 15 23 3.90828e-39
0 15 24 4.14995e-39
0 15 25 4.23379e-39
0 15 26 4.14995e-39
0 15 27 3.90828e-39
0 15 28 3.53636e-39
0 15 29 3.07436e-39
0 15 30 2.56792e-39
0 15 31 2.06081e-39
0 15 32 1.58899e-39
0 15 33 1.17715e-39
0 15 34 8.37861e-40
0 15 35 5.72981e-40
0 15 36 3.76475e-40
0 15 37 2.37663e-40
0 15 38 1.4415e-40
0 15 39 8.4003e-41
0 15 40 4.70331e-41
0 15 41 2.53012e-41
0 15 42 1.3077e-41
0 15 43 6.49383e-42
0 15 44 3.0983e-42
0 15 45 1.42028e-42
0 15 46 6.25535e-43
0 15 47 2.64703e-43
0 15 48 1.0762e-43
0 15 49 3.52903e-76
0 16 0 1.93677e-76
0 16 1 6.14736e-44
0 16 2 1.57371e-43
0 16 3 3.87071e-43
0 16 4 9.14711e-43
0 16 5 2.07685e-42
0 16 6 4.53059e-42
0 16 7 9.49583e-42
0 16 8 1.91222e-41
0 16 9 3.69976e-41
0 16 10 6.87758e-41
0 16 11 1.22836e-40
0 16 12 2.10788e-40
0 16 13 3.4753e-40
0 16 14 5.50514e-40
0 16 15 8.37861e-40
0 16 16 1.22519e-39
0 16 17 1.72133e-39
0 16 18 2.32355e-39
0 16 19 3.01348e-39
0 16 20 3.75503e-39
0 16 21 4.49559e-39
0 16 22 5.17116e-39
0 16 23 5.71502e-39
0 16 24 6.06841e-39
0 16 25 6.191e-39
0 16 26 6.06841e-39
0 16 27 5.71502e-39
0 16 28 5.17116e-39
0 16 29 4.49559e-39
0 16 30 3.75503e-39
0 16 31 3.01348e-39
0 16 32 2.32355e-39
0 16 33 1.72133e-39
0 16 34 1.22519e-39
0 16 35 8.37861e-40
0 16 36 5.50514e-40
0 16 37 3.4753e-40
0 16 38 2.10788e-40
0 16 39 1.22836e-40
0 16 40 6.87758e-41
0 16 41 3.69976e-41
0 16 42 1.91222e-41
0 16 43 9.49583e-42
0 16 44 4.53059e-42
0 16 45 2.07685e-42
0 16 46 9.14711e-43
0 16 47 3.87071e-43
0 16 48 1.57371e-43
0 16 49 5.16045e-76
0 17 0 2.72107e-76
0 17 1 8.63672e-44
0 17 2 2.21098e-43
0 17 3 5.43814e-43
0 17 4 1.28512e-42
0 17 5 2.91787e-42
0 17 6 6.36524e-42
0 17 7 1.33411e-41
0 17 8 2.68658e-41
0 17 9 5.19797e-41
0 17 10 9.66264e-41
0 17 11 1.72579e-40
0 17 12 2.96146e-40
0 17 13 4.88262e-40
0 17 14 7.73443e-40
0 17 15 1.17715e-39
0 17 16 1.72133e-39
0 17 17 2.41838e-39
0 17 18 3.26447e-39
0 17 19 4.23379e-39
0 17 20 5.27562e-39
0 17 21 6.31607e-39
0 17 22 7.26521e-39
0 17 23 8.0293e-39
0 17 24 8.5258e-39
0 17 25 8.69804e-39
0 17 26 8.5258e-39
0 17 27 8.0293e-39
0 17 28 7.26521e-39
0 17 29 6.31607e-39
0 17 30 5.27562e-39
0 17 31 4.23379e-39
0 17 32 3.26447e-39
0 17 33 2.41838e-39
0 17 34 1.72133e-39
0 17 35 1.17715e-39
0 17 36 7.73443e-40
0 17 37 4.88262e-40
0 17 38 2.96146e-40
0 17 39 1.72579e-40
0 17 40 9.66264e-41
0 17 41 5.19797e-41
0 17 42 2.68658e-41
0 17 43 1.33411e-41
0 17 44 6.36524e-42
0 17 45 2.91787e-42
0 17 46 1.28512e-42
0 17 47 5.43814e-43
0 17 48 2.21098e-43
0 17 49 7.25016e-76
0 18 0 3.67306e-76
0 18 1 1.16583e-43
0 18 2 2.98452e-43
0 18 3 7.34072e-43
0 18 4 1.73473e-42
0 18 5 3.93871e-42
0 18 6 8.59218e-42
0 18 7 1.80087e-41
0 18 8 3.6265e-41
0 18 9 7.01652e-41
0 18 10 1.30432e-40
0 18 11 2.32957e-40
0 18 12 3.99755e-40
0 18 13 6.59085e-40
0 18 14 1.04404e-39
0 18 15 1.58899e-39
0 18 16 2.32355e-39
0 18 17 3.26447e-39
0 18 18 4.40657e-39
0 18 19 5.71502e-39
0 18 20 7.12135e-39
0 18 21 8.5258e-39
0 18 22 9.80701e-39
0 18 23 1.08384e-38
0 18 24 1.15086e-38
0 18 25 1.17411e-38
0 18 26 1.15086e-38
0 18 27 1.08384e-38
0 18 28 9.80701e-39
0 18 29 8.5258e-39
0 18 30 7.12135e-39
0 18 31 5.71502e-39
0 18 32 4.40657e-39
0 18 33 3.26447e-39
0 18 34 2.32355e-39
0 18 35 1.58899e-39
0 18 36 1.04404e-39
0 18 37 6.59085e-40
0 18 38 3.99755e-40
0 18 39 2.32957e-40
0 18 40 1.30432e-40
0 18 41 7.01652e-41
0 18 42 3.6265e-41
0 18 43 1.80087e-41
0 18 44 8.59218e-42
0 18 45 3.93871e-42
0 18 46 1.73473e-42
0 18 47 7.34072e-43
0 18 48 2.98452e-43
0 18 49 9.7867e-76
0 19 0 4.7637e-76
0 19 1 1.51201e-43
0 19 2 3.87071e-43
0 19 3 9.52041e-43
0 19 4 2.24982e-42
0 19 5 5.10823e-42
0 19 6 1.11435e-41
0 19 7 2.3356e-41
0 19 8 4.70331e-41
0 19 9 9.09994e-41
0 19 10 1.69161e-40
0 19 11 3.02129e-40
0 19 12 5.18455e-40
0 19 13 8.54787e-40
0 19 14 1.35405e-39
0 19 15 2.06081e-39
0 19 16 3.01348e-39
0 19 17 4.23379e-39
0 19 18 5.71502e-39
0 19 19 7.41198e-39
0 19 20 9.23589e-39
0 19 21 1.10574e-38
0 19 22 1.2719e-38
0 19 23 1.40567e-38
0 19 24 1.49259e-38
0 19 25 1.52274e-38
0 19 26 1.49259e-38
0 19 27 1.40567e-38
0 19 28 1.2719e-38
0 19 29 1.10574e-38
0 19 30 9.23589e-39
0 19 31 7.41198e-39
0 19 32 5.71502e-39
0 19 33 4.23379e-39
0 19 34 3.01348e-39
0 19 35 2.06081e-39
0 19 36 1.35405e-39
0 19 37 8.54787e-40
0 19 38 5.18455e-40
0 19 39 3.02129e-40
0 19 40 1.69161e-40
0 19 41 9.09994e-41
0 19 42 4.70331e-41
0 19 43 2.3356e-41
0 19 44 1.11435e-41
0 19 45 5.10823e-42
0 19 46 2.24982e-42
0 19 47 9.52041e-43
0 19 48 3.87071e-43
0 19 49 1.26927e-75
0 20 0 5.93593e-76
0 20 1 1.88408e-43
0 20 2 4.8232e-43
0 20 3 1.18632e-42
0 20 4 2.80345e-42
0 20 5 6.36524e-42
0 20 6 1.38856e-41
0 20 7 2.91033e-41
0 20 8 5.86069e-41
0 20 9 1.13392e-40
0 20 10 2.10788e-40
0 20 11 3.76475e-40
0 20 12 6.46034e-40
0 20 13 1.06513e-39
0 20 14 1.68725e-39
0 20 15 2.56792e-39
0 20 16 3.75503e-39
0 20 17 5.27562e-39
0 20 18 7.12135e-39
0 20 19 9.23589e-39
0 20 20 1.15086e-38
0 20 21 1.37783e-38
0 20 22 1.58489e-38
0 20 23 1.75157e-38
0 20 24 1.85988e-38
0 20 25 1.89745e-38
0 20 26 1.85988e-38
0 20 27 1.75157e-38
0 20 28 1.58489e-38
0 20 29 1.37783e-38
0 20 30 1.15086e-38
0 20 31 9.23589e-39
0 20 32 7.12135e-39
0 20 33 5.27562e-39
0 20 34 3.75503e-39
0 20 35 2.56792e-39
0 20 36 1.68725e-39
0 20 37 1.06513e-39
0 20 38 6.46034e-40
0 20 39 3.76475e-40
0 20 40 2.10788e-40
0 20 41 1.13392e-40
0 20 42 5.86069e-41
0 20 43 2.91033e-41
0 20 44 1.38856e-41
0 20 45 6.36524e-42
0 20 46 2.80345e-42
0 20 47 1.18632e-42
0 20 48 4.8232e-43
0 20 49 1.5816e-75
0 21 0 7.1066e-76
0 21 1 2.25565e-43
0 21 2 5.77442e-43
0 21 3 1.42028e-42
0 21 4 3.35634e-42
0 21 5 7.62058e-42
0 21 6 1.66241e-41
0 21 7 3.4843e-41
0 21 8 7.01652e-41
0 21 9 1.35755e-40
0 21 10 2.52359e-40
0 21 11 4.50723e-40
0 21 12 7.73443e-40
0 21 13 1.27519e-39
0 21 14 2.02e-39
0 21 15 3.07436e-39
0 21 16 4.49559e-39
0 21 17 6.31607e-39
0 21 18 8.5258e-39
0 21 19 1.10574e-38
0 21 20 1.37783e-38
0 21 21 1.64957e-38
0 21 22 1.89745e-38
0 21 23 2.09701e-38
0 21 24 2.22668e-38
0 21 25 2.27166e-38
0 21 26 2.22668e-38
0 21 27 2.09701e-38
0 21 28 1.89745e-38
0 21 29 1.64957e-38
0 21 30 1.37783e-38
0 21 31 1.10574e-38
0 21 32 8.5258e-39
0 21 33 6.31607e-39
0 21 34 4.49559e-39
0 21 35 3.07436e-39
0 21 36 2.02e-39
0 21 37 1.27519e-39
0 21 38 7.73443e-40
0 21 39 4.50723e-40
0 21 40 2.52359e-40
0 21 41 1.35755e-40
0 21 42 7.01652e-41
0 21 43 3.4843e-41
0 21 44 1.66241e-41
0 21 45 7.62058e-42
0 21 46 3.35634e-42
0 21 47 1.42028e-42
0 21 48 5.77442e-43
0 21 49 1.89352e-75
0 22 0 8.17454e-76
0 22 1 2.59461e-43
0 22 2 6.64216e-43
0 22 3 1.63371e-42
0 22 4 3.86072e-42
0 22 5 8.76575e-42
0 22 6 1.91222e-41
0 22 7 4.0079e-41
0 22 8 8.07092e-41
0 22 9 1.56156e-40
0 22 10 2.90282e-40
0 22 11 5.18455e-40
0 22 12 8.89672e-40
0 22 13 1.46682e-39
0 22 14 2.32355e-39
0 22 15 3.53636e-39
0 22 16 5.17116e-39
0 22 17 7.26521e-39
0 22 18 9.80701e-39
0 22 19 1.2719e-38
0 22 20 1.58489e-38
0 22 21 1.89745e-38
0 22 22 2.18259e-38
0 22 23 2.41213e-38
0 22 24 2.56129e-38
0 22 25 2.61303e-38
0 22 26 2.56129e-38
0 22 27 2.41213e-38
0 22 28 2.18259e-38
0 22 29 1.89745e-38
0 22 30 1.58489e-38
0 22 31 1.2719e-38
0 22 32 9.80701e-39
0 22 33 7.26521e-39
0 22 34 5.17116e-39
0 22 35 3.53636e-39
0 22 36 2.32355e-39
0 22 37 1.46682e-39
0 22 38 8.89672e-40
0 22 39 5.18455e-40
0 22 40 2.90282e-40
0 22 41 1.56156e-40
0 22 42 8.07092e-41
0 22 43 4.0079e-41
0 22 44 1.91222e-41
0 22 45 8.76575e-42
0 22 46 3.86072e-42
0 22 47 1.63371e-42
0 22 48 6.64216e-43
0 22 49 2.17807e-75
0 23 0 9.03426e-76
0 23 1 2.86749e-43
0 23 2 7.34072e-43
0 23 3 1.80553e-42
0 23 4 4.26675e-42
0 23 5 9.68766e-42
0 23 6 2.11334e-41
0 23 7 4.42941e-41
0 23 8 8.91974e-41
0 23 9 1.72579e-40
0 23 10 3.20811e-40
0 23 11 5.72981e-40
0 23 12 9.83239e-40
0 23 13 1.62109e-39
0 23 14 2.56792e-39
0 23 15 3.90828e-39
0 23 16 5.71502e-39
0 23 17 8.0293e-39
0 23 18 1.08384e-38
0 23 19 1.40567e-38
0 23 20 1.75157e-38
0 23 21 2.09701e-38
0 23 22 2.41213e-38
0 23 23 2.66582e-38
0 23 24 2.83067e-38
0 23 25 2.88785e-38
0 23 26 2.83067e-38
0 23 27 2.66582e-38
0 23 28 2.41213e-38
0 23 29 2.09701e-38
0 23 30 1.75157e-38
0 23 31 1.40567e-38
0 23 32 1.08384e-38
0 23 33 8.0293e-39
0 23 34 5.71502e-39
0 23 35 3.90828e-39
0 23 36 2.56792e-39
0 23 37 1.62109e-39
0 23 38 9.83239e-40
0 23 39 5.72981e-40
0 23 40 3.20811e-40
0 23 41 1.72579e-40
0 23 42 8.91974e-41
0 23 43 4.42941e-41
0 23 44 2.11334e-41
0 23 45 9.68766e-42
0 23 46 4.26675e-42
0 23 47 1.80553e-42
0 23 48 7.34072e-43
0 23 49 2.40714e-75
0 24 0 9.59291e-76
0 24 1 3.04481e-43
0 24 2 7.79465e-43
0 24 3 1.91717e-42
0 24 4 4.53059e-42
0 24 5 1.02867e-41
0 24 6 2.24402e-41
0 24 7 4.70331e-41
0 24 8 9.47131e-41
0 24 9 1.8325e-40
0 24 10 3.40649e-40
0 24 11 6.08412e-40
0 24 12 1.04404e-39
0 24 13 1.72133e-39
0 24 14 2.72671e-39
0 24 15 4.14995e-39
0 24 16 6.06841e-39
0 24 17 8.5258e-39
0 24 18 1.15086e-38
0 24 19 1.49259e-38
0 24 20 1.85988e-38
0 24 21 2.22668e-38
0 24 22 2.56129e-38
0 24 23 2.83067e-38
0 24 24 3.0057e-38
0 24 25 3.06642e-38
0 24 26 3.0057e-38
0 24 27 2.83067e-38
0 24 28 2.56129e-38
0 24 29 2.22668e-38
0 24 30 1.85988e-38
0 24 31 1.49259e-38
0 24 32 1.15086e-38
0 24 33 8.5258e-39
0 24 34 6.06841e-39
0 24 35 4.14995e-39
0 24 36 2.72671e-39
0 24 37 1.72133e-39
0 24 38 1.04404e-39
0 24 39 6.08412e-40
0 24 40 3.40649e-40
0 24 41 1.8325e-40
0 24 42 9.47131e-41
0 24 43 4.70331e-41
0 24 44 2.24402e-41
0 24 45 1.02867e-41
0 24 46 4.53059e-42
0 24 47 1.91717e-42
0 24 48 7.79465e-43
0 24 49 2.55599e-75
0 25 0 9.7867e-76
0 25 1 3.10632e-43
0 25 2 7.95211e-43
0 25 3 1.9559e-42
0 25 4 4.62212e-42
0 25 5 1.04945e-41
0 25 6 2.28935e-41
0 25 7 4.79833e-41
0 25 8 9.66264e-41
0 25 9 1.86952e-40
0 25 10 3.4753e-40
0 25 11 6.20703e-40
0 25 12 1.06513e-39
0 25 13 1.7561e-39
0 25 14 2.7818e-39
0 25 15 4.23379e-39
0 25 16 6.191e-39
0 25 17 8.69804e-39
0 25 18 1.17411e-38
0 25 19 1.52274e-38
0 25 20 1.89745e-38
0 25 21 2.27166e-38
0 25 22 2.61303e-38
0 25 23 2.88785e-38
0 25 24 3.06642e-38
0 25 25 3.12837e-38
0 25 26 3.06642e-38
0 25 27 2.88785e-38
0 25 28 2.61303e-38
0 25 29 2.27166e-38
0 25 30 1.89745e-38
0 25 31 1.52274e-38
0 25 32 1.17411e-38
0 25 33 8.69804e-39
0 25 34 6.191e-39
0 25 35 4.23379e-39
0 25 36 2.7818e-39
0 25 37 1.7561e-39
0 25 38 1.06513e-39
0 25 39 6.20703e-40
0 25 40 3.4753e-40
0 25 41 1.86952e-40
0 25 42 9.66264e-41
0 25 43 4.79833e-41
0 25 44 2.28935e-41
0 25 45 1.04945e-41
0 25 46 4.62212e-42
0 25 47 1.9559e-42
0 25 48 7.95211e-43
0 25 49 2.60762e-75
0 26 0 9.59291e-76
0 26 1 3.04481e-43
0 26 2 7.79465e-43
0 26 3 1.91717e-42
0 26 4 4.53059e-42
0 26 5 1.02867e-41
0 26 6 2.24402e-41
0 26 7 4.70331e-41
0 26 8 9.47131e-41
0 26 9 1.8325e-40
0 26 10 3.40649e-40
0 26 11 6.08412e-40
0 26 12 1.04404e-39
0 26 13 1.72133e-39
0 26 14 2.72671e-39
0 26 15 4.14995e-39
0 26 16 6.06841e-39
0 26 17 8.5258e-39
0 26 18 1.15086e-38
0 26 19 1.49259e-38
0 26 20 1.85988e-38
0 26 21 2.22668e-38
0 26 22 2.56129e-38
0 26 23 2.83067e-38
0 26 24 3.0057e-38
0 26 25 3.06642e-38
0 26 26 3.0057e-38
0 26 27 2.83067e-38
0 26 28 2.56129e-38
0 26 29 2.22668e-38
0 26 30 1.85988e-38
0 26 31 1.49259e-38
0 26 32 1.15086e-38
0 26 33 8.5258e-39
0 26 34 6.06841e-39
0 26 35 4.14995e-39
0 26 36 2.72671e-39
0 26 37 1.72133e-39
0 26 38 1.04404e-39
0 26 39 6.08412e-40
0 26 40 3.40649e-40
0 26 41 1.8325e-40
0 26 42 9.47131e-41
0 26 43 4.70331e-41
0 26 44 2.24402e-41
0 26 45 1.02867e-41
0 26 46 4.53059e-42
0 26 47 1.91717e-42
0 26 48 7.79465e-43
0 26 49 2.55599e-75
0 27 0 9.03426e-76
0 27 1 2.86749e-43
0 27 2 7.34072e-43
0 27 3 1.80553e-42
0 27 4 4.26675e-42
0 27 5 9.68766e-42
0 27 6 2.11334e-41
0 27 7 4.42941e-41
0 27 8 8.91974e-41
0 27 9 1.72579e-40
0 27 10 3.20811e-40
0 27 11 5.72981e-40
0 27 12 9.83239e-40
0 27 13 1.62109e-39
0 27 14 2.56792e-39
0 27 15 3.90828e-39
0 27 16 5.71502e-39
0 27 17 8.0293e-39
0 27 18 1.08384e-38
0 27 19 1.40567e-38
0 27 20 1.75157e-38
0 27 21 2.09701e-38
0 27 22 2.41213e-38
0 27 23 2.66582e-38
0 27 24 2.83067e-38
0 27 25 2.88785e-38
0 27 26 2.83067e-38
0 27 27 2.66582e-38
0 27 28 2.41213e-38
0 27 29 2.09701e-38
0 27 30 1.75157e-38
0 27 31 1.40567e-38
0 27 32 1.08384e-38
0 27 33 8.0293e-39
0 27 34 5.71502e-39
0 27 35 3.90828e-39
0 27 36 2.56792e-39
0 27 37 1.62109e-39
0 27 38 9.83239e-40
0 27 39 5.72981e-40
0 27 40 3.20811e-40
0 27 41 1.72579e-40
0 27 42 8.91974e-41
0 27 43 4.42941e-41
0 27 44 2.11334e-41
0 27 45 9.68766e-42
0 27 46 4.26675e-42
0 27 47 1.80553e-42
0 27 48 7.34072e-43
0 27 49 2.40714e-75
0 28 0 8.17454e-76
0 28 1 2.59461e-43
0 28 2 6.64216e-43
0 28 3 1.63371e-42
0 28 4 3.86072e-42
0 28 5 8.76575e-42
0 28 6 1.91222e-41
0 28 7 4.0079e-41
0 28 8 8.07092e-41
0 28 9 1.56156e-40
0 28 10 2.90282e-40
0 28 11 5.18455e-40
0 28 12 8.89672e-40
0 28 13 1.46682e-39
0 28 14 2.32355e-39
0 28 15 3.53636e-39
0 28 16 5.17116e-39
0 28 17 7.26521e-39
0 28 18 9.80701e-39
0 28 19 1.2719e-38
0 28 20 1.58489e-38
0 28 21 1.89745e-38
0 28 22 2.18259e-38
0 28 23 2.41213e-38
0 28 24 2.56129e-38
0 28 25 2.61303e-38
0 28 26 2.56129e-38
0 28 27 2.41213e-38
0 28 28 2.18259e-38
0 28 29 1.89745e-38
0 28 30 1.58489e-38
0 28 31 1.2719e-38
0 28 32 9.80701e-39
0 28 33 7.26521e-39
0 28 34 5.17116e-39
0 28 35 3.53636e-39
0 28 36 2.32355e-39
0 28 37 1.46682e-39
0 28 38 8.89672e-40
0 28 39 5.18455e-40
0 28 40 2.90282e-40
0 28 41 1.56156e-40
0 28 42 8.07092e-41
0 28 43 4.0079e-41
0 28 44 1.91222e-41
0 28 45 8.76575e-42
0 28 46 3.86072e-42
0 28 47 1.63371e-42
0 28 48 6.64216e-43
0 28 49 2.17807e-75
0 29 0 7.1066e-76
0 29 1 2.25565e-43
0 29 2 5.77442e-43
0 29 3 1.42028e-42
0 29 4 3.35634e-42
0 29 5 7.62058e-42
0 29 6 1.66241e-41
0 29 7 3.4843e-41
0 29 8 7.01652e-41
0 29 9 1.35755e-40
0 29 10 2.52359e-40
0 29 11 4.50723e-40
0 29 12 7.73443e-40
0 29 13 1.27519e-39
0 29 14 2.02e-39
0 29 15 3.07436e-39
0 29 16 4.49559e-39
0 29 17 6.31607e-39
0 29 18 8.5258e-39
0 29 19 1.10574e-38
0 29 20 1.37783e-38
0 29 21 1.64957e-38
0 29 22 1.89745e-38
0 29 23 2.09701e-38
0 29 24 2.22668e-38
0 29 25 2.27166e-38
0 29 26 2.22668e-38
0 29 27 2.09701e-38
0 29 28 1.89745e-38
0 29 29 1.64957e-38
0 29 30 1.37783e-38
0 29 31 1.10574e-38
0 29 32 8.5258e-39
0 29 33 6.31607e-39
0 29 34 4.49559e-39
0 29 35 3.07436e-39
0 29 36 2.02e-39
0 29 37 1.27519e-39
0 29 38 7.73443e-40
0 29 39 4.50723e-40
0 29 40 2.52359e-40
0 29 41 1.35755e-40
0 29 42 7.01652e-41
0 29 43 3.4843e-41
0 29 44 1.66241e-41
0 29 45 7.62058e-42
0 29 46 3.35634e-42
0 29 47 1.42028e-42
0 29 48 5.77442e-43
0 29 49 1.89352e-75
0 30 0 5.93593e-76
0 30 1 1.88408e-43
0 30 2 4.8232e-43
0 30 3 1.18632e-42
0 30 4 2.80345e-42
0 30 5 6.36524e-42
0 30 6 1.38856e-41
0 30 7 2.91033e-41
0 30 8 5.86069e-41
0 30 9 1.13392e-40
0 30 10 2.10788e-40
0 30 11 3.76475e-40
0 30 12 6.46034e-40
0 30 13 1.06513e-39
0 30 14 1.68725e-39
0 30 15 2.56792e-39
0 30 16 3.75503e-39
0 30 17 5.27562e-39
0 30 18 7.12135e-39
0 30 19 9.23589e-39
0 30 20 1.15086e-38
0 30 21 1.37783e-38
0 30 22 1.58489e-38
0 30 23 1.75157e-38
0 30 24 1.85988e-38
0 30 25 1.89745e-38
0 30 26 1.85988e-38
0 30 27 1.75157e-38
0 30 28 1.58489e-38
0 30 29 1.37783e-38
0 30 30 1.15086e-38
0 30 31 9.23589e-39
0 30 32 7.12135e-39
0 30 33 5.27562e-39
0 30 34 3.75503e-39
0 30 35 2.56792e-39
0 30 36 1.68725e-39
0 30 37 1.06513e-39
0 30 38 6.46034e-40
0 30 39 3.76475e-40
0 30 40 2.10788e-40
0 30 41 1.13392e-40
0 30 42 5.86069e-41
0 30 43 2.91033e-41
0 30 44 1.38856e-41
0 30 45 6.36524e-42
0 30 46 2.80345e-42
0 30 47 1.18632e-42
0 30 48 4.8232e-43
0 30 49 1.5816e-75
0 31 0 4.7637e-76
0 31 1 1.51201e-43
0 31 2 3.87071e-43
0 31 3 9.52041e-43
0 31 4 2.24982e-42
0 31 5 5.10823e-42
0 31 6 1.11435e-41
0 31 7 2.3356e-41
0 31 8 4.70331e-41
0 31 9 9.09994e-41
0 31 10 1.69161e-40
0 31 11 3.02129e-40
0 31 12 5.18455e-40
0 31 13 8.54787e-40
0 31 14 1.35405e-39
0 31 15 2.06081e-39
0 31 16 3.01348e-39
0 31 17 4.23379e-39
0 31 18 5.71502e-39
0 31 19 7.41198e-39
0 31 20 9.23589e-39
0 31 21 1.10574e-38
0 31 22 1.2719e-38
0 31 23 1.40567e-38
0 31 24 1.49259e-38
0 31 25 1.52274e-38
0 31 26 1.49259e-38
0 31 27 1.40567e-38
0 31 28 1.2719e-38
0 31 29 1.10574e-38
0 31 30 9.23589e-39
0 31 31 7.41198e-39
0 31 32 5.71502e-39
0 31 33 4.23379e-39
0 31 34 3.01348e-39
0 31 35 2.06081e-39
0 31 36 1.35405e-39
0 31 37 8.54787e-40
0 31 38 5.18455e-40
0 31 39 3.02129e-40
0 31 40 1.69161e-40
0 31 41 9.09994e-41
0 31 42 4.70331e-41
0 31 43 2.3356e-41
0 31 44 1.11435e-41
0 31 45 5.10823e-42
0 31 46 2.24982e-42
0 31 47 9.52041e-43
0 31 48 3.87071e-43
0 31 49 1.26927e-75
0 32 0 3.67306e-76
0 32 1 1.16583e-43
0 32 2 2.98452e-43
0 32 3 7.34072e-43
0 32 4 1.73473e-42
0 32 5 3.93871e-42
0 32 6 8.59218e-42
0 32 7 1.80087e-41
0 32 8 3.6265e-41
0 32 9 7.01652e-41
0 32 10 1.30432e-40
0 32 11 2.32957e-40
0 32 12 3.99755e-40
0 32 13 6.59085e-40
0 32 14 1.04404e-39
0 32 15 1.58899e-39
0 32 16 2.32355e-39
0 32 17 3.26447e-39
0 32 18 4.40657e-39
0 32 19 5.71502e-39
0 32 20 7.12135e-39
0 32 21 8.5258e-39
0 32 22 9.80701e-39
0 32 23 1.08384e-38
0 32 24 1.15086e-38
0 32 25 1.17411e-38
0 32 26 1.15086e-38
0 32 27 1.08384e-38
0 32 28 9.80701e-39
0 32 29 8.5258e-39
0 32 30 7.12135e-39
0 32 31 5.71502e-39
0 32 32 4.40657e-39
0 32 33 3.26447e-39
0 32 34 2.32355e-39
0 32 35 1.58899e-39
0 32 36 1.04404e-39
0 32 37 6.59085e-40
0 32 38 3.99755e-40
0 32 39 2.32957e-40
0 32 40 1.30432e-40
0 32 41 7.01652e-41
0 32 42 3.6265e-41
0 32 43 1.80087e-41
0 32 44 8.59218e-42
0 32 45 3.93871e-42
0 32 46 1.73473e-42
0 32 47 7.34072e-43
0 32 48 2.98452e-43
0 32 49 9.7867e-76
0 33 0 2.72107e-76
0 33 1 8.63672e-44
0 33 2 2.21098e-43
0 33 3 5.43814e-43
0 33 4 1.28512e-42
0 33 5 2.91787e-42
0 33 6 6.36524e-42
0 33 7 1.33411e-41
0 33 8 2.68658e-41
0 33 9 5.19797e-41
0 33 10 9.66264e-41
0 33 11 1.72579e-40
0 33 12 2.96146e-40
0 33 13 4.88262e-40
0 33 14 7.73443e-40
0 33 15 1.17715e-39
0 33 16 1.72133e-39
0 33 17 2.41838e-39
0 33 18 3.26447e-39
0 33 19 4.23379e-39
0 33 20 5.27562e-39
0 33 21 6.31607e-39
0 33 22 7.26521e-39
0 33 23 8.0293e-39
0 33 24 8.5258e-39
0 33 25 8.69804e-39
0 33 26 8.5258e-39
0 33 27 8.0293e-39
0 33 28 7.26521e-39
0 33 29 6.31607e-39
0 33 30 5.27562e-39
0 33 31 4.23379e-39
0 33 32 3.26447e-39
0 33 33 2.41838e-39
0 33 34 1.72133e-39
0 33 35 1.17715e-39
0 33 36 7.73443e-40
0 33 37 4.88262e-40
0 33 38 2.96146e-40
0 33 39 1.72579e-40
0 33 40 9.66264e-41
0 33 41 5.19797e-41
0 33 42 2.68658e-41
0 33 43 1.33411e-41
0 33 44 6.36524e-42
0 33 45 2.91787e-42
0 33 46 1.28512e-42
0 33 47 5.43814e-43
0 33 48 2.21098e-43
0 33 49 7.25016e-76
0 34 0 1.93677e-76
0 34 1 6.14736e-44
0 34 2 1.57371e-43
0 34 3 3.87071e-43
0 34 4 9.14711e-43
0 34 5 2.07685e-42
0 34 6 4.53059e-42
0 34 7 9.49583e-42
0 34 8 1.91222e-41
0 34 9 3.69976e-41
0 34 10 6.87758e-41
0 34 11 1.22836e-40
0 34 12 2.10788e-40
0 34 13 3.4753e-40
0 34 14 5.50514e-40
0 34 15 8.37861e-40
0 34 16 1.22519e-39
0 34 17 1.72133e-39
0 34 18 2.32355e-39
0 34 19 3.01348e-39
0 34 20 3.75503e-39
0 34 21 4.49559e-39
0 34 22 5.17116e-39
0 34 23 5.71502e-39
0 34 24 6.06841e-39
0 34 25 6.191e-39
0 34 26 6.06841e-39
0 34 27 5.71502e-39
0 34 28 5.17116e-39
0 34 29 4.49559e-39
0 34 30 3.75503e-39
0 34 31 3.01348e-39
0 34 32 2.32355e-39
0 34 33 1.72133e-39
0 34 34 1.22519e-39
0 34 35 8.37861e-40
0 34 36 5.50514e-40
0 34 37 3.4753e-40
0 34 38 2.10788e-40
0 34 39 1.22836e-40
0 34 40 6.87758e-41
0 34 41 3.69976e-41
0 34 42 1.91222e-41
0 34 43 9.49583e-42
0 34 44 4.53059e-42
0 34 45 2.07685e-42
0 34 46 9.14711e-43
0 34 47 3.87071e-43
0 34 48 1.57371e-43
0 34 49 5.16045e-76
0 35 0 1.32449e-76
0 35 1 4.20394e-44
0 35 2 1.0762e-43
0 35 3 2.64703e-43
0 35 4 6.25535e-43
0 35 5 1.42028e-42
0 35 6 3.0983e-42
0 35 7 6.49383e-42
0 35 8 1.3077e-41
0 35 9 2.53012e-41
0 35 10 4.70331e-41
0 35 11 8.4003e-41
0 35 12 1.4415e-40
0 35 13 2.37663e-40
0 35 14 3.76475e-40
0 35 15 5.72981e-40
0 35 16 8.37861e-40
0 35 17 1.17715e-39
0 35 18 1.58899e-39
0 35 19 2.06081e-39
0 35 20 2.56792e-39
0 35 21 3.07436e-39
0 35 22 3.53636e-39
0 35 23 3.90828e-39
0 35 24 4.14995e-39
0 35 25 4.23379e-39
0 35 26 4.14995e-39
0 35 27 3.90828e-39
0 35 28 3.53636e-39
0 35 29 3.07436e-39
0 35 30 2.56792e-39
0 35 31 2.06081e-39
0 35 32 1.58899e-39
0 35 33 1.17715e-39
0 35 34 8.37861e-40
0 35 35 5.72981e-40
0 35 36 3.76475e-40
0 35 37 2.37663e-40
0 35 38 1.4415e-40
0 35 39 8.4003e-41
0 35 40 4.70331e-41
0 35 41 2.53012e-41
0 35 42 1.3077e-41
0 35 43 6.49383e-42
0 35 44 3.0983e-42
0 35 45 1.42028e-42
0 35 46 6.25535e-43
0 35 47 2.64703e-43
0 35 48 1.0762e-43
0 35 49 3.52903e-76
0 36 0 8.70249e-77
0 36 1 2.76219e-44
0 36 2 7.07115e-44
0 36 3 1.73922e-43
0 36 4 4.11006e-43
0 36 5 9.33189e-43
0 36 6 2.03573e-42
0 36 7 4.26675e-42
0 36 8 8.59218e-42
0 36 9 1.66241e-41
0 36 10 3.0903e-41
0 36 11 5.51939e-41
0 36 12 9.47131e-41
0 36 13 1.56156e-40
0 36 14 2.47362e-40
0 36 15 3.76475e-40
0 36 16 5.50514e-40
0 36 17 7.73443e-40
0 36 18 1.04404e-39
0 36 19 1.35405e-39
0 36 20 1.68725e-39
0 36 21 2.02e-39
0 36 22 2.32355e-39
0 36 23 2.56792e-39
0 36 24 2.72671e-39
0 36 25 2.7818e-39
0 36 26 2.72671e-39
0 36 27 2.56792e-39
0 36 28 2.32355e-39
0 36 29 2.02e-39
0 36 30 1.68725e-39
0 36 31 1.35405e-39
0 36 32 1.04404e-39
0 36 33 7.73443e-40
0 36 34 5.50514e-40
0 36 35 3.76475e-40
0 36 36 2.47362e-40
0 36 37 1.56156e-40
0 36 38 9.47131e-41
0 36 39 5.51939e-41
0 36 40 3.0903e-41
0 36 41 1.66241e-41
0 36 42 8.59218e-42
0 36 43 4.26675e-42
0 36 44 2.03573e-42
0 36 45 9.33189e-43
0 36 46 4.11006e-43
0 36 47 1.73922e-43
0 36 48 7.07115e-44
0 36 49 2.31874e-76
0 37 0 5.49374e-77
0 37 1 1.74372e-44
0 37 2 4.4639e-44
0 37 3 1.09794e-43
0 37 4 2.59461e-43
0 37 5 5.89107e-43
0 37 6 1.28512e-42
0 37 7 2.69353e-42
0 37 8 5.4241e-42
0 37 9 1.04945e-41
0 37 10 1.95085e-41
0 37 11 3.4843e-41
0 37 12 5.97908e-41
0 37 13 9.85784e-41
0 37 14 1.56156e-40
0 37 15 2.37663e-40
0 37 16 3.4753e-40
0 37 17 4.88262e-40
0 37 18 6.59085e-40
0 37 19 8.54787e-40
0 37 20 1.06513e-39
0 37 21 1.27519e-39
0 37 22 1.46682e-39
0 37 23 1.62109e-39
0 37 24 1.72133e-39
0 37 25 1.7561e-39
0 37 26 1.72133e-39
0 37 27 1.62109e-39
0 37 28 1.46682e-39
0 37 29 1.27519e-39
0 37 30 1.06513e-39
0 37 31 8.54787e-40
0 37 32 6.59085e-40
0 37 33 4.88262e-40
0 37 34 3.4753e-40
0 37 35 2.37663e-40
0 37 36 1.56156e-40
0 37 37 9.85784e-41
0 37 38 5.97908e-41
0 37 39 3.4843e-41
0 37 40 1.95085e-41
0 37 41 1.04945e-41
0 37 42 5.4241e-42
0 37 43 2.69353e-42
0 37 44 1.28512e-42
0 37 45 5.89107e-43
0 37 46 2.59461e-43
0 37 47 1.09794e-43
0 37 48 4.4639e-44
0 37 49 1.46378e-76
0 38 0 3.33212e-77
0 38 1 1.05762e-44
0 38 2 2.70749e-44
0 38 3 6.65935e-44
0 38 4 1.57371e-43
0 38 5 3.57311e-43
0 38 6 7.79465e-43
0 38 7 1.63371e-42
0 38 8 3.28988e-42
0 38 9 6.36524e-42
0 38 10 1.18325e-41
0 38 11 2.11334e-41
0 38 12 3.6265e-41
0 38 13 5.97908e-41
0 38 14 9.47131e-41
0 38 15 1.4415e-40
0 38 16 2.10788e-40
0 38 17 2.96146e-40
0 38 18 3.99755e-40
0 38 19 5.18455e-40
0 38 20 6.46034e-40
0 38 21 7.73443e-40
0 38 22 8.89672e-40
0 38 23 9.83239e-40
0 38 24 1.04404e-39
0 38 25 1.06513e-39
0 38 26 1.04404e-39
0 38 27 9.83239e-40
0 38 28 8.89672e-40
0 38 29 7.73443e-40
0 38 30 6.46034e-40
0 38 31 5.18455e-40
0 38 32 3.99755e-40
0 38 33 2.96146e-40
0 38 34 2.10788e-40
0 38 35 1.4415e-40
0 38 36 9.47131e-41
0 38 37 5.97908e-41
0 38 38 3.6265e-41
0 38 39 2.11334e-41
0 38 40 1.18325e-41
0 38 41 6.36524e-42
0 38 42 3.28988e-42
0 38 43 1.63371e-42
0 38 44 7.79465e-43
0 38 45 3.57311e-43
0 38 46 1.57371e-43
0 38 47 6.65935e-44
0 38 48 2.70749e-44
0 38 49 8.87829e-77
0 39 0 1.94179e-77
0 39 1 6.16327e-45
0 39 2 1.57779e-44
0 39 3 3.88073e-44
0 39 4 9.17078e-44
0 39 5 2.08223e-43
0 39 6 4.54232e-43
0 39 7 9.52041e-43
0 39 8 1.91717e-42
0 39 9 3.70933e-42
0 39 10 6.89539e-42
0 39 11 1.23154e-41
0 39 12 2.11334e-41
0 39 13 3.4843e-41
0 39 14 5.51939e-41
0 39 15 8.4003e-41
0 39 16 1.22836e-40
0 39 17 1.72579e-40
0 39 18 2.32957e-40
0 39 19 3.02129e-40
0 39 20 3.76475e-40
0 39 21 4.50723e-40
0 39 22 5.18455e-40
0 39 23 5.72981e-40
0 39 24 6.08412e-40
0 39 25 6.20703e-40
0 39 26 6.08412e-40
0 39 27 5.72981e-40
0 39 28 5.18455e-40
0 39 29 4.50723e-40
0 39 30 3.76475e-40
0 39 31 3.02129e-40
0 39 32 2.32957e-40
0 39 33 1.72579e-40
0 39 34 1.22836e-40
0 39 35 8.4003e-41
0 39 36 5.51939e-41
0 39 37 3.4843e-41
0 39 38 2.11334e-41
0 39 39 1.23154e-41
0 39 40 6.89539e-42
0 39 41 3.70933e-42
0 39 42 1.91717e-42
0 39 43 9.52041e-43
0 39 44 4.54232e-43
0 39 45 2.08223e-43
0 39 46 9.17078e-44
0 39 47 3.88073e-44
0 39 48 1.57779e-44
0 39 49 5.17381e-77
0 40 0 1.0872e-77
0 40 1 3.45081e-45
0 40 2 8.834e-45
0 40 3 2.17281e-44
0 40 4 5.13471e-44
0 40 5 1.16583e-43
0 40 6 2.54324e-43
0 40 7 5.33046e-43
0 40 8 1.07342e-42
0 40 9 2.07685e-42
0 40 10 3.86072e-42
0 40 11 6.89539e-42
0 40 12 1.18325e-41
0 40 13 1.95085e-41
0 40 14 3.0903e-41
0 40 15 4.70331e-41
0 40 16 6.87758e-41
0 40 17 9.66264e-41
0 40 18 1.30432e-40
0 40 19 1.69161e-40
0 40 20 2.10788e-40
0 40 21 2.52359e-40
0 40 22 2.90282e-40
0 40 23 3.20811e-40
0 40 24 3.40649e-40
0 40 25 3.4753e-40
0 40 26 3.40649e-40
0 40 27 3.20811e-40
0 40 28 2.90282e-40
0 40 29 2.52359e-40
0 40 30 2.10788e-40
0 40 31 1.69161e-40
0 40 32 1.30432e-40
0 40 33 9.66264e-41
0 40 34 6.87758e-41
0 40 35 4.70331e-41
0 40 36 3.0903e-41
0 40 37 1.95085e-41
0 40 38 1.18325e-41
0 40 39 6.89539e-42
0 40 40 3.86072e-42
0 40 41 2.07685e-42
0 40 42 1.07342e-42
0 40 43 5.33046e-43
0 40 44 2.54324e-43
0 40 45 1.16583e-43
0 40 46 5.13471e-44
0 40 47 2.17281e-44
0 40 48 8.834e-45
0 40 49 2.89681e-77
0 41 0 5.84855e-78
0 41 1 1.85634e-45
0 41 2 4.7522e-45
0 41 3 1.16885e-44
0 41 4 2.76219e-44
0 41 5 6.27154e-44
0 41 6 1.36812e-43
