0 0 0 1.8137e-51
0 0 1 1.47674e-39
0 0 2 3.78044e-39
0 0 3 9.29838e-39
0 0 4 2.19736e-38
0 0 5 4.9891e-38
0 0 6 1.08836e-37
0 0 7 2.28113e-37
0 0 8 4.59363e-37
0 0 9 8.88771e-37
0 0 10 1.65216e-36
0 0 11 2.95082e-36
0 0 12 5.06363e-36
0 0 13 8.34852e-36
0 0 14 1.32247e-35
0 0 15 2.01274e-35
0 0 16 2.94321e-35
0 0 17 4.13505e-35
0 0 18 5.58173e-35
0 0 19 7.23912e-35
0 0 20 9.0205e-35
0 0 21 1.07995e-34
0 0 22 1.24224e-34
0 0 23 1.37288e-34
0 0 24 1.45778e-34
0 0 25 1.48723e-34
0 0 26 1.45778e-34
0 0 27 1.37288e-34
0 0 28 1.24224e-34
0 0 29 1.07995e-34
0 0 30 9.0205e-35
0 0 31 7.23912e-35
0 0 32 5.58173e-35
0 0 33 4.13505e-35
0 0 34 2.94321e-35
0 0 35 2.01274e-35
0 0 36 1.32247e-35
0 0 37 8.34852e-36
0 0 38 5.06363e-36
0 0 39 2.95082e-36
0 0 40 1.65216e-36
0 0 41 8.88771e-37
0 0 42 4.59363e-37
0 0 43 2.28113e-37
0 0 44 1.08836e-37
0 0 45 4.9891e-38
0 0 46 2.19736e-38
0 0 47 9.29838e-39
0 0 48 3.78044e-39
0 0 49 4.83254e-51
0 1 0 1.47674e-39
0 1 1 1.20239e-27
0 1 2 3.07809e-27
0 1 3 7.57087e-27
0 1 4 1.78912e-26
0 1 5 4.06219e-26
0 1 6 8.86156e-26
0 1 7 1.85733e-25
0 1 8 3.7402e-25
0 1 9 7.2365e-25
0 1 10 1.34521e-24
0 1 11 2.4026e-24
0 1 12 4.12288e-24
0 1 13 6.79749e-24
0 1 14 1.07677e-23
0 1 15 1.63881e-23
0 1 16 2.3964e-23
0 1 17 3.36682e-23
0 1 18 4.54473e-23
0 1 19 5.89419e-23
0 1 20 7.34462e-23
0 1 21 8.7931e-23
0 1 22 1.01145e-22
0 1 23 1.11782e-22
0 1 24 1.18694e-22
0 1 25 1.21092e-22
0 1 26 1.18694e-22
0 1 27 1.11782e-22
0 1 28 1.01145e-22
0 1 29 8.7931e-23
0 1 30 7.34462e-23
0 1 31 5.89419e-23
0 1 32 4.54473e-23
0 1 33 3.36682e-23
0 1 34 2.3964e-23
0 1 35 1.63881e-23
0 1 36 1.07677e-23
0 1 37 6.79749e-24
0 1 38 4.12288e-24
0 1 39 2.4026e-24
0 1 40 1.34521e-24
0 1 41 7.2365e-25
0 1 42 3.7402e-25
0 1 43 1.85733e-25
0 1 44 8.86156e-26
0 1 45 4.06219e-26
0 1 46 1.78912e-26
0 1 47 7.57087e-27
0 1 48 3.07809e-27
0 1 49 3.93472e-39
0 2 0 3.78044e-39
0 2 1 3.07809e-27
0 2 2 7.87984e-27
0 2 3 1.93813e-26
0 2 4 4.58011e-26
0 2 5 1.03991e-25
0 2 6 2.26854e-25
0 2 7 4.75472e-25
0 2 8 9.57483e-25
0 2 9 1.85253e-24
0 2 10 3.44372e-24
0 2 11 6.15062e-24
0 2 12 1.05545e-23
0 2 13 1.74014e-23
0 2 14 2.75652e-23
0 2 15 4.19531e-23
0 2 16 6.13474e-23
0 2 17 8.61899e-23
0 2 18 1.16344e-22
0 2 19 1.5089e-22
0 2 20 1.88021e-22
0 2 21 2.25102e-22
0 2 22 2.58929e-22
0 2 23 2.8616e-22
0 2 24 3.03856e-22
0 2 25 3.09994e-22
0 2 26 3.03856e-22
0 2 27 2.8616e-22
0 2 28 2.58929e-22
0 2 29 2.25102e-22
0 2 30 1.88021e-22
0 2 31 1.5089e-22
0 2 32 1.16344e-22
0 2 33 8.61899e-23
0 2 34 6.13474e-23
0 2 35 4.19531e-23
0 2 36 2.75652e-23
0 2 37 1.74014e-23
0 2 38 1.05545e-23
0 2 39 6.15062e-24
0 2 40 3.44372e-24
0 2 41 1.85253e-24
0 2 42 9.57483e-25
0 2 43 4.75472e-25
0 2 44 2.26854e-25
0 2 45 1.03991e-25
0 2 46 4.58011e-26
0 2 47 1.93813e-26
0 2 48 7.87984e-27
0 2 49 1.00728e-38
0 3 0 9.29838e-39
0 3 1 7.57087e-27
0 3 2 1.93813e-26
0 3 3 4.76703e-26
0 3 4 1.12653e-25
0 3 5 2.55778e-25
0 3 6 5.57972e-25
0 3 7 1.16947e-24
0 3 8 2.35503e-24
0 3 9 4.55649e-24
0 3 10 8.47019e-24
0 3 11 1.51281e-23
0 3 12 2.59599e-23
0 3 13 4.28006e-23
0 3 14 6.77994e-23
0 3 15 1.03188e-22
0 3 16 1.5089e-22
0 3 17 2.11993e-22
0 3 18 2.8616e-22
0 3 19 3.7113e-22
0 3 20 4.62457e-22
0 3 21 5.53661e-22
0 3 22 6.36862e-22
0 3 23 7.03841e-22
0 3 24 7.47364e-22
0 3 25 7.62462e-22
0 3 26 7.47364e-22
0 3 27 7.03841e-22
0 3 28 6.36862e-22
0 3 29 5.53661e-22
0 3 30 4.62457e-22
0 3 31 3.7113e-22
0 3 32 2.8616e-22
0 3 33 2.11993e-22
0 3 34 1.5089e-22
0 3 35 1.03188e-22
0 3 36 6.77994e-23
0 3 37 4.28006e-23
0 3 38 2.59599e-23
0 3 39 1.51281e-23
0 3 40 8.47019e-24
0 3 41 4.55649e-24
0 3 42 2.35503e-24
0 3 43 1.16947e-24
0 3 44 5.57972e-25
0 3 45 2.55778e-25
0 3 46 1.12653e-25
0 3 47 4.76703e-26
0 3 48 1.93813e-26
0 3 49 2.47751e-38
0 4 0 2.19736e-38
0 4 1 1.78912e-26
0 4 2 4.58011e-26
0 4 3 1.12653e-25
0 4 4 2.66216e-25
0 4 5 6.04443e-25
0 4 6 1.31858e-24
0 4 7 2.76365e-24
0 4 8 5.56531e-24
0 4 9 1.07677e-23
0 4 10 2.00164e-23
0 4 11 3.57501e-23
0 4 12 6.13474e-23
0 4 13 1.01145e-22
0 4 14 1.60221e-22
0 4 15 2.4385e-22
0 4 16 3.56578e-22
0 4 17 5.00973e-22
0 4 18 6.76243e-22
0 4 19 8.7704e-22
0 4 20 1.09286e-21
0 4 21 1.30839e-21
0 4 22 1.50501e-21
0 4 23 1.66329e-21
0 4 24 1.76614e-21
0 4 25 1.80182e-21
0 4 26 1.76614e-21
0 4 27 1.66329e-21
0 4 28 1.50501e-21
0 4 29 1.30839e-21
0 4 30 1.09286e-21
0 4 31 8.7704e-22
0 4 32 6.76243e-22
0 4 33 5.00973e-22
0 4 34 3.56578e-22
0 4 35 2.4385e-22
0 4 36 1.60221e-22
0 4 37 1.01145e-22
0 4 38 6.13474e-23
0 4 39 3.57501e-23
0 4 40 2.00164e-23
0 4 41 1.07677e-23
0 4 42 5.56531e-24
0 4 43 2.76365e-24
0 4 44 1.31858e-24
0 4 45 6.04443e-25
0 4 46 2.66216e-25
0 4 47 1.12653e-25
0 4 48 4.58011e-26
0 4 49 5.85476e-38
0 5 0 4.9891e-38
0 5 1 4.06219e-26
0 5 2 1.03991e-25
0 5 3 2.55778e-25
0 5 4 6.04443e-25
0 5 5 1.37239e-24
0 5 6 2.99383e-24
0 5 7 6.27487e-24
0 5 8 1.2636e-23
0 5 9 2.44481e-23
0 5 10 4.54473e-23
0 5 11 8.11706e-23
0 5 12 1.39289e-22
0 5 13 2.29649e-22
0 5 14 3.63781e-22
0 5 15 5.53661e-22
0 5 16 8.0961e-22
0 5 17 1.13746e-21
0 5 18 1.53541e-21
0 5 19 1.99132e-21
0 5 20 2.48134e-21
0 5 21 2.9707e-21
0 5 22 3.41712e-21
0 5 23 3.7765e-21
0 5 24 4.01003e-21
0 5 25 4.09103e-21
0 5 26 4.01003e-21
0 5 27 3.7765e-21
0 5 28 3.41712e-21
0 5 29 2.9707e-21
0 5 30 2.48134e-21
0 5 31 1.99132e-21
0 5 32 1.53541e-21
0 5 33 1.13746e-21
0 5 34 8.0961e-22
0 5 35 5.53661e-22
0 5 36 3.63781e-22
0 5 37 2.29649e-22
0 5 38 1.39289e-22
0 5 39 8.11706e-23
0 5 40 4.54473e-23
0 5 41 2.44481e-23
0 5 42 1.2636e-23
0 5 43 6.27487e-24
0 5 44 2.99383e-24
0 5 45 1.37239e-24
0 5 46 6.04443e-25
0 5 47 2.55778e-25
0 5 48 1.03991e-25
0 5 49 1.32932e-37
0 6 0 1.08836e-37
0 6 1 8.86156e-26
0 6 2 2.26854e-25
0 6 3 5.57972e-25
0 6 4 1.31858e-24
0 6 5 2.99383e-24
0 6 6 6.53095e-24
0 6 7 1.36885e-23
0 6 8 2.75652e-23
0 6 9 5.33329e-23
0 6 10 9.9142e-23
0 6 11 1.77071e-22
0 6 12 3.03856e-22
0 6 13 5.00973e-22
0 6 14 7.93579e-22
0 6 15 1.2078e-21
0 6 16 1.76614e-21
0 6 17 2.48134e-21
0 6 18 3.34945e-21
0 6 19 4.34401e-21
0 6 20 5.41297e-21
0 6 21 6.4805e-21
0 6 22 7.45435e-21
0 6 23 8.23833e-21
0 6 24 8.74776e-21
0 6 25 8.92448e-21
0 6 26 8.74776e-21
0 6 27 8.23833e-21
0 6 28 7.45435e-21
0 6 29 6.4805e-21
0 6 30 5.41297e-21
0 6 31 4.34401e-21
0 6 32 3.34945e-21
0 6 33 2.48134e-21
0 6 34 1.76614e-21
0 6 35 1.2078e-21
0 6 36 7.93579e-22
0 6 37 5.00973e-22
0 6 38 3.03856e-22
0 6 39 1.77071e-22
0 6 40 9.9142e-23
0 6 41 5.33329e-23
0 6 42 2.75652e-23
0 6 43 1.36885e-23
0 6 44 6.53095e-24
0 6 45 2.99383e-24
0 6 46 1.31858e-24
0 6 47 5.57972e-25
0 6 48 2.26854e-25
0 6 49 2.89988e-37
0 7 0 2.28113e-37
0 7 1 1.85733e-25
0 7 2 4.75472e-25
0 7 3 1.16947e-24
0 7 4 2.76365e-24
0 7 5 6.27487e-24
0 7 6 1.36885e-23
0 7 7 2.86901e-23
0 7 8 5.77748e-23
0 7 9 1.11782e-22
0 7 10 2.07795e-22
0 7 11 3.7113e-22
0 7 12 6.36862e-22
0 7 13 1.05001e-21
0 7 14 1.66329e-21
0 7 15 2.53146e-21
0 7 16 3.70172e-21
0 7 17 5.20072e-21
0 7 18 7.02024e-21
0 7 19 9.10476e-21
0 7 20 1.13452e-20
0 7 21 1.35827e-20
0 7 22 1.56238e-20
0 7 23 1.7267e-20
0 7 24 1.83347e-20
0 7 25 1.87051e-20
0 7 26 1.83347e-20
0 7 27 1.7267e-20
0 7 28 1.56238e-20
0 7 29 1.35827e-20
0 7 30 1.13452e-20
0 7 31 9.10476e-21
0 7 32 7.02024e-21
0 7 33 5.20072e-21
0 7 34 3.70172e-21
0 7 35 2.53146e-21
0 7 36 1.66329e-21
0 7 37 1.05001e-21
0 7 38 6.36862e-22
0 7 39 3.7113e-22
0 7 40 2.07795e-22
0 7 41 1.11782e-22
0 7 42 5.77748e-23
0 7 43 2.86901e-23
0 7 44 1.36885e-23
0 7 45 6.27487e-24
0 7 46 2.76365e-24
0 7 47 1.16947e-24
0 7 48 4.75472e-25
0 7 49 6.07796e-37
0 8 0 4.59363e-37
0 8 1 3.7402e-25
0 8 2 9.57483e-25
0 8 3 2.35503e-24
0 8 4 5.56531e-24
0 8 5 1.2636e-23
0 8 6 2.75652e-23
0 8 7 5.77748e-23
0 8 8 1.16344e-22
0 8 9 2.25102e-22
0 8 10 4.18448e-22
0 8 11 7.47364e-22
0 8 12 1.28248e-21
0 8 13 2.11446e-21
0 8 14 3.34945e-21
0 8 15 5.09774e-21
0 8 16 7.45435e-21
0 8 17 1.0473e-20
0 8 18 1.4137e-20
0 8 19 1.83347e-20
0 8 20 2.28465e-20
0 8 21 2.73522e-20
0 8 22 3.14625e-20
0 8 23 3.47715e-20
0 8 24 3.69216e-20
0 8 25 3.76675e-20
0 8 26 3.69216e-20
0 8 27 3.47715e-20
0 8 28 3.14625e-20
0 8 29 2.73522e-20
0 8 30 2.28465e-20
0 8 31 1.83347e-20
0 8 32 1.4137e-20
0 8 33 1.0473e-20
0 8 34 7.45435e-21
0 8 35 5.09774e-21
0 8 36 3.34945e-21
0 8 37 2.11446e-21
0 8 38 1.28248e-21
0 8 39 7.47364e-22
0 8 40 4.18448e-22
0 8 41 2.25102e-22
0 8 42 1.16344e-22
0 8 43 5.77748e-23
0 8 44 2.75652e-23
0 8 45 1.2636e-23
0 8 46 5.56531e-24
0 8 47 2.35503e-24
0 8 48 9.57483e-25
0 8 49 1.22395e-36
0 9 0 8.88771e-37
0 9 1 7.2365e-25
0 9 2 1.85253e-24
0 9 3 4.55649e-24
0 9 4 1.07677e-23
0 9 5 2.44481e-23
0 9 6 5.33329e-23
0 9 7 1.11782e-22
0 9 8 2.25102e-22
0 9 9 4.35525e-22
0 9 10 8.0961e-22
0 9 11 1.44599e-21
0 9 12 2.48134e-21
0 9 13 4.09103e-21
0 9 14 6.4805e-21
0 9 15 9.86307e-21
0 9 16 1.44226e-20
0 9 17 2.0263e-20
0 9 18 2.73522e-20
0 9 19 3.54739e-20
0 9 20 4.42032e-20
0 9 21 5.29209e-20
0 9 22 6.08735e-20
0 9 23 6.72756e-20
0 9 24 7.14357e-20
0 9 25 7.28788e-20
0 9 26 7.14357e-20
0 9 27 6.72756e-20
0 9 28 6.08735e-20
0 9 29 5.29209e-20
0 9 30 4.42032e-20
0 9 31 3.54739e-20
0 9 32 2.73522e-20
0 9 33 2.0263e-20
0 9 34 1.44226e-20
0 9 35 9.86307e-21
0 9 36 6.4805e-21
0 9 37 4.09103e-21
0 9 38 2.48134e-21
0 9 39 1.44599e-21
0 9 40 8.0961e-22
0 9 41 4.35525e-22
0 9 42 2.25102e-22
0 9 43 1.11782e-22
0 9 44 5.33329e-23
0 9 45 2.44481e-23
0 9 46 1.07677e-23
0 9 47 4.55649e-24
0 9 48 1.85253e-24
0 9 49 2.36809e-36
0 10 0 1.65216e-36
0 10 1 1.34521e-24
0 10 2 3.44372e-24
0 10 3 8.47019e-24
0 10 4 2.00164e-23
0 10 5 4.54473e-23
0 10 6 9.9142e-23
0 10 7 2.07795e-22
0 10 8 4.18448e-22
0 10 9 8.0961e-22
0 10 10 1.50501e-21
0 10 11 2.688e-21
0 10 12 4.61263e-21
0 10 13 7.60494e-21
0 10 14 1.20468e-20
0 10 15 1.83347e-20
0 10 16 2.68106e-20
0 10 17 3.76675e-20
0 10 18 5.08458e-20
0 10 19 6.59434e-20
0 10 20 8.21706e-20
0 10 21 9.83761e-20
0 10 22 1.13159e-19
0 10 23 1.2506e-19
0 10 24 1.32794e-19
0 10 25 1.35476e-19
0 10 26 1.32794e-19
0 10 27 1.2506e-19
0 10 28 1.13159e-19
0 10 29 9.83761e-20
0 10 30 8.21706e-20
0 10 31 6.59434e-20
0 10 32 5.08458e-20
0 10 33 3.76675e-20
0 10 34 2.68106e-20
0 10 35 1.83347e-20
0 10 36 1.20468e-20
0 10 37 7.60494e-21
0 10 38 4.61263e-21
0 10 39 2.688e-21
0 10 40 1.50501e-21
0 10 41 8.0961e-22
0 10 42 4.18448e-22
0 10 43 2.07795e-22
0 10 44 9.9142e-23
0 10 45 4.54473e-23
0 10 46 2.00164e-23
0 10 47 8.47019e-24
0 10 48 3.44372e-24
0 10 49 4.40211e-36
0 11 0 2.95082e-36
0 11 1 2.4026e-24
0 11 2 6.15062e-24
0 11 3 1.51281e-23
0 11 4 3.57501e-23
0 11 5 8.11706e-23
0 11 6 1.77071e-22
0 11 7 3.7113e-22
0 11 8 7.47364e-22
0 11 9 1.44599e-21
0 11 10 2.688e-21
0 11 11 4.80087e-21
0 11 12 8.23833e-21
0 11 13 1.35827e-20
0 11 14 2.1516e-20
0 11 15 3.27465e-20
0 11 16 4.78848e-20
0 11 17 6.72756e-20
0 11 18 9.08126e-20
0 11 19 1.17778e-19
0 11 20 1.4676e-19
0 11 21 1.75703e-19
0 11 22 2.02107e-19
0 11 23 2.23363e-19
0 11 24 2.37175e-19
0 11 25 2.41966e-19
0 11 26 2.37175e-19
0 11 27 2.23363e-19
0 11 28 2.02107e-19
0 11 29 1.75703e-19
0 11 30 1.4676e-19
0 11 31 1.17778e-19
0 11 32 9.08126e-20
0 11 33 6.72756e-20
0 11 34 4.78848e-20
0 11 35 3.27465e-20
0 11 36 2.1516e-20
0 11 37 1.35827e-20
0 11 38 8.23833e-21
0 11 39 4.80087e-21
0 11 40 2.688e-21
0 11 41 1.44599e-21
0 11 42 7.47364e-22
0 11 43 3.7113e-22
0 11 44 1.77071e-22
0 11 45 8.11706e-23
0 11 46 3.57501e-23
0 11 47 1.51281e-23
0 11 48 6.15062e-24
0 11 49 7.86234e-36
0 12 0 5.06363e-36
0 12 1 4.12288e-24
0 12 2 1.05545e-23
0 12 3 2.59599e-23
0 12 4 6.13474e-23
0 12 5 1.39289e-22
0 12 6 3.03856e-22
0 12 7 6.36862e-22
0 12 8 1.28248e-21
0 12 9 2.48134e-21
0 12 10 4.61263e-21
0 12 11 8.23833e-21
0 12 12 1.4137e-20
0 12 13 2.3308e-20
0 12 14 3.69216e-20
0 12 15 5.61933e-20
0 12 16 8.21706e-20
0 12 17 1.15445e-19
0 12 18 1.55835e-19
0 12 19 2.02107e-19
0 12 20 2.51841e-19
0 12 21 3.01508e-19
0 12 22 3.46817e-19
0 12 23 3.83292e-19
0 12 24 4.06994e-19
0 12 25 4.15215e-19
0 12 26 4.06994e-19
0 12 27 3.83292e-19
0 12 28 3.46817e-19
0 12 29 3.01508e-19
0 12 30 2.51841e-19
0 12 31 2.02107e-19
0 12 32 1.55835e-19
0 12 33 1.15445e-19
0 12 34 8.21706e-20
0 12 35 5.61933e-20
0 12 36 3.69216e-20
0 12 37 2.3308e-20
0 12 38 1.4137e-20
0 12 39 8.23833e-21
0 12 40 4.61263e-21
0 12 41 2.48134e-21
0 12 42 1.28248e-21
0 12 43 6.36862e-22
0 12 44 3.03856e-22
0 12 45 1.39289e-22
0 12 46 6.13474e-23
0 12 47 2.59599e-23
0 12 48 1.05545e-23
0 12 49 1.34918e-35
0 13 0 8.34852e-36
0 13 1 6.79749e-24
0 13 2 1.74014e-23
0 13 3 4.28006e-23
0 13 4 1.01145e-22
0 13 5 2.29649e-22
0 13 6 5.00973e-22
0 13 7 1.05001e-21
0 13 8 2.11446e-21
0 13 9 4.09103e-21
0 13 10 7.60494e-21
0 13 11 1.35827e-20
0 13 12 2.3308e-20
0 13 13 3.84284e-20
0 13 14 6.08735e-20
0 13 15 9.26471e-20
0 13 16 1.35476e-19
0 13 17 1.90337e-19
0 13 18 2.56928e-19
0 13 19 3.33218e-19
0 13 20 4.15215e-19
0 13 21 4.97103e-19
0 13 22 5.71805e-19
0 13 23 6.31942e-19
0 13 24 6.71019e-19
0 13 25 6.84575e-19
0 13 26 6.71019e-19
0 13 27 6.31942e-19
0 13 28 5.71805e-19
0 13 29 4.97103e-19
0 13 30 4.15215e-19
0 13 31 3.33218e-19
0 13 32 2.56928e-19
0 13 33 1.90337e-19
0 13 34 1.35476e-19
0 13 35 9.26471e-20
0 13 36 6.08735e-20
0 13 37 3.84284e-20
0 13 38 2.3308e-20
0 13 39 1.35827e-20
0 13 40 7.60494e-21
0 13 41 4.09103e-21
0 13 42 2.11446e-21
0 13 43 1.05001e-21
0 13 44 5.00973e-22
0 13 45 2.29649e-22
0 13 46 1.01145e-22
0 13 47 4.28006e-23
0 13 48 1.74014e-23
0 13 49 2.22443e-35
0 14 0 1.32247e-35
0 14 1 1.07677e-23
0 14 2 2.75652e-23
0 14 3 6.77994e-23
0 14 4 1.60221e-22
0 14 5 3.63781e-22
0 14 6 7.93579e-22
0 14 7 1.66329e-21
0 14 8 3.34945e-21
0 14 9 6.4805e-21
0 14 10 1.20468e-20
0 14 11 2.1516e-20
0 14 12 3.69216e-20
0 14 13 6.08735e-20
0 14 14 9.64281e-20
0 14 15 1.4676e-19
0 14 16 2.14605e-19
0 14 17 3.01508e-19
0 14 18 4.06994e-19
0 14 19 5.27842e-19
0 14 20 6.57732e-19
0 14 21 7.87448e-19
0 14 22 9.05781e-19
0 14 23 1.00104e-18
0 14 24 1.06294e-18
0 14 25 1.08442e-18
0 14 26 1.06294e-18
0 14 27 1.00104e-18
0 14 28 9.05781e-19
0 14 29 7.87448e-19
0 14 30 6.57732e-19
0 14 31 5.27842e-19
0 14 32 4.06994e-19
0 14 33 3.01508e-19
0 14 34 2.14605e-19
0 14 35 1.4676e-19
0 14 36 9.64281e-20
0 14 37 6.08735e-20
0 14 38 3.69216e-20
0 14 39 2.1516e-20
0 14 40 1.20468e-20
0 14 41 6.4805e-21
0 14 42 3.34945e-21
0 14 43 1.66329e-21
0 14 44 7.93579e-22
0 14 45 3.63781e-22
0 14 46 1.60221e-22
0 14 47 6.77994e-23
0 14 48 2.75652e-23
0 14 49 3.52366e-35
0 15 0 2.01274e-35
0 15 1 1.63881e-23
0 15 2 4.19531e-23
0 15 3 1.03188e-22
0 15 4 2.4385e-22
0 15 5 5.53661e-22
0 15 6 1.2078e-21
0 15 7 2.53146e-21
0 15 8 5.09774e-21
0 15 9 9.86307e-21
0 15 10 1.83347e-20
0 15 11 3.27465e-20
0 15 12 5.61933e-20
0 15 13 9.26471e-20
0 15 14 1.4676e-19
0 15 15 2.23363e-19
0 15 16 3.2662e-19
0 15 17 4.58884e-19
0 15 18 6.19429e-19
0 15 19 8.03356e-19
0 15 20 1.00104e-18
0 15 21 1.19847e-18
0 15 22 1.37856e-18
0 15 23 1.52355e-18
0 15 24 1.61776e-18
0 15 25 1.65044e-18
0 15 26 1.61776e-18
0 15 27 1.52355e-18
0 15 28 1.37856e-18
0 15 29 1.19847e-18
0 15 30 1.00104e-18
0 15 31 8.03356e-19
0 15 32 6.19429e-19
0 15 33 4.58884e-19
0 15 34 3.2662e-19
0 15 35 2.23363e-19
0 15 36 1.4676e-19
0 15 37 9.26471e-20
0 15 38 5.61933e-20
0 15 39 3.27465e-20
0 15 40 1.83347e-20
0 15 41 9.86307e-21
0 15 42 5.09774e-21
0 15 43 2.53146e-21
0 15 44 1.2078e-21
0 15 45 5.53661e-22
0 15 46 2.4385e-22
0 15 47 1.03188e-22
0 15 48 4.19531e-23
0 15 49 5.36287e-35
0 16 0 2.94321e-35
0 16 1 2.3964e-23
0 16 2 6.13474e-23
0 16 3 1.5089e-22
0 16 4 3.56578e-22
0 16 5 8.0961e-22
0 16 6 1.76614e-21
0 16 7 3.70172e-21
0 16 8 7.45435e-21
0 16 9 1.44226e-20
0 16 10 2.68106e-20
0 16 11 4.78848e-20
0 16 12 8.21706e-20
0 16 13 1.35476e-19
0 16 14 2.14605e-19
0 16 15 3.2662e-19
0 16 16 4.77611e-19
0 16 17 6.71019e-19
0 16 18 9.05781e-19
0 16 19 1.17473e-18
0 16 20 1.46381e-18
0 16 21 1.7525e-18
0 16 22 2.01585e-18
0 16 23 2.22786e-18
0 16 24 2.36562e-18
0 16 25 2.41341e-18
0 16 26 2.36562e-18
0 16 27 2.22786e-18
0 16 28 2.01585e-18
0 16 29 1.7525e-18
0 16 30 1.46381e-18
0 16 31 1.17473e-18
0 16 32 9.05781e-19
0 16 33 6.71019e-19
0 16 34 4.77611e-19
0 16 35 3.2662e-19
0 16 36 2.14605e-19
0 16 37 1.35476e-19
0 16 38 8.21706e-20
0 16 39 4.78848e-20
0 16 40 2.68106e-20
0 16 41 1.44226e-20
0 16 42 7.45435e-21
0 16 43 3.70172e-21
0 16 44 1.76614e-21
0 16 45 8.0961e-22
0 16 46 3.56578e-22
0 16 47 1.5089e-22
0 16 48 6.13474e-23
0 16 49 7.84204e-35
0 17 0 4.13505e-35
0 17 1 3.36682e-23
0 17 2 8.61899e-23
0 17 3 2.11993e-22
0 17 4 5.00973e-22
0 17 5 1.13746e-21
0 17 6 2.48134e-21
0 17 7 5.20072e-21
0 17 8 1.0473e-20
0 17 9 2.0263e-20
0 17 10 3.76675e-20
0 17 11 6.72756e-20
0 17 12 1.15445e-19
0 17 13 1.90337e-19
0 17 14 3.01508e-19
0 17 15 4.58884e-19
0 17 16 6.71019e-19
0 17 17 9.42747e-19
0 17 18 1.27257e-18
0 17 19 1.65044e-18
0 17 20 2.05658e-18
0 17 21 2.46217e-18
0 17 22 2.83217e-18
0 17 23 3.13003e-18
0 17 24 3.32358e-18
0 17 25 3.39072e-18
0 17 26 3.32358e-18
0 17 27 3.13003e-18
0 17 28 2.83217e-18
0 17 29 2.46217e-18
0 17 30 2.05658e-18
0 17 31 1.65044e-18
0 17 32 1.27257e-18
0 17 33 9.42747e-19
0 17 34 6.71019e-19
0 17 35 4.58884e-19
0 17 36 3.01508e-19
0 17 37 1.90337e-19
0 17 38 1.15445e-19
0 17 39 6.72756e-20
0 17 40 3.76675e-20
0 17 41 2.0263e-20
0 17 42 1.0473e-20
0 17 43 5.20072e-21
0 17 44 2.48134e-21
0 17 45 1.13746e-21
0 17 46 5.00973e-22
0 17 47 2.11993e-22
0 17 48 8.61899e-23
0 17 49 1.10177e-34
0 18 0 5.58173e-35
0 18 1 4.54473e-23
0 18 2 1.16344e-22
0 18 3 2.8616e-22
0 18 4 6.76243e-22
0 18 5 1.53541e-21
0 18 6 3.34945e-21
0 18 7 7.02024e-21
0 18 8 1.4137e-20
0 18 9 2.73522e-20
0 18 10 5.08458e-20
0 18 11 9.08126e-20
0 18 12 1.55835e-19
0 18 13 2.56928e-19
0 18 14 4.06994e-19
0 18 15 6.19429e-19
0 18 16 9.05781e-19
0 18 17 1.27257e-18
0 18 18 1.7178e-18
0 18 19 2.22786e-18
0 18 20 2.77609e-18
0 18 21 3.32358e-18
0 18 22 3.82303e-18
0 18 23 4.2251e-18
0 18 24 4.48636e-18
0 18 25 4.57699e-18
0 18 26 4.48636e-18
0 18 27 4.2251e-18
0 18 28 3.82303e-18
0 18 29 3.32358e-18
0 18 30 2.77609e-18
0 18 31 2.22786e-18
0 18 32 1.7178e-18
0 18 33 1.27257e-18
0 18 34 9.05781e-19
0 18 35 6.19429e-19
0 18 36 4.06994e-19
0 18 37 2.56928e-19
0 18 38 1.55835e-19
0 18 39 9.08126e-20
0 18 40 5.08458e-20
0 18 41 2.73522e-20
0 18 42 1.4137e-20
0 18 43 7.02024e-21
0 18 44 3.34945e-21
0 18 45 1.53541e-21
0 18 46 6.76243e-22
0 18 47 2.8616e-22
0 18 48 1.16344e-22
0 18 49 1.48723e-34
0 19 0 7.23912e-35
0 19 1 5.89419e-23
0 19 2 1.5089e-22
0 19 3 3.7113e-22
0 19 4 8.7704e-22
0 19 5 1.99132e-21
0 19 6 4.34401e-21
0 19 7 9.10476e-21
0 19 8 1.83347e-20
0 19 9 3.54739e-20
0 19 10 6.59434e-20
0 19 11 1.17778e-19
0 19 12 2.02107e-19
0 19 13 3.33218e-19
0 19 14 5.27842e-19
0 19 15 8.03356e-19
0 19 16 1.17473e-18
0 19 17 1.65044e-18
0 19 18 2.22786e-18
0 19 19 2.88938e-18
0 19 20 3.60039e-18
0 19 21 4.31045e-18
0 19 22 4.9582e-18
0 19 23 5.47966e-18
0 19 24 5.8185e-18
0 19 25 5.93604e-18
0 19 26 5.8185e-18
0 19 27 5.47966e-18
0 19 28 4.9582e-18
0 19 29 4.31045e-18
0 19 30 3.60039e-18
0 19 31 2.88938e-18
0 19 32 2.22786e-18
0 19 33 1.65044e-18
0 19 34 1.17473e-18
0 19 35 8.03356e-19
0 19 36 5.27842e-19
0 19 37 3.33218e-19
0 19 38 2.02107e-19
0 19 39 1.17778e-19
0 19 40 6.59434e-20
0 19 41 3.54739e-20
0 19 42 1.83347e-20
0 19 43 9.10476e-21
0 19 44 4.34401e-21
0 19 45 1.99132e-21
0 19 46 8.7704e-22
0 19 47 3.7113e-22
0 19 48 1.5089e-22
0 19 49 1.92883e-34
0 20 0 9.0205e-35
0 20 1 7.34462e-23
0 20 2 1.88021e-22
0 20 3 4.62457e-22
0 20 4 1.09286e-21
0 20 5 2.48134e-21
0 20 6 5.41297e-21
0 20 7 1.13452e-20
0 20 8 2.28465e-20
0 20 9 4.42032e-20
0 20 10 8.21706e-20
0 20 11 1.4676e-19
0 20 12 2.51841e-19
0 20 13 4.15215e-19
0 20 14 6.57732e-19
0 20 15 1.00104e-18
0 20 16 1.46381e-18
0 20 17 2.05658e-18
0 20 18 2.77609e-18
0 20 19 3.60039e-18
0 20 20 4.48636e-18
0 20 21 5.37115e-18
0 20 22 6.17829e-18
0 20 23 6.82807e-18
0 20 24 7.2503e-18
0 20 25 7.39676e-18
0 20 26 7.2503e-18
0 20 27 6.82807e-18
0 20 28 6.17829e-18
0 20 29 5.37115e-18
0 20 30 4.48636e-18
0 20 31 3.60039e-18
0 20 32 2.77609e-18
0 20 33 2.05658e-18
0 20 34 1.46381e-18
0 20 35 1.00104e-18
0 20 36 6.57732e-19
0 20 37 4.15215e-19
0 20 38 2.51841e-19
0 20 39 1.4676e-19
0 20 40 8.21706e-20
0 20 41 4.42032e-20
0 20 42 2.28465e-20
0 20 43 1.13452e-20
0 20 44 5.41297e-21
0 20 45 2.48134e-21
0 20 46 1.09286e-21
0 20 47 4.62457e-22
0 20 48 1.88021e-22
0 20 49 2.40347e-34
0 21 0 1.07995e-34
0 21 1 8.7931e-23
0 21 2 2.25102e-22
0 21 3 5.53661e-22
0 21 4 1.30839e-21
0 21 5 2.9707e-21
0 21 6 6.4805e-21
0 21 7 1.35827e-20
0 21 8 2.73522e-20
0 21 9 5.29209e-20
0 21 10 9.83761e-20
0 21 11 1.75703e-19
0 21 12 3.01508e-19
0 21 13 4.97103e-19
0 21 14 7.87448e-19
0 21 15 1.19847e-18
0 21 16 1.7525e-18
0 21 17 2.46217e-18
0 21 18 3.32358e-18
0 21 19 4.31045e-18
0 21 20 5.37115e-18
0 21 21 6.43044e-18
0 21 22 7.39676e-18
0 21 23 8.17469e-18
0 21 24 8.68018e-18
0 21 25 8.85553e-18
0 21 26 8.68018e-18
0 21 27 8.17469e-18
0 21 28 7.39676e-18
0 21 29 6.43044e-18
0 21 30 5.37115e-18
0 21 31 4.31045e-18
0 21 32 3.32358e-18
0 21 33 2.46217e-18
0 21 34 1.7525e-18
0 21 35 1.19847e-18
0 21 36 7.87448e-19
0 21 37 4.97103e-19
0 21 38 3.01508e-19
0 21 39 1.75703e-19
0 21 40 9.83761e-20
0 21 41 5.29209e-20
0 21 42 2.73522e-20
0 21 43 1.35827e-20
0 21 44 6.4805e-21
0 21 45 2.9707e-21
0 21 46 1.30839e-21
0 21 47 5.53661e-22
0 21 48 2.25102e-22
0 21 49 2.87748e-34
0 22 0 1.24224e-34
0 22 1 1.01145e-22
0 22 2 2.58929e-22
0 22 3 6.36862e-22
0 22 4 1.50501e-21
0 22 5 3.41712e-21
0 22 6 7.45435e-21
0 22 7 1.56238e-20
0 22 8 3.14625e-20
0 22 9 6.08735e-20
0 22 10 1.13159e-19
0 22 11 2.02107e-19
0 22 12 3.46817e-19
0 22 13 5.71805e-19
0 22 14 9.05781e-19
0 22 15 1.37856e-18
0 22 16 2.01585e-18
0 22 17 2.83217e-18
0 22 18 3.82303e-18
0 22 19 4.9582e-18
0 22 20 6.17829e-18
0 22 21 7.39676e-18
0 22 22 8.5083e-18
0 22 23 9.40313e-18
0 22 24 9.98458e-18
0 22 25 1.01863e-17
0 22 26 9.98458e-18
0 22 27 9.40313e-18
0 22 28 8.5083e-18
0 22 29 7.39676e-18
0 22 30 6.17829e-18
0 22 31 4.9582e-18
0 22 32 3.82303e-18
0 22 33 2.83217e-18
0 22 34 2.01585e-18
0 22 35 1.37856e-18
0 22 36 9.05781e-19
0 22 37 5.71805e-19
0 22 38 3.46817e-19
0 22 39 2.02107e-19
0 22 40 1.13159e-19
0 22 41 6.08735e-20
0 22 42 3.14625e-20
0 22 43 1.56238e-20
0 22 44 7.45435e-21
0 22 45 3.41712e-21
0 22 46 1.50501e-21
0 22 47 6.36862e-22
0 22 48 2.58929e-22
0 22 49 3.30989e-34
0 23 0 1.37288e-34
0 23 1 1.11782e-22
0 23 2 2.8616e-22
0 23 3 7.03841e-22
0 23 4 1.66329e-21
0 23 5 3.7765e-21
0 23 6 8.23833e-21
0 23 7 1.7267e-20
0 23 8 3.47715e-20
0 23 9 6.72756e-20
0 23 10 1.2506e-19
0 23 11 2.23363e-19
0 23 12 3.83292e-19
0 23 13 6.31942e-19
0 23 14 1.00104e-18
0 23 15 1.52355e-18
0 23 16 2.22786e-18
0 23 17 3.13003e-18
0 23 18 4.2251e-18
0 23 19 5.47966e-18
0 23 20 6.82807e-18
0 23 21 8.17469e-18
0 23 22 9.40313e-18
0 23 23 1.03921e-17
0 23 24 1.10347e-17
0 23 25 1.12576e-17
0 23 26 1.10347e-17
0 23 27 1.03921e-17
0 23 28 9.40313e-18
0 23 29 8.17469e-18
0 23 30 6.82807e-18
0 23 31 5.47966e-18
0 23 32 4.2251e-18
0 23 33 3.13003e-18
0 23 34 2.22786e-18
0 23 35 1.52355e-18
0 23 36 1.00104e-18
0 23 37 6.31942e-19
0 23 38 3.83292e-19
0 23 39 2.23363e-19
0 23 40 1.2506e-19
0 23 41 6.72756e-20
0 23 42 3.47715e-20
0 23 43 1.7267e-20
0 23 44 8.23833e-21
0 23 45 3.7765e-21
0 23 46 1.66329e-21
0 23 47 7.03841e-22
0 23 48 2.8616e-22
0 23 49 3.65799e-34
0 24 0 1.45778e-34
0 24 1 1.18694e-22
0 24 2 3.03856e-22
0 24 3 7.47364e-22
0 24 4 1.76614e-21
0 24 5 4.01003e-21
0 24 6 8.74776e-21
0 24 7 1.83347e-20
0 24 8 3.69216e-20
0 24 9 7.14357e-20
0 24 10 1.32794e-19
0 24 11 2.37175e-19
0 24 12 4.06994e-19
0 24 13 6.71019e-19
0 24 14 1.06294e-18
0 24 15 1.61776e-18
0 24 16 2.36562e-18
0 24 17 3.32358e-18
0 24 18 4.48636e-18
0 24 19 5.8185e-18
0 24 20 7.2503e-18
0 24 21 8.68018e-18
0 24 22 9.98458e-18
0 24 23 1.10347e-17
0 24 24 1.1717e-17
0 24 25 1.19537e-17
0 24 26 1.1717e-17
0 24 27 1.10347e-17
0 24 28 9.98458e-18
0 24 29 8.68018e-18
0 24 30 7.2503e-18
0 24 31 5.8185e-18
0 24 32 4.48636e-18
0 24 33 3.32358e-18
0 24 34 2.36562e-18
0 24 35 1.61776e-18
0 24 36 1.06294e-18
0 24 37 6.71019e-19
0 24 38 4.06994e-19
0 24 39 2.37175e-19
0 24 40 1.32794e-19
0 24 41 7.14357e-20
0 24 42 3.69216e-20
0 24 43 1.83347e-20
0 24 44 8.74776e-21
0 24 45 4.01003e-21
0 24 46 1.76614e-21
0 24 47 7.47364e-22
0 24 48 3.03856e-22
0 24 49 3.88419e-34
0 25 0 1.48723e-34
0 25 1 1.21092e-22
0 25 2 3.09994e-22
0 25 3 7.62462e-22
0 25 4 1.80182e-21
0 25 5 4.09103e-21
0 25 6 8.92448e-21
0 25 7 1.87051e-20
0 25 8 3.76675e-20
0 25 9 7.28788e-20
0 25 10 1.35476e-19
0 25 11 2.41966e-19
0 25 12 4.15215e-19
0 25 13 6.84575e-19
0 25 14 1.08442e-18
0 25 15 1.65044e-18
0 25 16 2.41341e-18
0 25 17 3.39072e-18
0 25 18 4.57699e-18
0 25 19 5.93604e-18
0 25 20 7.39676e-18
0 25 21 8.85553e-18
0 25 22 1.01863e-17
0 25 23 1.12576e-17
0 25 24 1.19537e-17
0 25 25 1.21952e-17
0 25 26 1.19537e-17
0 25 27 1.12576e-17
0 25 28 1.01863e-17
0 25 29 8.85553e-18
0 25 30 7.39676e-18
0 25 31 5.93604e-18
0 25 32 4.57699e-18
0 25 33 3.39072e-18
0 25 34 2.41341e-18
0 25 35 1.65044e-18
0 25 36 1.08442e-18
0 25 37 6.84575e-19
0 25 38 4.15215e-19
0 25 39 2.41966e-19
0 25 40 1.35476e-19
0 25 41 7.28788e-20
0 25 42 3.76675e-20
0 25 43 1.87051e-20
0 25 44 8.92448e-21
0 25 45 4.09103e-21
0 25 46 1.80182e-21
0 25 47 7.62462e-22
0 25 48 3.09994e-22
0 25 49 3.96266e-34
0 26 0 1.45778e-34
0 26 1 1.18694e-22
0 26 2 3.03856e-22
0 26 3 7.47364e-22
0 26 4 1.76614e-21
0 26 5 4.01003e-21
0 26 6 8.74776e-21
0 26 7 1.83347e-20
0 26 8 3.69216e-20
0 26 9 7.14357e-20
0 26 10 1.32794e-19
0 26 11 2.37175e-19
0 26 12 4.06994e-19
0 26 13 6.71019e-19
0 26 14 1.06294e-18
0 26 15 1.61776e-18
0 26 16 2.36562e-18
0 26 17 3.32358e-18
0 26 18 4.48636e-18
0 26 19 5.8185e-18
0 26 20 7.2503e-18
0 26 21 8.68018e-18
0 26 22 9.98458e-18
0 26 23 1.10347e-17
0 26 24 1.1717e-17
0 26 25 1.19537e-17
0 26 26 1.1717e-17
0 26 27 1.10347e-17
0 26 28 9.98458e-18
0 26 29 8.68018e-18
0 26 30 7.2503e-18
0 26 31 5.8185e-18
0 26 32 4.48636e-18
0 26 33 3.32358e-18
0 26 34 2.36562e-18
0 26 35 1.61776e-18
0 26 36 1.06294e-18
0 26 37 6.71019e-19
0 26 38 4.06994e-19
0 26 39 2.37175e-19
0 26 40 1.32794e-19
0 26 41 7.14357e-20
0 26 42 3.69216e-20
0 26 43 1.83347e-20
0 26 44 8.74776e-21
0 26 45 4.01003e-21
0 26 46 1.76614e-21
0 26 47 7.47364e-22
0 26 48 3.03856e-22
0 26 49 3.88419e-34
0 27 0 1.37288e-34
0 27 1 1.11782e-22
0 27 2 2.8616e-22
0 27 3 7.03841e-22
0 27 4 1.66329e-21
0 27 5 3.7765e-21
0 27 6 8.23833e-21
0 27 7 1.7267e-20
0 27 8 3.47715e-20
0 27 9 6.72756e-20
0 27 10 1.2506e-19
0 27 11 2.23363e-19
0 27 12 3.83292e-19
0 27 13 6.31942e-19
0 27 14 1.00104e-18
0 27 15 1.52355e-18
0 27 16 2.22786e-18
0 27 17 3.13003e-18
0 27 18 4.2251e-18
0 27 19 5.47966e-18
0 27 20 6.82807e-18
0 27 21 8.17469e-18
0 27 22 9.40313e-18
0 27 23 1.03921e-17
0 27 24 1.10347e-17
0 27 25 1.12576e-17
0 27 26 1.10347e-17
0 27 27 1.03921e-17
0 27 28 9.40313e-18
0 27 29 8.17469e-18
0 27 30 6.82807e-18
0 27 31 5.47966e-18
0 27 32 4.2251e-18
0 27 33 3.13003e-18
0 27 34 2.22786e-18
0 27 35 1.52355e-18
0 27 36 1.00104e-18
0 27 37 6.31942e-19
0 27 38 3.83292e-19
0 27 39 2.23363e-19
0 27 40 1.2506e-19
0 27 41 6.72756e-20
0 27 42 3.47715e-20
0 27 43 1.7267e-20
0 27 44 8.23833e-21
0 27 45 3.7765e-21
0 27 46 1.66329e-21
0 27 47 7.03841e-22
0 27 48 2.8616e-22
0 27 49 3.65799e-34
0 28 0 1.24224e-34
0 28 1 1.01145e-22
0 28 2 2.58929e-22
0 28 3 6.36862e-22
0 28 4 1.50501e-21
0 28 5 3.41712e-21
0 28 6 7.45435e-21
0 28 7 1.56238e-20
0 28 8 3.14625e-20
0 28 9 6.08735e-20
0 28 10 1.13159e-19
0 28 11 2.02107e-19
0 28 12 3.46817e-19
0 28 13 5.71805e-19
0 28 14 9.05781e-19
0 28 15 1.37856e-18
0 28 16 2.01585e-18
0 28 17 2.83217e-18
0 28 18 3.82303e-18
0 28 19 4.9582e-18
0 28 20 6.17829e-18
0 28 21 7.39676e-18
0 28 22 8.5083e-18
0 28 23 9.40313e-18
0 28 24 9.98458e-18
0 28 25 1.01863e-17
0 28 26 9.98458e-18
0 28 27 9.40313e-18
0 28 28 8.5083e-18
0 28 29 7.39676e-18
0 28 30 6.17829e-18
0 28 31 4.9582e-18
0 28 32 3.82303e-18
0 28 33 2.83217e-18
0 28 34 2.01585e-18
0 28 35 1.37856e-18
0 28 36 9.05781e-19
0 28 37 5.71805e-19
0 28 38 3.46817e-19
0 28 39 2.02107e-19
0 28 40 1.13159e-19
0 28 41 6.08735e-20
0 28 42 3.14625e-20
0 28 43 1.56238e-20
0 28 44 7.45435e-21
0 28 45 3.41712e-21
0 28 46 1.50501e-21
0 28 47 6.36862e-22
0 28 48 2.58929e-22
0 28 49 3.30989e-34
0 29 0 1.07995e-34
0 29 1 8.7931e-23
0 29 2 2.25102e-22
0 29 3 5.53661e-22
0 29 4 1.30839e-21
0 29 5 2.9707e-21
0 29 6 6.4805e-21
0 29 7 1.35827e-20
0 29 8 2.73522e-20
0 29 9 5.29209e-20
0 29 10 9.83761e-20
0 29 11 1.75703e-19
0 29 12 3.01508e-19
0 29 13 4.97103e-19
0 29 14 7.87448e-19
0 29 15 1.19847e-18
0 29 16 1.7525e-18
0 29 17 2.46217e-18
0 29 18 3.32358e-18
0 29 19 4.31045e-18
0 29 20 5.37115e-18
0 29 21 6.43044e-18
0 29 22 7.39676e-18
0 29 23 8.17469e-18
0 29 24 8.68018e-18
0 29 25 8.85553e-18
0 29 26 8.68018e-18
0 29 27 8.17469e-18
0 29 28 7.39676e-18
0 29 29 6.43044e-18
0 29 30 5.37115e-18
0 29 31 4.31045e-18
0 29 32 3.32358e-18
0 29 33 2.46217e-18
0 29 34 1.7525e-18
0 29 35 1.19847e-18
0 29 36 7.87448e-19
0 29 37 4.97103e-19
0 29 38 3.01508e-19
0 29 39 1.75703e-19
0 29 40 9.83761e-20
0 29 41 5.29209e-20
0 29 42 2.73522e-20
0 29 43 1.35827e-20
0 29 44 6.4805e-21
0 29 45 2.9707e-21
0 29 46 1.30839e-21
0 29 47 5.53661e-22
0 29 48 2.25102e-22
0 29 49 2.87748e-34
0 30 0 9.0205e-35
0 30 1 7.34462e-23
0 30 2 1.88021e-22
0 30 3 4.62457e-22
0 30 4 1.09286e-21
0 30 5 2.48134e-21
0 30 6 5.41297e-21
0 30 7 1.13452e-20
0 30 8 2.28465e-20
0 30 9 4.42032e-20
0 30 10 8.21706e-20
0 30 11 1.4676e-19
0 30 12 2.51841e-19
0 30 13 4.15215e-19
0 30 14 6.57732e-19
0 30 15 1.00104e-18
0 30 16 1.46381e-18
0 30 17 2.05658e-18
0 30 18 2.77609e-18
0 30 19 3.60039e-18
0 30 20 4.48636e-18
0 30 21 5.37115e-18
0 30 22 6.17829e-18
0 30 23 6.82807e-18
0 30 24 7.2503e-18
0 30 25 7.39676e-18
0 30 26 7.2503e-18
0 30 27 6.82807e-18
0 30 28 6.17829e-18
0 30 29 5.37115e-18
0 30 30 4.48636e-18
0 30 31 3.60039e-18
0 30 32 2.77609e-18
0 30 33 2.05658e-18
0 30 34 1.46381e-18
0 30 35 1.00104e-18
0 30 36 6.57732e-19
0 30 37 4.15215e-19
0 30 38 2.51841e-19
0 30 39 1.4676e-19
0 30 40 8.21706e-20
0 30 41 4.42032e-20
0 30 42 2.28465e-20
0 30 43 1.13452e-20
0 30 44 5.41297e-21
0 30 45 2.48134e-21
0 30 46 1.09286e-21
0 30 47 4.62457e-22
0 30 48 1.88021e-22
0 30 49 2.40347e-34
0 31 0 7.23912e-35
0 31 1 5.89419e-23
0 31 2 1.5089e-22
0 31 3 3.7113e-22
0 31 4 8.7704e-22
0 31 5 1.99132e-21
0 31 6 4.34401e-21
0 31 7 9.10476e-21
0 31 8 1.83347e-20
0 31 9 3.54739e-20
0 31 10 6.59434e-20
0 31 11 1.17778e-19
0 31 12 2.02107e-19
0 31 13 3.33218e-19
0 31 14 5.27842e-19
0 31 15 8.03356e-19
0 31 16 1.17473e-18
0 31 17 1.65044e-18
0 31 18 2.22786e-18
0 31 19 2.88938e-18
0 31 20 3.60039e-18
0 31 21 4.31045e-18
0 31 22 4.9582e-18
0 31 23 5.47966e-18
0 31 24 5.8185e-18
0 31 25 5.93604e-18
0 31 26 5.8185e-18
0 31 27 5.47966e-18
0 31 28 4.9582e-18
0 31 29 4.31045e-18
0 31 30 3.60039e-18
0 31 31 2.88938e-18
0 31 32 2.22786e-18
0 31 33 1.65044e-18
0 31 34 1.17473e-18
0 31 35 8.03356e-19
0 31 36 5.27842e-19
0 31 37 3.33218e-19
0 31 38 2.02107e-19
0 31 39 1.17778e-19
0 31 40 6.59434e-20
0 31 41 3.54739e-20
0 31 42 1.83347e-20
0 31 43 9.10476e-21
0 31 44 4.34401e-21
0 31 45 1.99132e-21
0 31 46 8.7704e-22
0 31 47 3.7113e-22
0 31 48 1.5089e-22
0 31 49 1.92883e-34
0 32 0 5.58173e-35
0 32 1 4.54473e-23
0 32 2 1.16344e-22
0 32 3 2.8616e-22
0 32 4 6.76243e-22
0 32 5 1.53541e-21
0 32 6 3.34945e-21
0 32 7 7.02024e-21
0 32 8 1.4137e-20
0 32 9 2.73522e-20
0 32 10 5.08458e-20
0 32 11 9.08126e-20
0 32 12 1.55835e-19
0 32 13 2.56928e-19
0 32 14 4.06994e-19
0 32 15 6.19429e-19
0 32 16 9.05781e-19
0 32 17 1.27257e-18
0 32 18 1.7178e-18
0 32 19 2.22786e-18
0 32 20 2.77609e-18
0 32 21 3.32358e-18
0 32 22 3.82303e-18
0 32 23 4.2251e-18
0 32 24 4.48636e-18
0 32 25 4.57699e-18
0 32 26 4.48636e-18
0 32 27 4.2251e-18
0 32 28 3.82303e-18
0 32 29 3.32358e-18
0 32 30 2.77609e-18
0 32 31 2.22786e-18
0 32 32 1.7178e-18
0 32 33 1.27257e-18
0 32 34 9.05781e-19
0 32 35 6.19429e-19
0 32 36 4.06994e-19
0 32 37 2.56928e-19
0 32 38 1.55835e-19
0 32 39 9.08126e-20
0 32 40 5.08458e-20
0 32 41 2.73522e-20
0 32 42 1.4137e-20
0 32 43 7.02024e-21
0 32 44 3.34945e-21
0 32 45 1.53541e-21
0 32 46 6.76243e-22
0 32 47 2.8616e-22
0 32 48 1.16344e-22
0 32 49 1.48723e-34
0 33 0 4.13505e-35
0 33 1 3.36682e-23
0 33 2 8.61899e-23
0 33 3 2.11993e-22
0 33 4 5.00973e-22
0 33 5 1.13746e-21
0 33 6 2.48134e-21
0 33 7 5.20072e-21
0 33 8 1.0473e-20
0 33 9 2.0263e-20
0 33 10 3.76675e-20
0 33 11 6.72756e-20
0 33 12 1.15445e-19
0 33 13 1.90337e-19
0 33 14 3.01508e-19
0 33 15 4.58884e-19
0 33 16 6.71019e-19
0 33 17 9.42747e-19
0 33 18 1.27257e-18
0 33 19 1.65044e-18
0 33 20 2.05658e-18
0 33 21 2.46217e-18
0 33 22 2.83217e-18
0 33 23 3.13003e-18
0 33 24 3.32358e-18
0 33 25 3.39072e-18
0 33 26 3.32358e-18
0 33 27 3.13003e-18
0 33 28 2.83217e-18
0 33 29 2.46217e-18
0 33 30 2.05658e-18
0 33 31 1.65044e-18
0 33 32 1.27257e-18
0 33 33 9.42747e-19
0 33 34 6.71019e-19
0 33 35 4.58884e-19
0 33 36 3.01508e-19
0 33 37 1.90337e-19
0 33 38 1.15445e-19
0 33 39 6.72756e-20
0 33 40 3.76675e-20
0 33 41 2.0263e-20
0 33 42 1.0473e-20
0 33 43 5.20072e-21
0 33 44 2.48134e-21
0 33 45 1.13746e-21
0 33 46 5.00973e-22
0 33 47 2.11993e-22
0 33 48 8.61899e-23
0 33 49 1.10177e-34
0 34 0 2.94321e-35
0 34 1 2.3964e-23
0 34 2 6.13474e-23
0 34 3 1.5089e-22
0 34 4 3.56578e-22
0 34 5 8.0961e-22
0 34 6 1.76614e-21
0 34 7 3.70172e-21
0 34 8 7.45435e-21
0 34 9 1.44226e-20
0 34 10 2.68106e-20
0 34 11 4.78848e-20
0 34 12 8.21706e-20
0 34 13 1.35476e-19
0 34 14 2.14605e-19
0 34 15 3.2662e-19
0 34 16 4.77611e-19
0 34 17 6.71019e-19
0 34 18 9.05781e-19
0 34 19 1.17473e-18
0 34 20 1.46381e-18
0 34 21 1.7525e-18
0 34 22 2.01585e-18
0 34 23 2.22786e-18
0 34 24 2.36562e-18
0 34 25 2.41341e-18
0 34 26 2.36562e-18
0 34 27 2.22786e-18
0 34 28 2.01585e-18
0 34 29 1.7525e-18
0 34 30 1.46381e-18
0 34 31 1.17473e-18
0 34 32 9.05781e-19
0 34 33 6.71019e-19
0 34 34 4.77611e-19
0 34 35 3.2662e-19
0 34 36 2.14605e-19
0 34 37 1.35476e-19
0 34 38 8.21706e-20
0 34 39 4.78848e-20
0 34 40 2.68106e-20
0 34 41 1.44226e-20
0 34 42 7.45435e-21
0 34 43 3.70172e-21
0 34 44 1.76614e-21
0 34 45 8.0961e-22
0 34 46 3.56578e-22
0 34 47 1.5089e-22
0 34 48 6.13474e-23
0 34 49 7.84204e-35
0 35 0 2.01274e-35
0 35 1 1.63881e-23
0 35 2 4.19531e-23
0 35 3 1.03188e-22
0 35 4 2.4385e-22
0 35 5 5.53661e-22
0 35 6 1.2078e-21
0 35 7 2.53146e-21
0 35 8 5.09774e-21
0 35 9 9.86307e-21
0 35 10 1.83347e-20
0 35 11 3.27465e-20
0 35 12 5.61933e-20
0 35 13 9.26471e-20
0 35 14 1.4676e-19
0 35 15 2.23363e-19
0 35 16 3.2662e-19
0 35 17 4.58884e-19
0 35 18 6.19429e-19
0 35 19 8.03356e-19
0 35 20 1.00104e-18
0 35 21 1.19847e-18
0 35 22 1.37856e-18
0 35 23 1.52355e-18
0 35 24 1.61776e-18
0 35 25 1.65044e-18
0 35 26 1.61776e-18
0 35 27 1.52355e-18
0 35 28 1.37856e-18
0 35 29 1.19847e-18
0 35 30 1.00104e-18
0 35 31 8.03356e-19
0 35 32 6.19429e-19
0 35 33 4.58884e-19
0 35 34 3.2662e-19
0 35 35 2.23363e-19
0 35 36 1.4676e-19
0 35 37 9.26471e-20
0 35 38 5.61933e-20
0 35 39 3.27465e-20
0 35 40 1.83347e-20
0 35 41 9.86307e-21
0 35 42 5.09774e-21
0 35 43 2.53146e-21
0 35 44 1.2078e-21
0 35 45 5.53661e-22
0 35 46 2.4385e-22
0 35 47 1.03188e-22
0 35 48 4.19531e-23
0 35 49 5.36287e-35
0 36 0 1.32247e-35
0 36 1 1.07677e-23
0 36 2 2.75652e-23
0 36 3 6.77994e-23
0 36 4 1.60221e-22
0 36 5 3.63781e-22
0 36 6 7.93579e-22
0 36 7 1.66329e-21
0 36 8 3.34945e-21
0 36 9 6.4805e-21
0 36 10 1.20468e-20
0 36 11 2.1516e-20
0 36 12 3.69216e-20
0 36 13 6.08735e-20
0 36 14 9.64281e-20
0 36 15 1.4676e-19
0 36 16 2.14605e-19
0 36 17 3.01508e-19
0 36 18 4.06994e-19
0 36 19 5.27842e-19
0 36 20 6.57732e-19
0 36 21 7.87448e-19
0 36 22 9.05781e-19
0 36 23 1.00104e-18
0 36 24 1.06294e-18
0 36 25 1.08442e-18
0 36 26 1.06294e-18
0 36 27 1.00104e-18
0 36 28 9.05781e-19
0 36 29 7.87448e-19
0 36 30 6.57732e-19
0 36 31 5.27842e-19
0 36 32 4.06994e-19
0 36 33 3.01508e-19
0 36 34 2.14605e-19
0 36 35 1.4676e-19
0 36 36 9.64281e-20
0 36 37 6.08735e-20
0 36 38 3.69216e-20
0 36 39 2.1516e-20
0 36 40 1.20468e-20
0 36 41 6.4805e-21
0 36 42 3.34945e-21
0 36 43 1.66329e-21
0 36 44 7.93579e-22
0 36 45 3.63781e-22
0 36 46 1.60221e-22
0 36 47 6.77994e-23
0 36 48 2.75652e-23
0 36 49 3.52366e-35
0 37 0 8.34852e-36
0 37 1 6.79749e-24
0 37 2 1.74014e-23
0 37 3 4.28006e-23
0 37 4 1.01145e-22
0 37 5 2.29649e-22
0 37 6 5.00973e-22
0 37 7 1.05001e-21
0 37 8 2.11446e-21
0 37 9 4.09103e-21
0 37 10 7.60494e-21
0 37 11 1.35827e-20
0 37 12 2.3308e-20
0 37 13 3.84284e-20
0 37 14 6.08735e-20
0 37 15 9.26471e-20
0 37 16 1.35476e-19
0 37 17 1.90337e-19
0 37 18 2.56928e-19
0 37 19 3.33218e-19
0 37 20 4.15215e-19
0 37 21 4.97103e-19
0 37 22 5.71805e-19
0 37 23 6.31942e-19
0 37 24 6.71019e-19
0 37 25 6.84575e-19
0 37 26 6.71019e-19
0 37 27 6.31942e-19
0 37 28 5.71805e-19
0 37 29 4.97103e-19
0 37 30 4.15215e-19
0 37 31 3.33218e-19
0 37 32 2.56928e-19
0 37 33 1.90337e-19
0 37 34 1.35476e-19
0 37 35 9.26471e-20
0 37 36 6.08735e-20
0 37 37 3.84284e-20
0 37 38 2.3308e-20
0 37 39 1.35827e-20
0 37 40 7.60494e-21
0 37 41 4.09103e-21
0 37 42 2.11446e-21
0 37 43 1.05001e-21
0 37 44 5.00973e-22
0 37 45 2.29649e-22
0 37 46 1.01145e-22
0 37 47 4.28006e-23
0 37 48 1.74014e-23
0 37 49 2.22443e-35
0 38 0 5.06363e-36
0 38 1 4.12288e-24
0 38 2 1.05545e-23
0 38 3 2.59599e-23
0 38 4 6.13474e-23
0 38 5 1.39289e-22
0 38 6 3.03856e-22
0 38 7 6.36862e-22
0 38 8 1.28248e-21
0 38 9 2.48134e-21
0 38 10 4.61263e-21
0 38 11 8.23833e-21
0 38 12 1.4137e-20
0 38 13 2.3308e-20
0 38 14 3.69216e-20
0 38 15 5.61933e-20
0 38 16 8.21706e-20
0 38 17 1.15445e-19
0 38 18 1.55835e-19
0 38 19 2.02107e-19
0 38 20 2.51841e-19
0 38 21 3.01508e-19
0 38 22 3.46817e-19
0 38 23 3.83292e-19
0 38 24 4.06994e-19
0 38 25 4.15215e-19
0 38 26 4.06994e-19
0 38 27 3.83292e-19
0 38 28 3.46817e-19
0 38 29 3.01508e-19
0 38 30 2.51841e-19
0 38 31 2.02107e-19
0 38 32 1.55835e-19
0 38 33 1.15445e-19
0 38 34 8.21706e-20
0 38 35 5.61933e-20
0 38 36 3.69216e-20
0 38 37 2.3308e-20
0 38 38 1.4137e-20
0 38 39 8.23833e-21
0 38 40 4.61263e-21
0 38 41 2.48134e-21
0 38 42 1.28248e-21
0 38 43 6.36862e-22
0 38 44 3.03856e-22
0 38 45 1.39289e-22
0 38 46 6.13474e-23
0 38 47 2.59599e-23
0 38 48 1.05545e-23
0 38 49 1.34918e-35
0 39 0 2.95082e-36
0 39 1 2.4026e-24
0 39 2 6.15062e-24
0 39 3 1.51281e-23
0 39 4 3.57501e-23
0 39 5 8.11706e-23
0 39 6 1.77071e-22
0 39 7 3.7113e-22
0 39 8 7.47364e-22
0 39 9 1.44599e-21
0 39 10 2.688e-21
0 39 11 4.80087e-21
0 39 12 8.23833e-21
0 39 13 1.35827e-20
0 39 14 2.1516e-20
0 39 15 3.27465e-20
0 39 16 4.78848e-20
0 39 17 6.72756e-20
0 39 18 9.08126e-20
0 39 19 1.17778e-19
0 39 20 1.4676e-19
0 39 21 1.75703e-19
0 39 22 2.02107e-19
0 39 23 2.23363e-19
0 39 24 2.37175e-19
0 39 25 2.41966e-19
0 39 26 2.37175e-19
0 39 27 2.23363e-19
0 39 28 2.02107e-19
0 39 29 1.75703e-19
0 39 30 1.4676e-19
0 39 31 1.17778e-19
0 39 32 9.08126e-20
0 39 33 6.72756e-20
0 39 34 4.78848e-20
0 39 35 3.27465e-20
0 39 36 2.1516e-20
0 39 37 1.35827e-20
0 39 38 8.23833e-21
0 39 39 4.80087e-21
0 39 40 2.688e-21
0 39 41 1.44599e-21
0 39 42 7.47364e-22
0 39 43 3.7113e-22
0 39 44 1.77071e-22
0 39 45 8.11706e-23
0 39 46 3.57501e-23
0 39 47 1.51281e-23
0 39 48 6.15062e-24
0 39 49 7.86234e-36
0 40 0 1.65216e-36
0 40 1 1.34521e-24
0 40 2 3.44372e-24
0 40 3 8.47019e-24
0 40 4 2.00164e-23
0 40 5 4.54473e-23
0 40 6 9.9142e-23
0 40 7 2.07795e-22
0 40 8 4.18448e-22
0 40 9 8.0961e-22
0 40 10 1.50501e-21
0 40 11 2.688e-21
0 40 12 4.61263e-21
0 40 13 7.60494e-21
0 40 14 1.20468e-20
0 40 15 1.83347e-20
0 40 16 2.68106e-20
0 40 17 3.76675e-20
0 40 18 5.08458e-20
0 40 19 6.59434e-20
0 40 20 8.21706e-20
0 40 21 9.83761e-20
0 40 22 1.13159e-19
0 40 23 1.2506e-19
0 40 24 1.32794e-19
0 40 25 1.35476e-19
0 40 26 1.32794e-19
0 40 27 1.2506e-19
0 40 28 1.13159e-19
0 40 29 9.83761e-20
0 40 30 8.21706e-20
0 40 31 6.59434e-20
0 40 32 5.08458e-20
0 40 33 3.76675e-20
0 40 34 2.68106e-20
0 40 35 1.83347e-20
0 40 36 1.20468e-20
0 40 37 7.60494e-21
0 40 38 4.61263e-21
0 40 39 2.688e-21
0 40 40 1.50501e-21
0 40 41 8.0961e-22
0 40 42 4.18448e-22
0 40 43 2.07795e-22
0 40 44 9.9142e-23
0 40 45 4.54473e-23
0 40 46 2.00164e-23
0 40 47 8.47019e-24
0 40 48 3.44372e-24
0 40 49 4.40211e-36
0 41 0 8.88771e-37
0 41 1 7.2365e-25
0 41 2 1.85253e-24
0 41 3 4.55649e-24
0 41 4 1.07677e-23
0 41 5 2.44481e-23
0 41 6 5.33329e-23
0 41 7 1.11782e-22
0 41 8 2.25102e-22
