0 0 0 1.07513e-140
0 0 1 4.8369e-99
0 0 2 1.23824e-98
0 0 3 3.04558e-98
0 0 4 7.19718e-98
0 0 5 1.63412e-97
0 0 6 3.56479e-97
0 0 7 7.47157e-97
0 0 8 1.50459e-96
0 0 9 2.91107e-96
0 0 10 5.41146e-96
0 0 11 9.66508e-96
0 0 12 1.65853e-95
0 0 13 2.73446e-95
0 0 14 4.33159e-95
0 0 15 6.59251e-95
0 0 16 9.64013e-95
0 0 17 1.35439e-94
0 0 18 1.82823e-94
0 0 19 2.37109e-94
0 0 20 2.95456e-94
0 0 21 3.53725e-94
0 0 22 4.06881e-94
0 0 23 4.49673e-94
0 0 24 4.77479e-94
0 0 25 4.87124e-94
0 0 26 4.77479e-94
0 0 27 4.49673e-94
0 0 28 4.06881e-94
0 0 29 3.53725e-94
0 0 30 2.95456e-94
0 0 31 2.37109e-94
0 0 32 1.82823e-94
0 0 33 1.35439e-94
0 0 34 9.64013e-95
0 0 35 6.59251e-95
0 0 36 4.33159e-95
0 0 37 2.73446e-95
0 0 38 1.65853e-95
0 0 39 9.66508e-96
0 0 40 5.41146e-96
0 0 41 2.91107e-96
0 0 42 1.50459e-96
0 0 43 7.47157e-97
0 0 44 3.56479e-97
0 0 45 1.63412e-97
0 0 46 7.19718e-98
0 0 47 3.04558e-98
0 0 48 1.23824e-98
0 0 49 2.86463e-140
0 1 0 4.8369e-99
0 1 1 2.17608e-57
0 1 2 5.57073e-57
0 1 3 1.37018e-56
0 1 4 3.23795e-56
0 1 5 7.35177e-56
0 1 6 1.60377e-55
0 1 7 3.36139e-55
0 1 8 6.76901e-55
0 1 9 1.30966e-54
0 1 10 2.43457e-54
0 1 11 4.34824e-54
0 1 12 7.4616e-54
0 1 13 1.23021e-53
0 1 14 1.94874e-53
0 1 15 2.96591e-53
0 1 16 4.33701e-53
0 1 17 6.09327e-53
0 1 18 8.22506e-53
0 1 19 1.06673e-52
0 1 20 1.32923e-52
0 1 21 1.59138e-52
0 1 22 1.83052e-52
0 1 23 2.02304e-52
0 1 24 2.14814e-52
0 1 25 2.19153e-52
0 1 26 2.14814e-52
0 1 27 2.02304e-52
0 1 28 1.83052e-52
0 1 29 1.59138e-52
0 1 30 1.32923e-52
0 1 31 1.06673e-52
0 1 32 8.22506e-53
0 1 33 6.09327e-53
0 1 34 4.33701e-53
0 1 35 2.96591e-53
0 1 36 1.94874e-53
0 1 37 1.23021e-53
0 1 38 7.4616e-54
0 1 39 4.34824e-54
0 1 40 2.43457e-54
0 1 41 1.30966e-54
0 1 42 6.76901e-55
0 1 43 3.36139e-55
0 1 44 1.60377e-55
0 1 45 7.35177e-56
0 1 46 3.23795e-56
0 1 47 1.37018e-56
0 1 48 5.57073e-57
0 1 49 1.28877e-98
0 2 0 1.23824e-98
0 2 1 5.57073e-57
0 2 2 1.4261e-56
0 2 3 3.50763e-56
0 2 4 8.28909e-56
0 2 5 1.88204e-55
0 2 6 4.10561e-55
0 2 7 8.6051e-55
0 2 8 1.73286e-54
0 2 9 3.35271e-54
0 2 10 6.23246e-54
0 2 11 1.11314e-53
0 2 12 1.91016e-53
0 2 13 3.14932e-53
0 2 14 4.98875e-53
0 2 15 7.59269e-53
0 2 16 1.11027e-52
0 2 17 1.55987e-52
0 2 18 2.1056e-52
0 2 19 2.73082e-52
0 2 20 3.40281e-52
0 2 21 4.0739e-52
0 2 22 4.6861e-52
0 2 23 5.17894e-52
0 2 24 5.49919e-52
0 2 25 5.61028e-52
0 2 26 5.49919e-52
0 2 27 5.17894e-52
0 2 28 4.6861e-52
0 2 29 4.0739e-52
0 2 30 3.40281e-52
0 2 31 2.73082e-52
0 2 32 2.1056e-52
0 2 33 1.55987e-52
0 2 34 1.11027e-52
0 2 35 7.59269e-53
0 2 36 4.98875e-53
0 2 37 3.14932e-53
0 2 38 1.91016e-53
0 2 39 1.11314e-53
0 2 40 6.23246e-54
0 2 41 3.35271e-54
0 2 42 1.73286e-54
0 2 43 8.6051e-55
0 2 44 4.10561e-55
0 2 45 1.88204e-55
0 2 46 8.28909e-56
0 2 47 3.50763e-56
0 2 48 1.4261e-56
0 2 49 3.29923e-98
0 3 0 3.04558e-98
0 3 1 1.37018e-56
0 3 2 3.50763e-56
0 3 3 8.62738e-56
0 3 4 2.03879e-55
0 3 5 4.62907e-55
0 3 6 1.00982e-54
0 3 7 2.11651e-54
0 3 8 4.26214e-54
0 3 9 8.24635e-54
0 3 10 1.53294e-53
0 3 11 2.73788e-53
0 3 12 4.69823e-53
0 3 13 7.74607e-53
0 3 14 1.22703e-52
0 3 15 1.8675e-52
0 3 16 2.73082e-52
0 3 17 3.83665e-52
0 3 18 5.17894e-52
0 3 19 6.71672e-52
0 3 20 8.36955e-52
0 3 21 1.00202e-51
0 3 22 1.15259e-51
0 3 23 1.27381e-51
0 3 24 1.35258e-51
0 3 25 1.37991e-51
0 3 26 1.35258e-51
0 3 27 1.27381e-51
0 3 28 1.15259e-51
0 3 29 1.00202e-51
0 3 30 8.36955e-52
0 3 31 6.71672e-52
0 3 32 5.17894e-52
0 3 33 3.83665e-52
0 3 34 2.73082e-52
0 3 35 1.8675e-52
0 3 36 1.22703e-52
0 3 37 7.74607e-53
0 3 38 4.69823e-53
0 3 39 2.73788e-53
0 3 40 1.53294e-53
0 3 41 8.24635e-54
0 3 42 4.26214e-54
0 3 43 2.11651e-54
0 3 44 1.00982e-54
0 3 45 4.62907e-55
0 3 46 2.03879e-55
0 3 47 8.62738e-56
0 3 48 3.50763e-56
0 3 49 8.1148e-98
0 4 0 7.19718e-98
0 4 1 3.23795e-56
0 4 2 8.28909e-56
0 4 3 2.03879e-55
0 4 4 4.81798e-55
0 4 5 1.09392e-54
0 4 6 2.38636e-54
0 4 7 5.00166e-54
0 4 8 1.00721e-53
0 4 9 1.94874e-53
0 4 10 3.62258e-53
0 4 11 6.47006e-53
0 4 12 1.11027e-52
0 4 13 1.83052e-52
0 4 14 2.89968e-52
0 4 15 4.4132e-52
0 4 16 6.45336e-52
0 4 17 9.06663e-52
0 4 18 1.22387e-51
0 4 19 1.58727e-51
0 4 20 1.97786e-51
0 4 21 2.36793e-51
0 4 22 2.72377e-51
0 4 23 3.01023e-51
0 4 24 3.19637e-51
0 4 25 3.26094e-51
0 4 26 3.19637e-51
0 4 27 3.01023e-51
0 4 28 2.72377e-51
0 4 29 2.36793e-51
0 4 30 1.97786e-51
0 4 31 1.58727e-51
0 4 32 1.22387e-51
0 4 33 9.06663e-52
0 4 34 6.45336e-52
0 4 35 4.4132e-52
0 4 36 2.89968e-52
0 4 37 1.83052e-52
0 4 38 1.11027e-52
0 4 39 6.47006e-53
0 4 40 3.62258e-53
0 4 41 1.94874e-53
0 4 42 1.00721e-53
0 4 43 5.00166e-54
0 4 44 2.38636e-54
0 4 45 1.09392e-54
0 4 46 4.81798e-55
0 4 47 2.03879e-55
0 4 48 8.28909e-56
0 4 49 1.91766e-97
0 5 0 1.63412e-97
0 5 1 7.35177e-56
0 5 2 1.88204e-55
0 5 3 4.62907e-55
0 5 4 1.09392e-54
0 5 5 2.48375e-54
0 5 6 5.41824e-54
0 5 7 1.13563e-53
0 5 8 2.28687e-53
0 5 9 4.42462e-53
0 5 10 8.22506e-53
0 5 11 1.46903e-52
0 5 12 2.52086e-52
0 5 13 4.1562e-52
0 5 14 6.58372e-52
0 5 15 1.00202e-51
0 5 16 1.46523e-51
0 5 17 2.05858e-51
0 5 18 2.77879e-51
0 5 19 3.60389e-51
0 5 20 4.49073e-51
0 5 21 5.37638e-51
0 5 22 6.18431e-51
0 5 23 6.83472e-51
0 5 24 7.25735e-51
0 5 25 7.40396e-51
0 5 26 7.25735e-51
0 5 27 6.83472e-51
0 5 28 6.18431e-51
0 5 29 5.37638e-51
0 5 30 4.49073e-51
0 5 31 3.60389e-51
0 5 32 2.77879e-51
0 5 33 2.05858e-51
0 5 34 1.46523e-51
0 5 35 1.00202e-51
0 5 36 6.58372e-52
0 5 37 4.1562e-52
0 5 38 2.52086e-52
0 5 39 1.46903e-52
0 5 40 8.22506e-53
0 5 41 4.42462e-53
0 5 42 2.28687e-53
0 5 43 1.13563e-53
0 5 44 5.41824e-54
0 5 45 2.48375e-54
0 5 46 1.09392e-54
0 5 47 4.62907e-55
0 5 48 1.88204e-55
0 5 49 4.35404e-97
0 6 0 3.56479e-97
0 6 1 1.60377e-55
0 6 2 4.10561e-55
0 6 3 1.00982e-54
0 6 4 2.38636e-54
0 6 5 5.41824e-54
0 6 6 1.18197e-53
0 6 7 2.47734e-53
0 6 8 4.98875e-53
0 6 9 9.65219e-53
0 6 10 1.79427e-52
0 6 11 3.20464e-52
0 6 12 5.49919e-52
0 6 13 9.06663e-52
0 6 14 1.43622e-51
0 6 15 2.18587e-51
0 6 16 3.19637e-51
0 6 17 4.49073e-51
0 6 18 6.06185e-51
0 6 19 7.8618e-51
0 6 20 9.7964e-51
0 6 21 1.17284e-50
0 6 22 1.34909e-50
0 6 23 1.49097e-50
0 6 24 1.58317e-50
0 6 25 1.61515e-50
0 6 26 1.58317e-50
0 6 27 1.49097e-50
0 6 28 1.34909e-50
0 6 29 1.17284e-50
0 6 30 9.7964e-51
0 6 31 7.8618e-51
0 6 32 6.06185e-51
0 6 33 4.49073e-51
0 6 34 3.19637e-51
0 6 35 2.18587e-51
0 6 36 1.43622e-51
0 6 37 9.06663e-52
0 6 38 5.49919e-52
0 6 39 3.20464e-52
0 6 40 1.79427e-52
0 6 41 9.65219e-53
0 6 42 4.98875e-53
0 6 43 2.47734e-53
0 6 44 1.18197e-53
0 6 45 5.41824e-54
0 6 46 2.38636e-54
0 6 47 1.00982e-54
0 6 48 4.10561e-55
0 6 49 9.49822e-97
0 7 0 7.47157e-97
0 7 1 3.36139e-55
0 7 2 8.6051e-55
0 7 3 2.11651e-54
0 7 4 5.00166e-54
0 7 5 1.13563e-53
0 7 6 2.47734e-53
0 7 7 5.19234e-53
0 7 8 1.04561e-52
0 7 9 2.02304e-52
0 7 10 3.76068e-52
0 7 11 6.71672e-52
0 7 12 1.15259e-51
0 7 13 1.90031e-51
0 7 14 3.01023e-51
0 7 15 4.58145e-51
0 7 16 6.69938e-51
0 7 17 9.41228e-51
0 7 18 1.27052e-50
0 7 19 1.64778e-50
0 7 20 2.05326e-50
0 7 21 2.4582e-50
0 7 22 2.8276e-50
0 7 23 3.12499e-50
0 7 24 3.31823e-50
0 7 25 3.38526e-50
0 7 26 3.31823e-50
0 7 27 3.12499e-50
0 7 28 2.8276e-50
0 7 29 2.4582e-50
0 7 30 2.05326e-50
0 7 31 1.64778e-50
0 7 32 1.27052e-50
0 7 33 9.41228e-51
0 7 34 6.69938e-51
0 7 35 4.58145e-51
0 7 36 3.01023e-51
0 7 37 1.90031e-51
0 7 38 1.15259e-51
0 7 39 6.71672e-52
0 7 40 3.76068e-52
0 7 41 2.02304e-52
0 7 42 1.04561e-52
0 7 43 5.19234e-53
0 7 44 2.47734e-53
0 7 45 1.13563e-53
0 7 46 5.00166e-54
0 7 47 2.11651e-54
0 7 48 8.6051e-55
0 7 49 1.99077e-96
0 8 0 1.50459e-96
0 8 1 6.76901e-55
0 8 2 1.73286e-54
0 8 3 4.26214e-54
0 8 4 1.00721e-53
0 8 5 2.28687e-53
0 8 6 4.98875e-53
0 8 7 1.04561e-52
0 8 8 2.1056e-52
0 8 9 4.0739e-52
0 8 10 7.57308e-52
0 8 11 1.35258e-51
0 8 12 2.32104e-51
0 8 13 3.82675e-51
0 8 14 6.06185e-51
0 8 15 9.2259e-51
0 8 16 1.34909e-50
0 8 17 1.8954e-50
0 8 18 2.55852e-50
0 8 19 3.31823e-50
0 8 20 4.13476e-50
0 8 21 4.95021e-50
0 8 22 5.6941e-50
0 8 23 6.29295e-50
0 8 24 6.68208e-50
0 8 25 6.81707e-50
0 8 26 6.68208e-50
0 8 27 6.29295e-50
0 8 28 5.6941e-50
0 8 29 4.95021e-50
0 8 30 4.13476e-50
0 8 31 3.31823e-50
0 8 32 2.55852e-50
0 8 33 1.8954e-50
0 8 34 1.34909e-50
0 8 35 9.2259e-51
0 8 36 6.06185e-51
0 8 37 3.82675e-51
0 8 38 2.32104e-51
0 8 39 1.35258e-51
0 8 40 7.57308e-52
0 8 41 4.0739e-52
0 8 42 2.1056e-52
0 8 43 1.04561e-52
0 8 44 4.98875e-53
0 8 45 2.28687e-53
0 8 46 1.00721e-53
0 8 47 4.26214e-54
0 8 48 1.73286e-54
0 8 49 4.00891e-96
0 9 0 2.91107e-96
0 9 1 1.30966e-54
0 9 2 3.35271e-54
0 9 3 8.24635e-54
0 9 4 1.94874e-53
0 9 5 4.42462e-53
0 9 6 9.65219e-53
0 9 7 2.02304e-52
0 9 8 4.0739e-52
0 9 9 7.88215e-52
0 9 10 1.46523e-51
0 9 11 2.61696e-51
0 9 12 4.49073e-51
0 9 13 7.40396e-51
0 9 14 1.17284e-50
0 9 15 1.78502e-50
0 9 16 2.61021e-50
0 9 17 3.66721e-50
0 9 18 4.95021e-50
0 9 19 6.42008e-50
0 9 20 7.99991e-50
0 9 21 9.57763e-50
0 9 22 1.10169e-49
0 9 23 1.21756e-49
0 9 24 1.29284e-49
0 9 25 1.31896e-49
0 9 26 1.29284e-49
0 9 27 1.21756e-49
0 9 28 1.10169e-49
0 9 29 9.57763e-50
0 9 30 7.99991e-50
0 9 31 6.42008e-50
0 9 32 4.95021e-50
0 9 33 3.66721e-50
0 9 34 2.61021e-50
0 9 35 1.78502e-50
0 9 36 1.17284e-50
0 9 37 7.40396e-51
0 9 38 4.49073e-51
0 9 39 2.61696e-51
0 9 40 1.46523e-51
0 9 41 7.88215e-52
0 9 42 4.0739e-52
0 9 43 2.02304e-52
0 9 44 9.65219e-53
0 9 45 4.42462e-53
0 9 46 1.94874e-53
0 9 47 8.24635e-54
0 9 48 3.35271e-54
0 9 49 7.75641e-96
0 10 0 5.41146e-96
0 10 1 2.43457e-54
0 10 2 6.23246e-54
0 10 3 1.53294e-53
0 10 4 3.62258e-53
0 10 5 8.22506e-53
0 10 6 1.79427e-52
0 10 7 3.76068e-52
0 10 8 7.57308e-52
0 10 9 1.46523e-51
0 10 10 2.72377e-51
0 10 11 4.86475e-51
0 10 12 8.34794e-51
0 10 13 1.37634e-50
0 10 14 2.18023e-50
0 10 15 3.31823e-50
0 10 16 4.85219e-50
0 10 17 6.81707e-50
0 10 18 9.20208e-50
0 10 19 1.19345e-49
0 10 20 1.48713e-49
0 10 21 1.78041e-49
0 10 22 2.04796e-49
0 10 23 2.26335e-49
0 10 24 2.40331e-49
0 10 25 2.45186e-49
0 10 26 2.40331e-49
0 10 27 2.26335e-49
0 10 28 2.04796e-49
0 10 29 1.78041e-49
0 10 30 1.48713e-49
0 10 31 1.19345e-49
0 10 32 9.20208e-50
0 10 33 6.81707e-50
0 10 34 4.85219e-50
0 10 35 3.31823e-50
0 10 36 2.18023e-50
0 10 37 1.37634e-50
0 10 38 8.34794e-51
0 10 39 4.86475e-51
0 10 40 2.72377e-51
0 10 41 1.46523e-51
0 10 42 7.57308e-52
0 10 43 3.76068e-52
0 10 44 1.79427e-52
0 10 45 8.22506e-53
0 10 46 3.62258e-53
0 10 47 1.53294e-53
0 10 48 6.23246e-54
0 10 49 1.44186e-95
0 11 0 9.66508e-96
0 11 1 4.34824e-54
0 11 2 1.11314e-53
0 11 3 2.73788e-53
0 11 4 6.47006e-53
0 11 5 1.46903e-52
0 11 6 3.20464e-52
0 11 7 6.71672e-52
0 11 8 1.35258e-51
0 11 9 2.61696e-51
0 11 10 4.86475e-51
0 11 11 8.68863e-51
0 11 12 1.49097e-50
0 11 13 2.4582e-50
0 11 14 3.89397e-50
0 11 15 5.92648e-50
0 11 16 8.6662e-50
0 11 17 1.21756e-49
0 11 18 1.64353e-49
0 11 19 2.13154e-49
0 11 20 2.65606e-49
0 11 21 3.17988e-49
0 11 22 3.65774e-49
0 11 23 4.04243e-49
0 11 24 4.2924e-49
0 11 25 4.37911e-49
0 11 26 4.2924e-49
0 11 27 4.04243e-49
0 11 28 3.65774e-49
0 11 29 3.17988e-49
0 11 30 2.65606e-49
0 11 31 2.13154e-49
0 11 32 1.64353e-49
0 11 33 1.21756e-49
0 11 34 8.6662e-50
0 11 35 5.92648e-50
0 11 36 3.89397e-50
0 11 37 2.4582e-50
0 11 38 1.49097e-50
0 11 39 8.68863e-51
0 11 40 4.86475e-51
0 11 41 2.61696e-51
0 11 42 1.35258e-51
0 11 43 6.71672e-52
0 11 44 3.20464e-52
0 11 45 1.46903e-52
0 11 46 6.47006e-53
0 11 47 2.73788e-53
0 11 48 1.11314e-53
0 11 49 2.57522e-95
0 12 0 1.65853e-95
0 12 1 7.4616e-54
0 12 2 1.91016e-53
0 12 3 4.69823e-53
0 12 4 1.11027e-52
0 12 5 2.52086e-52
0 12 6 5.49919e-52
0 12 7 1.15259e-51
0 12 8 2.32104e-51
0 12 9 4.49073e-51
0 12 10 8.34794e-51
0 12 11 1.49097e-50
0 12 12 2.55852e-50
0 12 13 4.21829e-50
0 12 14 6.68208e-50
0 12 15 1.01699e-49
0 12 16 1.48713e-49
0 12 17 2.08933e-49
0 12 18 2.8203e-49
0 12 19 3.65774e-49
0 12 20 4.55782e-49
0 12 21 5.4567e-49
0 12 22 6.2767e-49
0 12 23 6.93683e-49
0 12 24 7.36578e-49
0 12 25 7.51458e-49
0 12 26 7.36578e-49
0 12 27 6.93683e-49
0 12 28 6.2767e-49
0 12 29 5.4567e-49
0 12 30 4.55782e-49
0 12 31 3.65774e-49
0 12 32 2.8203e-49
0 12 33 2.08933e-49
0 12 34 1.48713e-49
0 12 35 1.01699e-49
0 12 36 6.68208e-50
0 12 37 4.21829e-50
0 12 38 2.55852e-50
0 12 39 1.49097e-50
0 12 40 8.34794e-51
0 12 41 4.49073e-51
0 12 42 2.32104e-51
0 12 43 1.15259e-51
0 12 44 5.49919e-52
0 12 45 2.52086e-52
0 12 46 1.11027e-52
0 12 47 4.69823e-53
0 12 48 1.91016e-53
0 12 49 4.41909e-95
0 13 0 2.73446e-95
0 13 1 1.23021e-53
0 13 2 3.14932e-53
0 13 3 7.74607e-53
0 13 4 1.83052e-52
0 13 5 4.1562e-52
0 13 6 9.06663e-52
0 13 7 1.90031e-51
0 13 8 3.82675e-51
0 13 9 7.40396e-51
0 13 10 1.37634e-50
0 13 11 2.4582e-50
0 13 12 4.21829e-50
0 13 13 6.95479e-50
0 13 14 1.10169e-49
0 13 15 1.67673e-49
0 13 16 2.45186e-49
0 13 17 3.44473e-49
0 13 18 4.6499e-49
0 13 19 6.03059e-49
0 13 20 7.51458e-49
0 13 21 8.99658e-49
0 13 22 1.03485e-48
0 13 23 1.14369e-48
0 13 24 1.21441e-48
0 13 25 1.23894e-48
0 13 26 1.21441e-48
0 13 27 1.14369e-48
0 13 28 1.03485e-48
0 13 29 8.99658e-49
0 13 30 7.51458e-49
0 13 31 6.03059e-49
0 13 32 4.6499e-49
0 13 33 3.44473e-49
0 13 34 2.45186e-49
0 13 35 1.67673e-49
0 13 36 1.10169e-49
0 13 37 6.95479e-50
0 13 38 4.21829e-50
0 13 39 2.4582e-50
0 13 40 1.37634e-50
0 13 41 7.40396e-51
0 13 42 3.82675e-51
0 13 43 1.90031e-51
0 13 44 9.06663e-52
0 13 45 4.1562e-52
0 13 46 1.83052e-52
0 13 47 7.74607e-53
0 13 48 3.14932e-53
0 13 49 7.28585e-95
0 14 0 4.33159e-95
0 14 1 1.94874e-53
0 14 2 4.98875e-53
0 14 3 1.22703e-52
0 14 4 2.89968e-52
0 14 5 6.58372e-52
0 14 6 1.43622e-51
0 14 7 3.01023e-51
0 14 8 6.06185e-51
0 14 9 1.17284e-50
0 14 10 2.18023e-50
0 14 11 3.89397e-50
0 14 12 6.68208e-50
0 14 13 1.10169e-49
0 14 14 1.74516e-49
0 14 15 2.65606e-49
0 14 16 3.88392e-49
0 14 17 5.4567e-49
0 14 18 7.36578e-49
0 14 19 9.5529e-49
0 14 20 1.19036e-48
0 14 21 1.42513e-48
0 14 22 1.63928e-48
0 14 23 1.81169e-48
0 14 24 1.92372e-48
0 14 25 1.96258e-48
0 14 26 1.92372e-48
0 14 27 1.81169e-48
0 14 28 1.63928e-48
0 14 29 1.42513e-48
0 14 30 1.19036e-48
0 14 31 9.5529e-49
0 14 32 7.36578e-49
0 14 33 5.4567e-49
0 14 34 3.88392e-49
0 14 35 2.65606e-49
0 14 36 1.74516e-49
0 14 37 1.10169e-49
0 14 38 6.68208e-50
0 14 39 3.89397e-50
0 14 40 2.18023e-50
0 14 41 1.17284e-50
0 14 42 6.06185e-51
0 14 43 3.01023e-51
0 14 44 1.43622e-51
0 14 45 6.58372e-52
0 14 46 2.89968e-52
0 14 47 1.22703e-52
0 14 48 4.98875e-53
0 14 49 1.15413e-94
0 15 0 6.59251e-95
0 15 1 2.96591e-53
0 15 2 7.59269e-53
0 15 3 1.8675e-52
0 15 4 4.4132e-52
0 15 5 1.00202e-51
0 15 6 2.18587e-51
0 15 7 4.58145e-51
0 15 8 9.2259e-51
0 15 9 1.78502e-50
0 15 10 3.31823e-50
0 15 11 5.92648e-50
0 15 12 1.01699e-49
0 15 13 1.67673e-49
0 15 14 2.65606e-49
0 15 15 4.04243e-49
0 15 16 5.91118e-49
0 15 17 8.30489e-49
0 15 18 1.12104e-48
0 15 19 1.45391e-48
0 15 20 1.81169e-48
0 15 21 2.16899e-48
0 15 22 2.49493e-48
0 15 23 2.75732e-48
0 15 24 2.92783e-48
0 15 25 2.98697e-48
0 15 26 2.92783e-48
0 15 27 2.75732e-48
0 15 28 2.49493e-48
0 15 29 2.16899e-48
0 15 30 1.81169e-48
0 15 31 1.45391e-48
0 15 32 1.12104e-48
0 15 33 8.30489e-49
0 15 34 5.91118e-49
0 15 35 4.04243e-49
0 15 36 2.65606e-49
0 15 37 1.67673e-49
0 15 38 1.01699e-49
0 15 39 5.92648e-50
0 15 40 3.31823e-50
0 15 41 1.78502e-50
0 15 42 9.2259e-51
0 15 43 4.58145e-51
0 15 44 2.18587e-51
0 15 45 1.00202e-51
0 15 46 4.4132e-52
0 15 47 1.8675e-52
0 15 48 7.59269e-53
0 15 49 1.75655e-94
0 16 0 9.64013e-95
0 16 1 4.33701e-53
0 16 2 1.11027e-52
0 16 3 2.73082e-52
0 16 4 6.45336e-52
0 16 5 1.46523e-51
0 16 6 3.19637e-51
0 16 7 6.69938e-51
0 16 8 1.34909e-50
0 16 9 2.61021e-50
0 16 10 4.85219e-50
0 16 11 8.6662e-50
0 16 12 1.48713e-49
0 16 13 2.45186e-49
0 16 14 3.88392e-49
0 16 15 5.91118e-49
0 16 16 8.64382e-49
0 16 17 1.21441e-48
0 16 18 1.63928e-48
0 16 19 2.12604e-48
0 16 20 2.64921e-48
0 16 21 3.17168e-48
0 16 22 3.64829e-48
0 16 23 4.03199e-48
0 16 24 4.28131e-48
0 16 25 4.3678e-48
0 16 26 4.28131e-48
0 16 27 4.03199e-48
0 16 28 3.64829e-48
0 16 29 3.17168e-48
0 16 30 2.64921e-48
0 16 31 2.12604e-48
0 16 32 1.63928e-48
0 16 33 1.21441e-48
0 16 34 8.64382e-49
0 16 35 5.91118e-49
0 16 36 3.88392e-49
0 16 37 2.45186e-49
0 16 38 1.48713e-49
0 16 39 8.6662e-50
0 16 40 4.85219e-50
0 16 41 2.61021e-50
0 16 42 1.34909e-50
0 16 43 6.69938e-51
0 16 44 3.19637e-51
0 16 45 1.46523e-51
0 16 46 6.45336e-52
0 16 47 2.73082e-52
0 16 48 1.11027e-52
0 16 49 2.56857e-94
0 17 0 1.35439e-94
0 17 1 6.09327e-53
0 17 2 1.55987e-52
0 17 3 3.83665e-52
0 17 4 9.06663e-52
0 17 5 2.05858e-51
0 17 6 4.49073e-51
0 17 7 9.41228e-51
0 17 8 1.8954e-50
0 17 9 3.66721e-50
0 17 10 6.81707e-50
0 17 11 1.21756e-49
0 17 12 2.08933e-49
0 17 13 3.44473e-49
0 17 14 5.4567e-49
0 17 15 8.30489e-49
0 17 16 1.21441e-48
0 17 17 1.70618e-48
0 17 18 2.30311e-48
0 17 19 2.98697e-48
0 17 20 3.722e-48
0 17 21 4.45604e-48
0 17 22 5.12566e-48
0 17 23 5.66473e-48
0 17 24 6.01502e-48
0 17 25 6.13653e-48
0 17 26 6.01502e-48
0 17 27 5.66473e-48
0 17 28 5.12566e-48
0 17 29 4.45604e-48
0 17 30 3.722e-48
0 17 31 2.98697e-48
0 17 32 2.30311e-48
0 17 33 1.70618e-48
0 17 34 1.21441e-48
0 17 35 8.30489e-49
0 17 36 5.4567e-49
0 17 37 3.44473e-49
0 17 38 2.08933e-49
0 17 39 1.21756e-49
0 17 40 6.81707e-50
0 17 41 3.66721e-50
0 17 42 1.8954e-50
0 17 43 9.41228e-51
0 17 44 4.49073e-51
0 17 45 2.05858e-51
0 17 46 9.06663e-52
0 17 47 3.83665e-52
0 17 48 1.55987e-52
0 17 49 3.60871e-94
0 18 0 1.82823e-94
0 18 1 8.22506e-53
0 18 2 2.1056e-52
0 18 3 5.17894e-52
0 18 4 1.22387e-51
0 18 5 2.77879e-51
0 18 6 6.06185e-51
0 18 7 1.27052e-50
0 18 8 2.55852e-50
0 18 9 4.95021e-50
0 18 10 9.20208e-50
0 18 11 1.64353e-49
0 18 12 2.8203e-49
0 18 13 4.6499e-49
0 18 14 7.36578e-49
0 18 15 1.12104e-48
0 18 16 1.63928e-48
0 18 17 2.30311e-48
0 18 18 3.10887e-48
0 18 19 4.03199e-48
0 18 20 5.02417e-48
0 18 21 6.01502e-48
0 18 22 6.91892e-48
0 18 23 7.64659e-48
0 18 24 8.11943e-48
0 18 25 8.28345e-48
0 18 26 8.11943e-48
0 18 27 7.64659e-48
0 18 28 6.91892e-48
0 18 29 6.01502e-48
0 18 30 5.02417e-48
0 18 31 4.03199e-48
0 18 32 3.10887e-48
0 18 33 2.30311e-48
0 18 34 1.63928e-48
0 18 35 1.12104e-48
0 18 36 7.36578e-49
0 18 37 4.6499e-49
0 18 38 2.8203e-49
0 18 39 1.64353e-49
0 18 40 9.20208e-50
0 18 41 4.95021e-50
0 18 42 2.55852e-50
0 18 43 1.27052e-50
0 18 44 6.06185e-51
0 18 45 2.77879e-51
0 18 46 1.22387e-51
0 18 47 5.17894e-52
0 18 48 2.1056e-52
0 18 49 4.87124e-94
0 19 0 2.37109e-94
0 19 1 1.06673e-52
0 19 2 2.73082e-52
0 19 3 6.71672e-52
0 19 4 1.58727e-51
0 19 5 3.60389e-51
0 19 6 7.8618e-51
0 19 7 1.64778e-50
0 19 8 3.31823e-50
0 19 9 6.42008e-50
0 19 10 1.19345e-49
0 19 11 2.13154e-49
0 19 12 3.65774e-49
0 19 13 6.03059e-49
0 19 14 9.5529e-49
0 19 15 1.45391e-48
0 19 16 2.12604e-48
0 19 17 2.98697e-48
0 19 18 4.03199e-48
0 19 19 5.22921e-48
0 19 20 6.51599e-48
0 19 21 7.80106e-48
0 19 22 8.97336e-48
0 19 23 9.91709e-48
0 19 24 1.05303e-47
0 19 25 1.07431e-47
0 19 26 1.05303e-47
0 19 27 9.91709e-48
0 19 28 8.97336e-48
0 19 29 7.80106e-48
0 19 30 6.51599e-48
0 19 31 5.22921e-48
0 19 32 4.03199e-48
0 19 33 2.98697e-48
0 19 34 2.12604e-48
0 19 35 1.45391e-48
0 19 36 9.5529e-49
0 19 37 6.03059e-49
0 19 38 3.65774e-49
0 19 39 2.13154e-49
0 19 40 1.19345e-49
0 19 41 6.42008e-50
0 19 42 3.31823e-50
0 19 43 1.64778e-50
0 19 44 7.8618e-51
0 19 45 3.60389e-51
0 19 46 1.58727e-51
0 19 47 6.71672e-52
0 19 48 2.73082e-52
0 19 49 6.31766e-94
0 20 0 2.95456e-94
0 20 1 1.32923e-52
0 20 2 3.40281e-52
0 20 3 8.36955e-52
0 20 4 1.97786e-51
0 20 5 4.49073e-51
0 20 6 9.7964e-51
0 20 7 2.05326e-50
0 20 8 4.13476e-50
0 20 9 7.99991e-50
0 20 10 1.48713e-49
0 20 11 2.65606e-49
0 20 12 4.55782e-49
0 20 13 7.51458e-49
0 20 14 1.19036e-48
0 20 15 1.81169e-48
0 20 16 2.64921e-48
0 20 17 3.722e-48
0 20 18 5.02417e-48
0 20 19 6.51599e-48
0 20 20 8.11943e-48
0 20 21 9.72072e-48
0 20 22 1.11815e-47
0 20 23 1.23575e-47
0 20 24 1.31216e-47
0 20 25 1.33867e-47
0 20 26 1.31216e-47
0 20 27 1.23575e-47
0 20 28 1.11815e-47
0 20 29 9.72072e-48
0 20 30 8.11943e-48
0 20 31 6.51599e-48
0 20 32 5.02417e-48
0 20 33 3.722e-48
0 20 34 2.64921e-48
0 20 35 1.81169e-48
0 20 36 1.19036e-48
0 20 37 7.51458e-49
0 20 38 4.55782e-49
0 20 39 2.65606e-49
0 20 40 1.48713e-49
0 20 41 7.99991e-50
0 20 42 4.13476e-50
0 20 43 2.05326e-50
0 20 44 9.7964e-51
0 20 45 4.49073e-51
0 20 46 1.97786e-51
0 20 47 8.36955e-52
0 20 48 3.40281e-52
0 20 49 7.87229e-94
0 21 0 3.53725e-94
0 21 1 1.59138e-52
0 21 2 4.0739e-52
0 21 3 1.00202e-51
0 21 4 2.36793e-51
0 21 5 5.37638e-51
0 21 6 1.17284e-50
0 21 7 2.4582e-50
0 21 8 4.95021e-50
0 21 9 9.57763e-50
0 21 10 1.78041e-49
0 21 11 3.17988e-49
0 21 12 5.4567e-49
0 21 13 8.99658e-49
0 21 14 1.42513e-48
0 21 15 2.16899e-48
0 21 16 3.17168e-48
0 21 17 4.45604e-48
0 21 18 6.01502e-48
0 21 19 7.80106e-48
0 21 20 9.72072e-48
0 21 21 1.16378e-47
0 21 22 1.33867e-47
0 21 23 1.47946e-47
0 21 24 1.57094e-47
0 21 25 1.60268e-47
0 21 26 1.57094e-47
0 21 27 1.47946e-47
0 21 28 1.33867e-47
0 21 29 1.16378e-47
0 21 30 9.72072e-48
0 21 31 7.80106e-48
0 21 32 6.01502e-48
0 21 33 4.45604e-48
0 21 34 3.17168e-48
0 21 35 2.16899e-48
0 21 36 1.42513e-48
0 21 37 8.99658e-49
0 21 38 5.4567e-49
0 21 39 3.17988e-49
0 21 40 1.78041e-49
0 21 41 9.57763e-50
0 21 42 4.95021e-50
0 21 43 2.4582e-50
0 21 44 1.17284e-50
0 21 45 5.37638e-51
0 21 46 2.36793e-51
0 21 47 1.00202e-51
0 21 48 4.0739e-52
0 21 49 9.42485e-94
0 22 0 4.06881e-94
0 22 1 1.83052e-52
0 22 2 4.6861e-52
0 22 3 1.15259e-51
0 22 4 2.72377e-51
0 22 5 6.18431e-51
0 22 6 1.34909e-50
0 22 7 2.8276e-50
0 22 8 5.6941e-50
0 22 9 1.10169e-49
0 22 10 2.04796e-49
0 22 11 3.65774e-49
0 22 12 6.2767e-49
0 22 13 1.03485e-48
0 22 14 1.63928e-48
0 22 15 2.49493e-48
0 22 16 3.64829e-48
0 22 17 5.12566e-48
0 22 18 6.91892e-48
0 22 19 8.97336e-48
0 22 20 1.11815e-47
0 22 21 1.33867e-47
0 22 22 1.53983e-47
0 22 23 1.70178e-47
0 22 24 1.80701e-47
0 22 25 1.84352e-47
0 22 26 1.80701e-47
0 22 27 1.70178e-47
0 22 28 1.53983e-47
0 22 29 1.33867e-47
0 22 30 1.11815e-47
0 22 31 8.97336e-48
0 22 32 6.91892e-48
0 22 33 5.12566e-48
0 22 34 3.64829e-48
0 22 35 2.49493e-48
0 22 36 1.63928e-48
0 22 37 1.03485e-48
0 22 38 6.2767e-49
0 22 39 3.65774e-49
0 22 40 2.04796e-49
0 22 41 1.10169e-49
0 22 42 5.6941e-50
0 22 43 2.8276e-50
0 22 44 1.34909e-50
0 22 45 6.18431e-51
0 22 46 2.72377e-51
0 22 47 1.15259e-51
0 22 48 4.6861e-52
0 22 49 1.08412e-93
0 23 0 4.49673e-94
0 23 1 2.02304e-52
0 23 2 5.17894e-52
0 23 3 1.27381e-51
0 23 4 3.01023e-51
0 23 5 6.83472e-51
0 23 6 1.49097e-50
0 23 7 3.12499e-50
0 23 8 6.29295e-50
0 23 9 1.21756e-49
0 23 10 2.26335e-49
0 23 11 4.04243e-49
0 23 12 6.93683e-49
0 23 13 1.14369e-48
0 23 14 1.81169e-48
0 23 15 2.75732e-48
0 23 16 4.03199e-48
0 23 17 5.66473e-48
0 23 18 7.64659e-48
0 23 19 9.91709e-48
0 23 20 1.23575e-47
0 23 21 1.47946e-47
0 23 22 1.70178e-47
0 23 23 1.88076e-47
0 23 24 1.99706e-47
0 23 25 2.0374e-47
0 23 26 1.99706e-47
0 23 27 1.88076e-47
0 23 28 1.70178e-47
0 23 29 1.47946e-47
0 23 30 1.23575e-47
0 23 31 9.91709e-48
0 23 32 7.64659e-48
0 23 33 5.66473e-48
0 23 34 4.03199e-48
0 23 35 2.75732e-48
0 23 36 1.81169e-48
0 23 37 1.14369e-48
0 23 38 6.93683e-49
0 23 39 4.04243e-49
0 23 40 2.26335e-49
0 23 41 1.21756e-49
0 23 42 6.29295e-50
0 23 43 3.12499e-50
0 23 44 1.49097e-50
0 23 45 6.83472e-51
0 23 46 3.01023e-51
0 23 47 1.27381e-51
0 23 48 5.17894e-52
0 23 49 1.19813e-93
0 24 0 4.77479e-94
0 24 1 2.14814e-52
0 24 2 5.49919e-52
0 24 3 1.35258e-51
0 24 4 3.19637e-51
0 24 5 7.25735e-51
0 24 6 1.58317e-50
0 24 7 3.31823e-50
0 24 8 6.68208e-50
0 24 9 1.29284e-49
0 24 10 2.40331e-49
0 24 11 4.2924e-49
0 24 12 7.36578e-49
0 24 13 1.21441e-48
0 24 14 1.92372e-48
0 24 15 2.92783e-48
0 24 16 4.28131e-48
0 24 17 6.01502e-48
0 24 18 8.11943e-48
0 24 19 1.05303e-47
0 24 20 1.31216e-47
0 24 21 1.57094e-47
0 24 22 1.80701e-47
0 24 23 1.99706e-47
0 24 24 2.12055e-47
0 24 25 2.16339e-47
0 24 26 2.12055e-47
0 24 27 1.99706e-47
0 24 28 1.80701e-47
0 24 29 1.57094e-47
0 24 30 1.31216e-47
0 24 31 1.05303e-47
0 24 32 8.11943e-48
0 24 33 6.01502e-48
0 24 34 4.28131e-48
0 24 35 2.92783e-48
0 24 36 1.92372e-48
0 24 37 1.21441e-48
0 24 38 7.36578e-49
0 24 39 4.2924e-49
0 24 40 2.40331e-49
0 24 41 1.29284e-49
0 24 42 6.68208e-50
0 24 43 3.31823e-50
0 24 44 1.58317e-50
0 24 45 7.25735e-51
0 24 46 3.19637e-51
0 24 47 1.35258e-51
0 24 48 5.49919e-52
0 24 49 1.27222e-93
0 25 0 4.87124e-94
0 25 1 2.19153e-52
0 25 2 5.61028e-52
0 25 3 1.37991e-51
0 25 4 3.26094e-51
0 25 5 7.40396e-51
0 25 6 1.61515e-50
0 25 7 3.38526e-50
0 25 8 6.81707e-50
0 25 9 1.31896e-49
0 25 10 2.45186e-49
0 25 11 4.37911e-49
0 25 12 7.51458e-49
0 25 13 1.23894e-48
0 25 14 1.96258e-48
0 25 15 2.98697e-48
0 25 16 4.3678e-48
0 25 17 6.13653e-48
0 25 18 8.28345e-48
0 25 19 1.07431e-47
0 25 20 1.33867e-47
0 25 21 1.60268e-47
0 25 22 1.84352e-47
0 25 23 2.0374e-47
0 25 24 2.16339e-47
0 25 25 2.20709e-47
0 25 26 2.16339e-47
0 25 27 2.0374e-47
0 25 28 1.84352e-47
0 25 29 1.60268e-47
0 25 30 1.33867e-47
0 25 31 1.07431e-47
0 25 32 8.28345e-48
0 25 33 6.13653e-48
0 25 34 4.3678e-48
0 25 35 2.98697e-48
0 25 36 1.96258e-48
0 25 37 1.23894e-48
0 25 38 7.51458e-49
0 25 39 4.37911e-49
0 25 40 2.45186e-49
0 25 41 1.31896e-49
0 25 42 6.81707e-50
0 25 43 3.38526e-50
0 25 44 1.61515e-50
0 25 45 7.40396e-51
0 25 46 3.26094e-51
0 25 47 1.37991e-51
0 25 48 5.61028e-52
0 25 49 1.29792e-93
0 26 0 4.77479e-94
0 26 1 2.14814e-52
0 26 2 5.49919e-52
0 26 3 1.35258e-51
0 26 4 3.19637e-51
0 26 5 7.25735e-51
0 26 6 1.58317e-50
0 26 7 3.31823e-50
0 26 8 6.68208e-50
0 26 9 1.29284e-49
0 26 10 2.40331e-49
0 26 11 4.2924e-49
0 26 12 7.36578e-49
0 26 13 1.21441e-48
0 26 14 1.92372e-48
0 26 15 2.92783e-48
0 26 16 4.28131e-48
0 26 17 6.01502e-48
0 26 18 8.11943e-48
0 26 19 1.05303e-47
0 26 20 1.31216e-47
0 26 21 1.57094e-47
0 26 22 1.80701e-47
0 26 23 1.99706e-47
0 26 24 2.12055e-47
0 26 25 2.16339e-47
0 26 26 2.12055e-47
0 26 27 1.99706e-47
0 26 28 1.80701e-47
0 26 29 1.57094e-47
0 26 30 1.31216e-47
0 26 31 1.05303e-47
0 26 32 8.11943e-48
0 26 33 6.01502e-48
0 26 34 4.28131e-48
0 26 35 2.92783e-48
0 26 36 1.92372e-48
0 26 37 1.21441e-48
0 26 38 7.36578e-49
0 26 39 4.2924e-49
0 26 40 2.40331e-49
0 26 41 1.29284e-49
0 26 42 6.68208e-50
0 26 43 3.31823e-50
0 26 44 1.58317e-50
0 26 45 7.25735e-51
0 26 46 3.19637e-51
0 26 47 1.35258e-51
0 26 48 5.49919e-52
0 26 49 1.27222e-93
0 27 0 4.49673e-94
0 27 1 2.02304e-52
0 27 2 5.17894e-52
0 27 3 1.27381e-51
0 27 4 3.01023e-51
0 27 5 6.83472e-51
0 27 6 1.49097e-50
0 27 7 3.12499e-50
0 27 8 6.29295e-50
0 27 9 1.21756e-49
0 27 10 2.26335e-49
0 27 11 4.04243e-49
0 27 12 6.93683e-49
0 27 13 1.14369e-48
0 27 14 1.81169e-48
0 27 15 2.75732e-48
0 27 16 4.03199e-48
0 27 17 5.66473e-48
0 27 18 7.64659e-48
0 27 19 9.91709e-48
0 27 20 1.23575e-47
0 27 21 1.47946e-47
0 27 22 1.70178e-47
0 27 23 1.88076e-47
0 27 24 1.99706e-47
0 27 25 2.0374e-47
0 27 26 1.99706e-47
0 27 27 1.88076e-47
0 27 28 1.70178e-47
0 27 29 1.47946e-47
0 27 30 1.23575e-47
0 27 31 9.91709e-48
0 27 32 7.64659e-48
0 27 33 5.66473e-48
0 27 34 4.03199e-48
0 27 35 2.75732e-48
0 27 36 1.81169e-48
0 27 37 1.14369e-48
0 27 38 6.93683e-49
0 27 39 4.04243e-49
0 27 40 2.26335e-49
0 27 41 1.21756e-49
0 27 42 6.29295e-50
0 27 43 3.12499e-50
0 27 44 1.49097e-50
0 27 45 6.83472e-51
0 27 46 3.01023e-51
0 27 47 1.27381e-51
0 27 48 5.17894e-52
0 27 49 1.19813e-93
0 28 0 4.06881e-94
0 28 1 1.83052e-52
0 28 2 4.6861e-52
0 28 3 1.15259e-51
0 28 4 2.72377e-51
0 28 5 6.18431e-51
0 28 6 1.34909e-50
0 28 7 2.8276e-50
0 28 8 5.6941e-50
0 28 9 1.10169e-49
0 28 10 2.04796e-49
0 28 11 3.65774e-49
0 28 12 6.2767e-49
0 28 13 1.03485e-48
0 28 14 1.63928e-48
0 28 15 2.49493e-48
0 28 16 3.64829e-48
0 28 17 5.12566e-48
0 28 18 6.91892e-48
0 28 19 8.97336e-48
0 28 20 1.11815e-47
0 28 21 1.33867e-47
0 28 22 1.53983e-47
0 28 23 1.70178e-47
0 28 24 1.80701e-47
0 28 25 1.84352e-47
0 28 26 1.80701e-47
0 28 27 1.70178e-47
0 28 28 1.53983e-47
0 28 29 1.33867e-47
0 28 30 1.11815e-47
0 28 31 8.97336e-48
0 28 32 6.91892e-48
0 28 33 5.12566e-48
0 28 34 3.64829e-48
0 28 35 2.49493e-48
0 28 36 1.63928e-48
0 28 37 1.03485e-48
0 28 38 6.2767e-49
0 28 39 3.65774e-49
0 28 40 2.04796e-49
0 28 41 1.10169e-49
0 28 42 5.6941e-50
0 28 43 2.8276e-50
0 28 44 1.34909e-50
0 28 45 6.18431e-51
0 28 46 2.72377e-51
0 28 47 1.15259e-51
0 28 48 4.6861e-52
0 28 49 1.08412e-93
0 29 0 3.53725e-94
0 29 1 1.59138e-52
0 29 2 4.0739e-52
0 29 3 1.00202e-51
0 29 4 2.36793e-51
0 29 5 5.37638e-51
0 29 6 1.17284e-50
0 29 7 2.4582e-50
0 29 8 4.95021e-50
0 29 9 9.57763e-50
0 29 10 1.78041e-49
0 29 11 3.17988e-49
0 29 12 5.4567e-49
0 29 13 8.99658e-49
0 29 14 1.42513e-48
0 29 15 2.16899e-48
0 29 16 3.17168e-48
0 29 17 4.45604e-48
0 29 18 6.01502e-48
0 29 19 7.80106e-48
0 29 20 9.72072e-48
0 29 21 1.16378e-47
0 29 22 1.33867e-47
0 29 23 1.47946e-47
0 29 24 1.57094e-47
0 29 25 1.60268e-47
0 29 26 1.57094e-47
0 29 27 1.47946e-47
0 29 28 1.33867e-47
0 29 29 1.16378e-47
0 29 30 9.72072e-48
0 29 31 7.80106e-48
0 29 32 6.01502e-48
0 29 33 4.45604e-48
0 29 34 3.17168e-48
0 29 35 2.16899e-48
0 29 36 1.42513e-48
0 29 37 8.99658e-49
0 29 38 5.4567e-49
0 29 39 3.17988e-49
0 29 40 1.78041e-49
0 29 41 9.57763e-50
0 29 42 4.95021e-50
0 29 43 2.4582e-50
0 29 44 1.17284e-50
0 29 45 5.37638e-51
0 29 46 2.36793e-51
0 29 47 1.00202e-51
0 29 48 4.0739e-52
0 29 49 9.42485e-94
0 30 0 2.95456e-94
0 30 1 1.32923e-52
0 30 2 3.40281e-52
0 30 3 8.36955e-52
0 30 4 1.97786e-51
0 30 5 4.49073e-51
0 30 6 9.7964e-51
0 30 7 2.05326e-50
0 30 8 4.13476e-50
0 30 9 7.99991e-50
0 30 10 1.48713e-49
0 30 11 2.65606e-49
0 30 12 4.55782e-49
0 30 13 7.51458e-49
0 30 14 1.19036e-48
0 30 15 1.81169e-48
0 30 16 2.64921e-48
0 30 17 3.722e-48
0 30 18 5.02417e-48
0 30 19 6.51599e-48
0 30 20 8.11943e-48
0 30 21 9.72072e-48
0 30 22 1.11815e-47
0 30 23 1.23575e-47
0 30 24 1.31216e-47
0 30 25 1.33867e-47
0 30 26 1.31216e-47
0 30 27 1.23575e-47
0 30 28 1.11815e-47
0 30 29 9.72072e-48
0 30 30 8.11943e-48
0 30 31 6.51599e-48
0 30 32 5.02417e-48
0 30 33 3.722e-48
0 30 34 2.64921e-48
0 30 35 1.81169e-48
0 30 36 1.19036e-48
0 30 37 7.51458e-49
0 30 38 4.55782e-49
0 30 39 2.65606e-49
0 30 40 1.48713e-49
0 30 41 7.99991e-50
0 30 42 4.13476e-50
0 30 43 2.05326e-50
0 30 44 9.7964e-51
0 30 45 4.49073e-51
0 30 46 1.97786e-51
0 30 47 8.36955e-52
0 30 48 3.40281e-52
0 30 49 7.87229e-94
0 31 0 2.37109e-94
0 31 1 1.06673e-52
0 31 2 2.73082e-52
0 31 3 6.71672e-52
0 31 4 1.58727e-51
0 31 5 3.60389e-51
0 31 6 7.8618e-51
0 31 7 1.64778e-50
0 31 8 3.31823e-50
0 31 9 6.42008e-50
0 31 10 1.19345e-49
0 31 11 2.13154e-49
0 31 12 3.65774e-49
0 31 13 6.03059e-49
0 31 14 9.5529e-49
0 31 15 1.45391e-48
0 31 16 2.12604e-48
0 31 17 2.98697e-48
0 31 18 4.03199e-48
0 31 19 5.22921e-48
0 31 20 6.51599e-48
0 31 21 7.80106e-48
0 31 22 8.97336e-48
0 31 23 9.91709e-48
0 31 24 1.05303e-47
0 31 25 1.07431e-47
0 31 26 1.05303e-47
0 31 27 9.91709e-48
0 31 28 8.97336e-48
0 31 29 7.80106e-48
0 31 30 6.51599e-48
0 31 31 5.22921e-48
0 31 32 4.03199e-48
0 31 33 2.98697e-48
0 31 34 2.12604e-48
0 31 35 1.45391e-48
0 31 36 9.5529e-49
0 31 37 6.03059e-49
0 31 38 3.65774e-49
0 31 39 2.13154e-49
0 31 40 1.19345e-49
0 31 41 6.42008e-50
0 31 42 3.31823e-50
0 31 43 1.64778e-50
0 31 44 7.8618e-51
0 31 45 3.60389e-51
0 31 46 1.58727e-51
0 31 47 6.71672e-52
0 31 48 2.73082e-52
0 31 49 6.31766e-94
0 32 0 1.82823e-94
0 32 1 8.22506e-53
0 32 2 2.1056e-52
0 32 3 5.17894e-52
0 32 4 1.22387e-51
0 32 5 2.77879e-51
0 32 6 6.06185e-51
0 32 7 1.27052e-50
0 32 8 2.55852e-50
0 32 9 4.95021e-50
0 32 10 9.20208e-50
0 32 11 1.64353e-49
0 32 12 2.8203e-49
0 32 13 4.6499e-49
0 32 14 7.36578e-49
0 32 15 1.12104e-48
0 32 16 1.63928e-48
0 32 17 2.30311e-48
0 32 18 3.10887e-48
0 32 19 4.03199e-48
0 32 20 5.02417e-48
0 32 21 6.01502e-48
0 32 22 6.91892e-48
0 32 23 7.64659e-48
0 32 24 8.11943e-48
0 32 25 8.28345e-48
0 32 26 8.11943e-48
0 32 27 7.64659e-48
0 32 28 6.91892e-48
0 32 29 6.01502e-48
0 32 30 5.02417e-48
0 32 31 4.03199e-48
0 32 32 3.10887e-48
0 32 33 2.30311e-48
0 32 34 1.63928e-48
0 32 35 1.12104e-48
0 32 36 7.36578e-49
0 32 37 4.6499e-49
0 32 38 2.8203e-49
0 32 39 1.64353e-49
0 32 40 9.20208e-50
0 32 41 4.95021e-50
0 32 42 2.55852e-50
0 32 43 1.27052e-50
0 32 44 6.06185e-51
0 32 45 2.77879e-51
0 32 46 1.22387e-51
0 32 47 5.17894e-52
0 32 48 2.1056e-52
0 32 49 4.87124e-94
0 33 0 1.35439e-94
0 33 1 6.09327e-53
0 33 2 1.55987e-52
0 33 3 3.83665e-52
0 33 4 9.06663e-52
0 33 5 2.05858e-51
0 33 6 4.49073e-51
0 33 7 9.41228e-51
0 33 8 1.8954e-50
0 33 9 3.66721e-50
0 33 10 6.81707e-50
0 33 11 1.21756e-49
0 33 12 2.08933e-49
0 33 13 3.44473e-49
0 33 14 5.4567e-49
0 33 15 8.30489e-49
0 33 16 1.21441e-48
0 33 17 1.70618e-48
0 33 18 2.30311e-48
0 33 19 2.98697e-48
0 33 20 3.722e-48
0 33 21 4.45604e-48
0 33 22 5.12566e-48
0 33 23 5.66473e-48
0 33 24 6.01502e-48
0 33 25 6.13653e-48
0 33 26 6.01502e-48
0 33 27 5.66473e-48
0 33 28 5.12566e-48
0 33 29 4.45604e-48
0 33 30 3.722e-48
0 33 31 2.98697e-48
0 33 32 2.30311e-48
0 33 33 1.70618e-48
0 33 34 1.21441e-48
0 33 35 8.30489e-49
0 33 36 5.4567e-49
0 33 37 3.44473e-49
0 33 38 2.08933e-49
0 33 39 1.21756e-49
0 33 40 6.81707e-50
0 33 41 3.66721e-50
0 33 42 1.8954e-50
0 33 43 9.41228e-51
0 33 44 4.49073e-51
0 33 45 2.05858e-51
0 33 46 9.06663e-52
0 33 47 3.83665e-52
0 33 48 1.55987e-52
0 33 49 3.60871e-94
0 34 0 9.64013e-95
0 34 1 4.33701e-53
0 34 2 1.11027e-52
0 34 3 2.73082e-52
0 34 4 6.45336e-52
0 34 5 1.46523e-51
0 34 6 3.19637e-51
0 34 7 6.69938e-51
0 34 8 1.34909e-50
0 34 9 2.61021e-50
0 34 10 4.85219e-50
0 34 11 8.6662e-50
0 34 12 1.48713e-49
0 34 13 2.45186e-49
0 34 14 3.88392e-49
0 34 15 5.91118e-49
0 34 16 8.64382e-49
0 34 17 1.21441e-48
0 34 18 1.63928e-48
0 34 19 2.12604e-48
0 34 20 2.64921e-48
0 34 21 3.17168e-48
0 34 22 3.64829e-48
0 34 23 4.03199e-48
0 34 24 4.28131e-48
0 34 25 4.3678e-48
0 34 26 4.28131e-48
0 34 27 4.03199e-48
0 34 28 3.64829e-48
0 34 29 3.17168e-48
0 34 30 2.64921e-48
0 34 31 2.12604e-48
0 34 32 1.63928e-48
0 34 33 1.21441e-48
0 34 34 8.64382e-49
0 34 35 5.91118e-49
0 34 36 3.88392e-49
0 34 37 2.45186e-49
0 34 38 1.48713e-49
0 34 39 8.6662e-50
0 34 40 4.85219e-50
0 34 41 2.61021e-50
0 34 42 1.34909e-50
0 34 43 6.69938e-51
0 34 44 3.19637e-51
0 34 45 1.46523e-51
0 34 46 6.45336e-52
0 34 47 2.73082e-52
0 34 48 1.11027e-52
0 34 49 2.56857e-94
0 35 0 6.59251e-95
0 35 1 2.96591e-53
0 35 2 7.59269e-53
0 35 3 1.8675e-52
0 35 4 4.4132e-52
0 35 5 1.00202e-51
0 35 6 2.18587e-51
0 35 7 4.58145e-51
0 35 8 9.2259e-51
0 35 9 1.78502e-50
0 35 10 3.31823e-50
0 35 11 5.92648e-50
0 35 12 1.01699e-49
0 35 13 1.67673e-49
0 35 14 2.65606e-49
0 35 15 4.04243e-49
0 35 16 5.91118e-49
0 35 17 8.30489e-49
0 35 18 1.12104e-48
0 35 19 1.45391e-48
0 35 20 1.81169e-48
0 35 21 2.16899e-48
0 35 22 2.49493e-48
0 35 23 2.75732e-48
0 35 24 2.92783e-48
0 35 25 2.98697e-48
0 35 26 2.92783e-48
0 35 27 2.75732e-48
0 35 28 2.49493e-48
0 35 29 2.16899e-48
0 35 30 1.81169e-48
0 35 31 1.45391e-48
0 35 32 1.12104e-48
0 35 33 8.30489e-49
0 35 34 5.91118e-49
0 35 35 4.04243e-49
0 35 36 2.65606e-49
0 35 37 1.67673e-49
0 35 38 1.01699e-49
0 35 39 5.92648e-50
0 35 40 3.31823e-50
0 35 41 1.78502e-50
0 35 42 9.2259e-51
0 35 43 4.58145e-51
0 35 44 2.18587e-51
0 35 45 1.00202e-51
0 35 46 4.4132e-52
0 35 47 1.8675e-52
0 35 48 7.59269e-53
0 35 49 1.75655e-94
0 36 0 4.33159e-95
0 36 1 1.94874e-53
0 36 2 4.98875e-53
0 36 3 1.22703e-52
0 36 4 2.89968e-52
0 36 5 6.58372e-52
0 36 6 1.43622e-51
0 36 7 3.01023e-51
0 36 8 6.06185e-51
0 36 9 1.17284e-50
0 36 10 2.18023e-50
0 36 11 3.89397e-50
0 36 12 6.68208e-50
0 36 13 1.10169e-49
0 36 14 1.74516e-49
0 36 15 2.65606e-49
0 36 16 3.88392e-49
0 36 17 5.4567e-49
0 36 18 7.36578e-49
0 36 19 9.5529e-49
0 36 20 1.19036e-48
0 36 21 1.42513e-48
0 36 22 1.63928e-48
0 36 23 1.81169e-48
0 36 24 1.92372e-48
0 36 25 1.96258e-48
0 36 26 1.92372e-48
0 36 27 1.81169e-48
0 36 28 1.63928e-48
0 36 29 1.42513e-48
0 36 30 1.19036e-48
0 36 31 9.5529e-49
0 36 32 7.36578e-49
0 36 33 5.4567e-49
0 36 34 3.88392e-49
0 36 35 2.65606e-49
0 36 36 1.74516e-49
0 36 37 1.10169e-49
0 36 38 6.68208e-50
0 36 39 3.89397e-50
0 36 40 2.18023e-50
0 36 41 1.17284e-50
0 36 42 6.06185e-51
0 36 43 3.01023e-51
0 36 44 1.43622e-51
0 36 45 6.58372e-52
0 36 46 2.89968e-52
0 36 47 1.22703e-52
0 36 48 4.98875e-53
0 36 49 1.15413e-94
0 37 0 2.73446e-95
0 37 1 1.23021e-53
0 37 2 3.14932e-53
0 37 3 7.74607e-53
0 37 4 1.83052e-52
0 37 5 4.1562e-52
0 37 6 9.06663e-52
0 37 7 1.90031e-51
0 37 8 3.82675e-51
0 37 9 7.40396e-51
0 37 10 1.37634e-50
0 37 11 2.4582e-50
0 37 12 4.21829e-50
0 37 13 6.95479e-50
0 37 14 1.10169e-49
0 37 15 1.67673e-49
0 37 16 2.45186e-49
0 37 17 3.44473e-49
0 37 18 4.6499e-49
0 37 19 6.03059e-49
0 37 20 7.51458e-49
0 37 21 8.99658e-49
0 37 22 1.03485e-48
0 37 23 1.14369e-48
0 37 24 1.21441e-48
0 37 25 1.23894e-48
0 37 26 1.21441e-48
0 37 27 1.14369e-48
0 37 28 1.03485e-48
0 37 29 8.99658e-49
0 37 30 7.51458e-49
0 37 31 6.03059e-49
0 37 32 4.6499e-49
0 37 33 3.44473e-49
0 37 34 2.45186e-49
0 37 35 1.67673e-49
0 37 36 1.10169e-49
0 37 37 6.95479e-50
0 37 38 4.21829e-50
0 37 39 2.4582e-50
0 37 40 1.37634e-50
0 37 41 7.40396e-51
0 37 42 3.82675e-51
0 37 43 1.90031e-51
0 37 44 9.06663e-52
0 37 45 4.1562e-52
0 37 46 1.83052e-52
0 37 47 7.74607e-53
0 37 48 3.14932e-53
0 37 49 7.28585e-95
0 38 0 1.65853e-95
0 38 1 7.4616e-54
0 38 2 1.91016e-53
0 38 3 4.69823e-53
0 38 4 1.11027e-52
0 38 5 2.52086e-52
0 38 6 5.49919e-52
0 38 7 1.15259e-51
0 38 8 2.32104e-51
0 38 9 4.49073e-51
0 38 10 8.34794e-51
0 38 11 1.49097e-50
0 38 12 2.55852e-50
0 38 13 4.21829e-50
0 38 14 6.68208e-50
0 38 15 1.01699e-49
0 38 16 1.48713e-49
0 38 17 2.08933e-49
0 38 18 2.8203e-49
0 38 19 3.65774e-49
0 38 20 4.55782e-49
0 38 21 5.4567e-49
0 38 22 6.2767e-49
0 38 23 6.93683e-49
0 38 24 7.36578e-49
0 38 25 7.51458e-49
0 38 26 7.36578e-49
0 38 27 6.93683e-49
0 38 28 6.2767e-49
0 38 29 5.4567e-49
0 38 30 4.55782e-49
0 38 31 3.65774e-49
0 38 32 2.8203e-49
0 38 33 2.08933e-49
0 38 34 1.48713e-49
0 38 35 1.01699e-49
0 38 36 6.68208e-50
0 38 37 4.21829e-50
0 38 38 2.55852e-50
0 38 39 1.49097e-50
0 38 40 8.34794e-51
0 38 41 4.49073e-51
0 38 42 2.32104e-51
0 38 43 1.15259e-51
0 38 44 5.49919e-52
0 38 45 2.52086e-52
0 38 46 1.11027e-52
0 38 47 4.69823e-53
0 38 48 1.91016e-53
0 38 49 4.41909e-95
0 39 0 9.66508e-96
0 39 1 4.34824e-54
0 39 2 1.11314e-53
0 39 3 2.73788e-53
0 39 4 6.47006e-53
0 39 5 1.46903e-52
0 39 6 3.20464e-52
0 39 7 6.71672e-52
0 39 8 1.35258e-51
0 39 9 2.61696e-51
0 39 10 4.86475e-51
0 39 11 8.68863e-51
0 39 12 1.49097e-50
0 39 13 2.4582e-50
0 39 14 3.89397e-50
0 39 15 5.92648e-50
0 39 16 8.6662e-50
0 39 17 1.21756e-49
0 39 18 1.64353e-49
0 39 19 2.13154e-49
0 39 20 2.65606e-49
0 39 21 3.17988e-49
0 39 22 3.65774e-49
0 39 23 4.04243e-49
0 39 24 4.2924e-49
0 39 25 4.37911e-49
0 39 26 4.2924e-49
0 39 27 4.04243e-49
0 39 28 3.65774e-49
0 39 29 3.17988e-49
0 39 30 2.65606e-49
0 39 31 2.13154e-49
0 39 32 1.64353e-49
0 39 33 1.21756e-49
0 39 34 8.6662e-50
0 39 35 5.92648e-50
0 39 36 3.89397e-50
0 39 37 2.4582e-50
0 39 38 1.49097e-50
0 39 39 8.68863e-51
0 39 40 4.86475e-51
0 39 41 2.61696e-51
0 39 42 1.35258e-51
0 39 43 6.71672e-52
0 39 44 3.20464e-52
0 39 45 1.46903e-52
0 39 46 6.47006e-53
0 39 47 2.73788e-53
0 39 48 1.11314e-53
0 39 49 2.57522e-95
0 40 0 5.41146e-96
0 40 1 2.43457e-54
0 40 2 6.23246e-54
0 40 3 1.53294e-53
0 40 4 3.62258e-53
0 40 5 8.22506e-53
0 40 6 1.79427e-52
0 40 7 3.76068e-52
0 40 8 7.57308e-52
0 40 9 1.46523e-51
0 40 10 2.72377e-51
0 40 11 4.86475e-51
0 40 12 8.34794e-51
0 40 13 1.37634e-50
0 40 14 2.18023e-50
0 40 15 3.31823e-50
0 40 16 4.85219e-50
0 40 17 6.81707e-50
0 40 18 9.20208e-50
0 40 19 1.19345e-49
0 40 20 1.48713e-49
0 40 21 1.78041e-49
0 40 22 2.04796e-49
0 40 23 2.26335e-49
0 40 24 2.40331e-49
0 40 25 2.45186e-49
0 40 26 2.40331e-49
0 40 27 2.26335e-49
0 40 28 2.04796e-49
0 40 29 1.78041e-49
0 40 30 1.48713e-49
0 40 31 1.19345e-49
0 40 32 9.20208e-50
0 40 33 6.81707e-50
0 40 34 4.85219e-50
0 40 35 3.31823e-50
0 40 36 2.18023e-50
0 40 37 1.37634e-50
0 40 38 8.34794e-51
0 40 39 4.86475e-51
0 40 40 2.72377e-51
0 40 41 1.46523e-51
0 40 42 7.57308e-52
0 40 43 3.76068e-52
0 40 44 1.79427e-52
0 40 45 8.22506e-53
0 40 46 3.62258e-53
0 40 47 1.53294e-53
0 40 48 6.23246e-54
0 40 49 1.44186e-95
0 41 0 2.91107e-96
0 41 1 1.30966e-54
0 41 2 3.35271e-54
0 41 3 8.24635e-54
0 41 4 1.94874e-53
