0 0 0 7.85387e-134
0 0 1 1.82103e-94
0 0 2 4.6618e-94
0 0 3 1.14662e-93
0 0 4 2.70964e-93
0 0 5 6.15224e-93
0 0 6 1.34209e-92
0 0 7 2.81294e-92
0 0 8 5.66457e-92
0 0 9 1.09598e-91
0 0 10 2.03734e-91
0 0 11 3.63877e-91
0 0 12 6.24415e-91
0 0 13 1.02949e-90
0 0 14 1.63078e-90
0 0 15 2.48199e-90
0 0 16 3.62938e-90
0 0 17 5.09908e-90
0 0 18 6.88304e-90
0 0 19 8.92682e-90
0 0 20 1.11235e-89
0 0 21 1.33173e-89
0 0 22 1.53185e-89
0 0 23 1.69296e-89
0 0 24 1.79764e-89
0 0 25 1.83396e-89
0 0 26 1.79764e-89
0 0 27 1.69296e-89
0 0 28 1.53185e-89
0 0 29 1.33173e-89
0 0 30 1.11235e-89
0 0 31 8.92682e-90
0 0 32 6.88304e-90
0 0 33 5.09908e-90
0 0 34 3.62938e-90
0 0 35 2.48199e-90
0 0 36 1.63078e-90
0 0 37 1.02949e-90
0 0 38 6.24415e-91
0 0 39 3.63877e-91
0 0 40 2.03734e-91
0 0 41 1.09598e-91
0 0 42 5.66457e-92
0 0 43 2.81294e-92
0 0 44 1.34209e-92
0 0 45 6.15224e-93
0 0 46 2.70964e-93
0 0 47 1.14662e-93
0 0 48 4.6618e-94
0 0 49 2.09263e-133
0 1 0 1.82103e-94
0 1 1 4.22231e-55
0 1 2 1.0809e-54
0 1 3 2.65859e-54
0 1 4 6.28268e-54
0 1 5 1.42648e-53
0 1 6 3.11183e-53
0 1 7 6.5222e-53
0 1 8 1.31341e-52
0 1 9 2.54117e-52
0 1 10 4.72386e-52
0 1 11 8.43699e-52
0 1 12 1.44779e-51
0 1 13 2.38701e-51
0 1 14 3.7812e-51
0 1 15 5.75484e-51
0 1 16 8.41521e-51
0 1 17 1.18229e-50
0 1 18 1.59593e-50
0 1 19 2.06981e-50
0 1 20 2.57914e-50
0 1 21 3.08779e-50
0 1 22 3.5518e-50
0 1 23 3.92535e-50
0 1 24 4.16808e-50
0 1 25 4.25228e-50
0 1 26 4.16808e-50
0 1 27 3.92535e-50
0 1 28 3.5518e-50
0 1 29 3.08779e-50
0 1 30 2.57914e-50
0 1 31 2.06981e-50
0 1 32 1.59593e-50
0 1 33 1.18229e-50
0 1 34 8.41521e-51
0 1 35 5.75484e-51
0 1 36 3.7812e-51
0 1 37 2.38701e-51
0 1 38 1.44779e-51
0 1 39 8.43699e-52
0 1 40 4.72386e-52
0 1 41 2.54117e-52
0 1 42 1.31341e-52
0 1 43 6.5222e-53
0 1 44 3.11183e-53
0 1 45 1.42648e-53
0 1 46 6.28268e-54
0 1 47 2.65859e-54
0 1 48 1.0809e-54
0 1 49 4.85205e-94
0 2 0 4.6618e-94
0 2 1 1.0809e-54
0 2 2 2.76709e-54
0 2 3 6.80594e-54
0 2 4 1.60835e-53
0 2 5 3.65177e-53
0 2 6 7.96623e-53
0 2 7 1.66967e-52
0 2 8 3.3623e-52
0 2 9 6.50536e-52
0 2 10 1.2093e-51
0 2 11 2.15985e-51
0 2 12 3.70633e-51
0 2 13 6.1107e-51
0 2 14 9.6798e-51
0 2 15 1.47323e-50
0 2 16 2.15428e-50
0 2 17 3.02665e-50
0 2 18 4.08555e-50
0 2 19 5.29867e-50
0 2 20 6.60255e-50
0 2 21 7.90469e-50
0 2 22 9.09255e-50
0 2 23 1.00488e-49
0 2 24 1.06702e-49
0 2 25 1.08858e-49
0 2 26 1.06702e-49
0 2 27 1.00488e-49
0 2 28 9.09255e-50
0 2 29 7.90469e-50
0 2 30 6.60255e-50
0 2 31 5.29867e-50
0 2 32 4.08555e-50
0 2 33 3.02665e-50
0 2 34 2.15428e-50
0 2 35 1.47323e-50
0 2 36 9.6798e-51
0 2 37 6.1107e-51
0 2 38 3.70633e-51
0 2 39 2.15985e-51
0 2 40 1.2093e-51
0 2 41 6.50536e-52
0 2 42 3.3623e-52
0 2 43 1.66967e-52
0 2 44 7.96623e-53
0 2 45 3.65177e-53
0 2 46 1.60835e-53
0 2 47 6.80594e-54
0 2 48 2.76709e-54
0 2 49 1.24212e-93
0 3 0 1.14662e-93
0 3 1 2.65859e-54
0 3 2 6.80594e-54
0 3 3 1.67399e-53
0 3 4 3.95591e-53
0 3 5 8.9819e-53
0 3 6 1.95938e-52
0 3 7 4.10673e-52
0 3 8 8.26993e-52
0 3 9 1.60006e-51
0 3 10 2.9744e-51
0 3 11 5.31239e-51
0 3 12 9.11609e-51
0 3 13 1.50299e-50
0 3 14 2.38085e-50
0 3 15 3.62356e-50
0 3 16 5.29867e-50
0 3 17 7.44435e-50
0 3 18 1.00488e-49
0 3 19 1.30326e-49
0 3 20 1.62397e-49
0 3 21 1.94424e-49
0 3 22 2.23641e-49
0 3 23 2.47161e-49
0 3 24 2.62445e-49
0 3 25 2.67747e-49
0 3 26 2.62445e-49
0 3 27 2.47161e-49
0 3 28 2.23641e-49
0 3 29 1.94424e-49
0 3 30 1.62397e-49
0 3 31 1.30326e-49
0 3 32 1.00488e-49
0 3 33 7.44435e-50
0 3 34 5.29867e-50
0 3 35 3.62356e-50
0 3 36 2.38085e-50
0 3 37 1.50299e-50
0 3 38 9.11609e-51
0 3 39 5.31239e-51
0 3 40 2.9744e-51
0 3 41 1.60006e-51
0 3 42 8.26993e-52
0 3 43 4.10673e-52
0 3 44 1.95938e-52
0 3 45 8.9819e-53
0 3 46 3.95591e-53
0 3 47 1.67399e-53
0 3 48 6.80594e-54
0 3 49 3.05511e-93
0 4 0 2.70964e-93
0 4 1 6.28268e-54
0 4 2 1.60835e-53
0 4 3 3.95591e-53
0 4 4 9.34846e-53
0 4 5 2.12257e-52
0 4 6 4.63032e-52
0 4 7 9.70485e-52
0 4 8 1.95432e-51
0 4 9 3.7812e-51
0 4 10 7.02898e-51
0 4 11 1.2554e-50
0 4 12 2.15428e-50
0 4 13 3.5518e-50
0 4 14 5.62632e-50
0 4 15 8.56304e-50
0 4 16 1.25216e-49
0 4 17 1.75922e-49
0 4 18 2.3747e-49
0 4 19 3.07982e-49
0 4 20 3.83769e-49
0 4 21 4.59455e-49
0 4 22 5.28499e-49
0 4 23 5.84082e-49
0 4 24 6.20199e-49
0 4 25 6.32728e-49
0 4 26 6.20199e-49
0 4 27 5.84082e-49
0 4 28 5.28499e-49
0 4 29 4.59455e-49
0 4 30 3.83769e-49
0 4 31 3.07982e-49
0 4 32 2.3747e-49
0 4 33 1.75922e-49
0 4 34 1.25216e-49
0 4 35 8.56304e-50
0 4 36 5.62632e-50
0 4 37 3.5518e-50
0 4 38 2.15428e-50
0 4 39 1.2554e-50
0 4 40 7.02898e-51
0 4 41 3.7812e-51
0 4 42 1.95432e-51
0 4 43 9.70485e-52
0 4 44 4.63032e-52
0 4 45 2.12257e-52
0 4 46 9.34846e-53
0 4 47 3.95591e-53
0 4 48 1.60835e-53
0 4 49 7.21972e-93
0 5 0 6.15224e-93
0 5 1 1.42648e-53
0 5 2 3.65177e-53
0 5 3 8.9819e-53
0 5 4 2.12257e-52
0 5 5 4.81929e-52
0 5 6 1.05131e-51
0 5 7 2.20349e-51
0 5 8 4.43728e-51
0 5 9 8.58521e-51
0 5 10 1.59593e-50
0 5 11 2.85039e-50
0 5 12 4.89129e-50
0 5 13 8.06437e-50
0 5 14 1.27746e-49
0 5 15 1.94424e-49
0 5 16 2.84303e-49
0 5 17 3.99431e-49
0 5 18 5.39175e-49
0 5 19 6.99273e-49
0 5 20 8.71348e-49
0 5 21 1.04319e-48
0 5 22 1.19996e-48
0 5 23 1.32616e-48
0 5 24 1.40816e-48
0 5 25 1.43661e-48
0 5 26 1.40816e-48
0 5 27 1.32616e-48
0 5 28 1.19996e-48
0 5 29 1.04319e-48
0 5 30 8.71348e-49
0 5 31 6.99273e-49
0 5 32 5.39175e-49
0 5 33 3.99431e-49
0 5 34 2.84303e-49
0 5 35 1.94424e-49
0 5 36 1.27746e-49
0 5 37 8.06437e-50
0 5 38 4.89129e-50
0 5 39 2.85039e-50
0 5 40 1.59593e-50
0 5 41 8.58521e-51
0 5 42 4.43728e-51
0 5 43 2.20349e-51
0 5 44 1.05131e-51
0 5 45 4.81929e-52
0 5 46 2.12257e-52
0 5 47 8.9819e-53
0 5 48 3.65177e-53
0 5 49 1.63924e-92
0 6 0 1.34209e-92
0 6 1 3.11183e-53
0 6 2 7.96623e-53
0 6 3 1.95938e-52
0 6 4 4.63032e-52
0 6 5 1.05131e-51
0 6 6 2.29341e-51
0 6 7 4.80684e-51
0 6 8 9.6798e-51
0 6 9 1.87284e-50
0 6 10 3.48147e-50
0 6 11 6.21805e-50
0 6 12 1.06702e-49
0 6 13 1.75922e-49
0 6 14 2.78674e-49
0 6 15 4.2413e-49
0 6 16 6.20199e-49
0 6 17 8.71348e-49
0 6 18 1.1762e-48
0 6 19 1.52544e-48
0 6 20 1.90082e-48
0 6 21 2.2757e-48
0 6 22 2.61767e-48
0 6 23 2.89298e-48
0 6 24 3.07187e-48
0 6 25 3.13392e-48
0 6 26 3.07187e-48
0 6 27 2.89298e-48
0 6 28 2.61767e-48
0 6 29 2.2757e-48
0 6 30 1.90082e-48
0 6 31 1.52544e-48
0 6 32 1.1762e-48
0 6 33 8.71348e-49
0 6 34 6.20199e-49
0 6 35 4.2413e-49
0 6 36 2.78674e-49
0 6 37 1.75922e-49
0 6 38 1.06702e-49
0 6 39 6.21805e-50
0 6 40 3.48147e-50
0 6 41 1.87284e-50
0 6 42 9.6798e-51
0 6 43 4.80684e-51
0 6 44 2.29341e-51
0 6 45 1.05131e-51
0 6 46 4.63032e-52
0 6 47 1.95938e-52
0 6 48 7.96623e-53
0 6 49 3.57595e-92
0 7 0 2.81294e-92
0 7 1 6.5222e-53
0 7 2 1.66967e-52
0 7 3 4.10673e-52
0 7 4 9.70485e-52
0 7 5 2.20349e-51
0 7 6 4.80684e-51
0 7 7 1.00748e-50
0 7 8 2.02882e-50
0 7 9 3.92535e-50
0 7 10 7.29695e-50
0 7 11 1.30326e-49
0 7 12 2.23641e-49
0 7 13 3.68721e-49
0 7 14 5.84082e-49
0 7 15 8.8895e-49
0 7 16 1.2999e-48
0 7 17 1.82629e-48
0 7 18 2.46523e-48
0 7 19 3.19723e-48
0 7 20 3.984e-48
0 7 21 4.76971e-48
0 7 22 5.48647e-48
0 7 23 6.06349e-48
0 7 24 6.43844e-48
0 7 25 6.5685e-48
0 7 26 6.43844e-48
0 7 27 6.06349e-48
0 7 28 5.48647e-48
0 7 29 4.76971e-48
0 7 30 3.984e-48
0 7 31 3.19723e-48
0 7 32 2.46523e-48
0 7 33 1.82629e-48
0 7 34 1.2999e-48
0 7 35 8.8895e-49
0 7 36 5.84082e-49
0 7 37 3.68721e-49
0 7 38 2.23641e-49
0 7 39 1.30326e-49
0 7 40 7.29695e-50
0 7 41 3.92535e-50
0 7 42 2.02882e-50
0 7 43 1.00748e-50
0 7 44 4.80684e-51
0 7 45 2.20349e-51
0 7 46 9.70485e-52
0 7 47 4.10673e-52
0 7 48 1.66967e-52
0 7 49 7.49496e-92
0 8 0 5.66457e-92
0 8 1 1.31341e-52
0 8 2 3.3623e-52
0 8 3 8.26993e-52
0 8 4 1.95432e-51
0 8 5 4.43728e-51
0 8 6 9.6798e-51
0 8 7 2.02882e-50
0 8 8 4.08555e-50
0 8 9 7.90469e-50
0 8 10 1.46942e-49
0 8 11 2.62445e-49
0 8 12 4.50357e-49
0 8 13 7.42513e-49
0 8 14 1.1762e-48
0 8 15 1.79013e-48
0 8 16 2.61767e-48
0 8 17 3.67769e-48
0 8 18 4.96437e-48
0 8 19 6.43844e-48
0 8 20 8.02279e-48
0 8 21 9.60502e-48
0 8 22 1.10484e-47
0 8 23 1.22104e-47
0 8 24 1.29654e-47
0 8 25 1.32273e-47
0 8 26 1.29654e-47
0 8 27 1.22104e-47
0 8 28 1.10484e-47
0 8 29 9.60502e-48
0 8 30 8.02279e-48
0 8 31 6.43844e-48
0 8 32 4.96437e-48
0 8 33 3.67769e-48
0 8 34 2.61767e-48
0 8 35 1.79013e-48
0 8 36 1.1762e-48
0 8 37 7.42513e-49
0 8 38 4.50357e-49
0 8 39 2.62445e-49
0 8 40 1.46942e-49
0 8 41 7.90469e-50
0 8 42 4.08555e-50
0 8 43 2.02882e-50
0 8 44 9.6798e-51
0 8 45 4.43728e-51
0 8 46 1.95432e-51
0 8 47 8.26993e-52
0 8 48 3.3623e-52
0 8 49 1.5093e-91
0 9 0 1.09598e-91
0 9 1 2.54117e-52
0 9 2 6.50536e-52
0 9 3 1.60006e-51
0 9 4 3.7812e-51
0 9 5 8.58521e-51
0 9 6 1.87284e-50
0 9 7 3.92535e-50
0 9 8 7.90469e-50
0 9 9 1.52939e-49
0 9 10 2.84303e-49
0 9 11 5.07776e-49
0 9 12 8.71348e-49
0 9 13 1.43661e-48
0 9 14 2.2757e-48
0 9 15 3.46352e-48
0 9 16 5.06465e-48
0 9 17 7.11557e-48
0 9 18 9.60502e-48
0 9 19 1.2457e-47
0 9 20 1.55224e-47
0 9 21 1.85837e-47
0 9 22 2.13764e-47
0 9 23 2.36245e-47
0 9 24 2.50854e-47
0 9 25 2.55921e-47
0 9 26 2.50854e-47
0 9 27 2.36245e-47
0 9 28 2.13764e-47
0 9 29 1.85837e-47
0 9 30 1.55224e-47
0 9 31 1.2457e-47
0 9 32 9.60502e-48
0 9 33 7.11557e-48
0 9 34 5.06465e-48
0 9 35 3.46352e-48
0 9 36 2.2757e-48
0 9 37 1.43661e-48
0 9 38 8.71348e-49
0 9 39 5.07776e-49
0 9 40 2.84303e-49
0 9 41 1.52939e-49
0 9 42 7.90469e-50
0 9 43 3.92535e-50
0 9 44 1.87284e-50
0 9 45 8.58521e-51
0 9 46 3.7812e-51
0 9 47 1.60006e-51
0 9 48 6.50536e-52
0 9 49 2.92018e-91
0 10 0 2.03734e-91
0 10 1 4.72386e-52
0 10 2 1.2093e-51
0 10 3 2.9744e-51
0 10 4 7.02898e-51
0 10 5 1.59593e-50
0 10 6 3.48147e-50
0 10 7 7.29695e-50
0 10 8 1.46942e-49
0 10 9 2.84303e-49
0 10 10 5.28499e-49
0 10 11 9.4392e-49
0 10 12 1.61977e-48
0 10 13 2.67055e-48
0 10 14 4.23035e-48
0 10 15 6.43844e-48
0 10 16 9.41483e-48
0 10 17 1.32273e-47
0 10 18 1.7855e-47
0 10 19 2.31567e-47
0 10 20 2.88551e-47
0 10 21 3.45458e-47
0 10 22 3.97371e-47
0 10 23 4.39163e-47
0 10 24 4.66319e-47
0 10 25 4.7574e-47
0 10 26 4.66319e-47
0 10 27 4.39163e-47
0 10 28 3.97371e-47
0 10 29 3.45458e-47
0 10 30 2.88551e-47
0 10 31 2.31567e-47
0 10 32 1.7855e-47
0 10 33 1.32273e-47
0 10 34 9.41483e-48
0 10 35 6.43844e-48
0 10 36 4.23035e-48
0 10 37 2.67055e-48
0 10 38 1.61977e-48
0 10 39 9.4392e-49
0 10 40 5.28499e-49
0 10 41 2.84303e-49
0 10 42 1.46942e-49
0 10 43 7.29695e-50
0 10 44 3.48147e-50
0 10 45 1.59593e-50
0 10 46 7.02898e-51
0 10 47 2.9744e-51
0 10 48 1.2093e-51
0 10 49 5.42841e-91
0 11 0 3.63877e-91
0 11 1 8.43699e-52
0 11 2 2.15985e-51
0 11 3 5.31239e-51
0 11 4 1.2554e-50
0 11 5 2.85039e-50
0 11 6 6.21805e-50
0 11 7 1.30326e-49
0 11 8 2.62445e-49
0 11 9 5.07776e-49
0 11 10 9.4392e-49
0 11 11 1.68588e-48
0 11 12 2.89298e-48
0 11 13 4.76971e-48
0 11 14 7.55557e-48
0 11 15 1.14993e-47
0 11 16 1.68152e-47
0 11 17 2.36245e-47
0 11 18 3.18898e-47
0 11 19 4.13588e-47
0 11 20 5.15363e-47
0 11 21 6.17001e-47
0 11 22 7.0972e-47
0 11 23 7.84362e-47
0 11 24 8.32864e-47
0 11 25 8.49689e-47
0 11 26 8.32864e-47
0 11 27 7.84362e-47
0 11 28 7.0972e-47
0 11 29 6.17001e-47
0 11 30 5.15363e-47
0 11 31 4.13588e-47
0 11 32 3.18898e-47
0 11 33 2.36245e-47
0 11 34 1.68152e-47
0 11 35 1.14993e-47
0 11 36 7.55557e-48
0 11 37 4.76971e-48
0 11 38 2.89298e-48
0 11 39 1.68588e-48
0 11 40 9.4392e-49
0 11 41 5.07776e-49
0 11 42 2.62445e-49
0 11 43 1.30326e-49
0 11 44 6.21805e-50
0 11 45 2.85039e-50
0 11 46 1.2554e-50
0 11 47 5.31239e-51
0 11 48 2.15985e-51
0 11 49 9.69534e-91
0 12 0 6.24415e-91
0 12 1 1.44779e-51
0 12 2 3.70633e-51
0 12 3 9.11609e-51
0 12 4 2.15428e-50
0 12 5 4.89129e-50
0 12 6 1.06702e-49
0 12 7 2.23641e-49
0 12 8 4.50357e-49
0 12 9 8.71348e-49
0 12 10 1.61977e-48
0 12 11 2.89298e-48
0 12 12 4.96437e-48
0 12 13 8.18486e-48
0 12 14 1.29654e-47
0 12 15 1.97329e-47
0 12 16 2.88551e-47
0 12 17 4.05399e-47
0 12 18 5.47231e-47
0 12 19 7.0972e-47
0 12 20 8.84366e-47
0 12 21 1.05878e-46
0 12 22 1.21788e-46
0 12 23 1.34597e-46
0 12 24 1.4292e-46
0 12 25 1.45807e-46
0 12 26 1.4292e-46
0 12 27 1.34597e-46
0 12 28 1.21788e-46
0 12 29 1.05878e-46
0 12 30 8.84366e-47
0 12 31 7.0972e-47
0 12 32 5.47231e-47
0 12 33 4.05399e-47
0 12 34 2.88551e-47
0 12 35 1.97329e-47
0 12 36 1.29654e-47
0 12 37 8.18486e-48
0 12 38 4.96437e-48
0 12 39 2.89298e-48
0 12 40 1.61977e-48
0 12 41 8.71348e-49
0 12 42 4.50357e-49
0 12 43 2.23641e-49
0 12 44 1.06702e-49
0 12 45 4.89129e-50
0 12 46 2.15428e-50
0 12 47 9.11609e-51
0 12 48 3.70633e-51
0 12 49 1.66373e-90
0 13 0 1.02949e-90
0 13 1 2.38701e-51
0 13 2 6.1107e-51
0 13 3 1.50299e-50
0 13 4 3.5518e-50
0 13 5 8.06437e-50
0 13 6 1.75922e-49
0 13 7 3.68721e-49
0 13 8 7.42513e-49
0 13 9 1.43661e-48
0 13 10 2.67055e-48
0 13 11 4.76971e-48
0 13 12 8.18486e-48
0 13 13 1.34945e-47
0 13 14 2.13764e-47
0 13 15 3.2534e-47
0 13 16 4.7574e-47
0 13 17 6.68389e-47
0 13 18 9.02231e-47
0 13 19 1.17013e-46
0 13 20 1.45807e-46
0 13 21 1.74563e-46
0 13 22 2.00795e-46
0 13 23 2.21913e-46
0 13 24 2.35635e-46
0 13 25 2.40396e-46
0 13 26 2.35635e-46
0 13 27 2.21913e-46
0 13 28 2.00795e-46
0 13 29 1.74563e-46
0 13 30 1.45807e-46
0 13 31 1.17013e-46
0 13 32 9.02231e-47
0 13 33 6.68389e-47
0 13 34 4.7574e-47
0 13 35 3.2534e-47
0 13 36 2.13764e-47
0 13 37 1.34945e-47
0 13 38 8.18486e-48
0 13 39 4.76971e-48
0 13 40 2.67055e-48
0 13 41 1.43661e-48
0 13 42 7.42513e-49
0 13 43 3.68721e-49
0 13 44 1.75922e-49
0 13 45 8.06437e-50
0 13 46 3.5518e-50
0 13 47 1.50299e-50
0 13 48 6.1107e-51
0 13 49 2.74302e-90
0 14 0 1.63078e-90
0 14 1 3.7812e-51
0 14 2 9.6798e-51
0 14 3 2.38085e-50
0 14 4 5.62632e-50
0 14 5 1.27746e-49
0 14 6 2.78674e-49
0 14 7 5.84082e-49
0 14 8 1.1762e-48
0 14 9 2.2757e-48
0 14 10 4.23035e-48
0 14 11 7.55557e-48
0 14 12 1.29654e-47
0 14 13 2.13764e-47
0 14 14 3.38617e-47
0 14 15 5.15363e-47
0 14 16 7.53607e-47
0 14 17 1.05878e-46
0 14 18 1.4292e-46
0 14 19 1.85357e-46
0 14 20 2.30969e-46
0 14 21 2.76521e-46
0 14 22 3.18075e-46
0 14 23 3.51527e-46
0 14 24 3.73264e-46
0 14 25 3.80804e-46
0 14 26 3.73264e-46
0 14 27 3.51527e-46
0 14 28 3.18075e-46
0 14 29 2.76521e-46
0 14 30 2.30969e-46
0 14 31 1.85357e-46
0 14 32 1.4292e-46
0 14 33 1.05878e-46
0 14 34 7.53607e-47
0 14 35 5.15363e-47
0 14 36 3.38617e-47
0 14 37 2.13764e-47
0 14 38 1.29654e-47
0 14 39 7.55557e-48
0 14 40 4.23035e-48
0 14 41 2.2757e-48
0 14 42 1.1762e-48
0 14 43 5.84082e-49
0 14 44 2.78674e-49
0 14 45 1.27746e-49
0 14 46 5.62632e-50
0 14 47 2.38085e-50
0 14 48 9.6798e-51
0 14 49 4.34515e-90
0 15 0 2.48199e-90
0 15 1 5.75484e-51
0 15 2 1.47323e-50
0 15 3 3.62356e-50
0 15 4 8.56304e-50
0 15 5 1.94424e-49
0 15 6 4.2413e-49
0 15 7 8.8895e-49
0 15 8 1.79013e-48
0 15 9 3.46352e-48
0 15 10 6.43844e-48
0 15 11 1.14993e-47
0 15 12 1.97329e-47
0 15 13 3.2534e-47
0 15 14 5.15363e-47
0 15 15 7.84362e-47
0 15 16 1.14696e-46
0 15 17 1.61142e-46
0 15 18 2.17519e-46
0 15 19 2.82107e-46
0 15 20 3.51527e-46
0 15 21 4.20854e-46
0 15 22 4.84097e-46
0 15 23 5.3501e-46
0 15 24 5.68093e-46
0 15 25 5.7957e-46
0 15 26 5.68093e-46
0 15 27 5.3501e-46
0 15 28 4.84097e-46
0 15 29 4.20854e-46
0 15 30 3.51527e-46
0 15 31 2.82107e-46
0 15 32 2.17519e-46
0 15 33 1.61142e-46
0 15 34 1.14696e-46
0 15 35 7.84362e-47
0 15 36 5.15363e-47
0 15 37 3.2534e-47
0 15 38 1.97329e-47
0 15 39 1.14993e-47
0 15 40 6.43844e-48
0 15 41 3.46352e-48
0 15 42 1.79013e-48
0 15 43 8.8895e-49
0 15 44 4.2413e-49
0 15 45 1.94424e-49
0 15 46 8.56304e-50
0 15 47 3.62356e-50
0 15 48 1.47323e-50
0 15 49 6.61315e-90
0 16 0 3.62938e-90
0 16 1 8.41521e-51
0 16 2 2.15428e-50
0 16 3 5.29867e-50
0 16 4 1.25216e-49
0 16 5 2.84303e-49
0 16 6 6.20199e-49
0 16 7 1.2999e-48
0 16 8 2.61767e-48
0 16 9 5.06465e-48
0 16 10 9.41483e-48
0 16 11 1.68152e-47
0 16 12 2.88551e-47
0 16 13 4.7574e-47
0 16 14 7.53607e-47
0 16 15 1.14696e-46
0 16 16 1.67718e-46
0 16 17 2.35635e-46
0 16 18 3.18075e-46
0 16 19 4.1252e-46
0 16 20 5.14032e-46
0 16 21 6.15408e-46
0 16 22 7.07888e-46
0 16 23 7.82337e-46
0 16 24 8.30714e-46
0 16 25 8.47496e-46
0 16 26 8.30714e-46
0 16 27 7.82337e-46
0 16 28 7.07888e-46
0 16 29 6.15408e-46
0 16 30 5.14032e-46
0 16 31 4.1252e-46
0 16 32 3.18075e-46
0 16 33 2.35635e-46
0 16 34 1.67718e-46
0 16 35 1.14696e-46
0 16 36 7.53607e-47
0 16 37 4.7574e-47
0 16 38 2.88551e-47
0 16 39 1.68152e-47
0 16 40 9.41483e-48
0 16 41 5.06465e-48
0 16 42 2.61767e-48
0 16 43 1.2999e-48
0 16 44 6.20199e-49
0 16 45 2.84303e-49
0 16 46 1.25216e-49
0 16 47 5.29867e-50
0 16 48 2.15428e-50
0 16 49 9.67031e-90
0 17 0 5.09908e-90
0 17 1 1.18229e-50
0 17 2 3.02665e-50
0 17 3 7.44435e-50
0 17 4 1.75922e-49
0 17 5 3.99431e-49
0 17 6 8.71348e-49
0 17 7 1.82629e-48
0 17 8 3.67769e-48
0 17 9 7.11557e-48
0 17 10 1.32273e-47
0 17 11 2.36245e-47
0 17 12 4.05399e-47
0 17 13 6.68389e-47
0 17 14 1.05878e-46
0 17 15 1.61142e-46
0 17 16 2.35635e-46
0 17 17 3.31055e-46
0 17 18 4.46878e-46
0 17 19 5.7957e-46
0 17 20 7.22188e-46
0 17 21 8.64616e-46
0 17 22 9.94545e-46
0 17 23 1.09914e-45
0 17 24 1.16711e-45
0 17 25 1.19069e-45
0 17 26 1.16711e-45
0 17 27 1.09914e-45
0 17 28 9.94545e-46
0 17 29 8.64616e-46
0 17 30 7.22188e-46
0 17 31 5.7957e-46
0 17 32 4.46878e-46
0 17 33 3.31055e-46
0 17 34 2.35635e-46
0 17 35 1.61142e-46
0 17 36 1.05878e-46
0 17 37 6.68389e-47
0 17 38 4.05399e-47
0 17 39 2.36245e-47
0 17 40 1.32273e-47
0 17 41 7.11557e-48
0 17 42 3.67769e-48
0 17 43 1.82629e-48
0 17 44 8.71348e-49
0 17 45 3.99431e-49
0 17 46 1.75922e-49
0 17 47 7.44435e-50
0 17 48 3.02665e-50
0 17 49 1.35863e-89
0 18 0 6.88304e-90
0 18 1 1.59593e-50
0 18 2 4.08555e-50
0 18 3 1.00488e-49
0 18 4 2.3747e-49
0 18 5 5.39175e-49
0 18 6 1.1762e-48
0 18 7 2.46523e-48
0 18 8 4.96437e-48
0 18 9 9.60502e-48
0 18 10 1.7855e-47
0 18 11 3.18898e-47
0 18 12 5.47231e-47
0 18 13 9.02231e-47
0 18 14 1.4292e-46
0 18 15 2.17519e-46
0 18 16 3.18075e-46
0 18 17 4.46878e-46
0 18 18 6.03222e-46
0 18 19 7.82337e-46
0 18 20 9.74852e-46
0 18 21 1.16711e-45
0 18 22 1.3425e-45
0 18 23 1.48369e-45
0 18 24 1.57543e-45
0 18 25 1.60726e-45
0 18 26 1.57543e-45
0 18 27 1.48369e-45
0 18 28 1.3425e-45
0 18 29 1.16711e-45
0 18 30 9.74852e-46
0 18 31 7.82337e-46
0 18 32 6.03222e-46
0 18 33 4.46878e-46
0 18 34 3.18075e-46
0 18 35 2.17519e-46
0 18 36 1.4292e-46
0 18 37 9.02231e-47
0 18 38 5.47231e-47
0 18 39 3.18898e-47
0 18 40 1.7855e-47
0 18 41 9.60502e-48
0 18 42 4.96437e-48
0 18 43 2.46523e-48
0 18 44 1.1762e-48
0 18 45 5.39175e-49
0 18 46 2.3747e-49
0 18 47 1.00488e-49
0 18 48 4.08555e-50
0 18 49 1.83396e-89
0 19 0 8.92682e-90
0 19 1 2.06981e-50
0 19 2 5.29867e-50
0 19 3 1.30326e-49
0 19 4 3.07982e-49
0 19 5 6.99273e-49
0 19 6 1.52544e-48
0 19 7 3.19723e-48
0 19 8 6.43844e-48
0 19 9 1.2457e-47
0 19 10 2.31567e-47
0 19 11 4.13588e-47
0 19 12 7.0972e-47
0 19 13 1.17013e-46
0 19 14 1.85357e-46
0 19 15 2.82107e-46
0 19 16 4.1252e-46
0 19 17 5.7957e-46
0 19 18 7.82337e-46
0 19 19 1.01464e-45
0 19 20 1.26431e-45
0 19 21 1.51366e-45
0 19 22 1.74112e-45
0 19 23 1.92424e-45
0 19 24 2.04323e-45
0 19 25 2.0845e-45
0 19 26 2.04323e-45
0 19 27 1.92424e-45
0 19 28 1.74112e-45
0 19 29 1.51366e-45
0 19 30 1.26431e-45
0 19 31 1.01464e-45
0 19 32 7.82337e-46
0 19 33 5.7957e-46
0 19 34 4.1252e-46
0 19 35 2.82107e-46
0 19 36 1.85357e-46
0 19 37 1.17013e-46
0 19 38 7.0972e-47
0 19 39 4.13588e-47
0 19 40 2.31567e-47
0 19 41 1.2457e-47
0 19 42 6.43844e-48
0 19 43 3.19723e-48
0 19 44 1.52544e-48
0 19 45 6.99273e-49
0 19 46 3.07982e-49
0 19 47 1.30326e-49
0 19 48 5.29867e-50
0 19 49 2.37851e-89
0 20 0 1.11235e-89
0 20 1 2.57914e-50
0 20 2 6.60255e-50
0 20 3 1.62397e-49
0 20 4 3.83769e-49
0 20 5 8.71348e-49
0 20 6 1.90082e-48
0 20 7 3.984e-48
0 20 8 8.02279e-48
0 20 9 1.55224e-47
0 20 10 2.88551e-47
0 20 11 5.15363e-47
0 20 12 8.84366e-47
0 20 13 1.45807e-46
0 20 14 2.30969e-46
0 20 15 3.51527e-46
0 20 16 5.14032e-46
0 20 17 7.22188e-46
0 20 18 9.74852e-46
0 20 19 1.26431e-45
0 20 20 1.57543e-45
0 20 21 1.88614e-45
0 20 22 2.16957e-45
0 20 23 2.39775e-45
0 20 24 2.54602e-45
0 20 25 2.59745e-45
0 20 26 2.54602e-45
0 20 27 2.39775e-45
0 20 28 2.16957e-45
0 20 29 1.88614e-45
0 20 30 1.57543e-45
0 20 31 1.26431e-45
0 20 32 9.74852e-46
0 20 33 7.22188e-46
0 20 34 5.14032e-46
0 20 35 3.51527e-46
0 20 36 2.30969e-46
0 20 37 1.45807e-46
0 20 38 8.84366e-47
0 20 39 5.15363e-47
0 20 40 2.88551e-47
0 20 41 1.55224e-47
0 20 42 8.02279e-48
0 20 43 3.984e-48
0 20 44 1.90082e-48
0 20 45 8.71348e-49
0 20 46 3.83769e-49
0 20 47 1.62397e-49
0 20 48 6.60255e-50
0 20 49 2.96381e-89
0 21 0 1.33173e-89
0 21 1 3.08779e-50
0 21 2 7.90469e-50
0 21 3 1.94424e-49
0 21 4 4.59455e-49
0 21 5 1.04319e-48
0 21 6 2.2757e-48
0 21 7 4.76971e-48
0 21 8 9.60502e-48
0 21 9 1.85837e-47
0 21 10 3.45458e-47
0 21 11 6.17001e-47
0 21 12 1.05878e-46
0 21 13 1.74563e-46
0 21 14 2.76521e-46
0 21 15 4.20854e-46
0 21 16 6.15408e-46
0 21 17 8.64616e-46
0 21 18 1.16711e-45
0 21 19 1.51366e-45
0 21 20 1.88614e-45
0 21 21 2.25811e-45
0 21 22 2.59745e-45
0 21 23 2.87063e-45
0 21 24 3.04814e-45
0 21 25 3.10971e-45
0 21 26 3.04814e-45
0 21 27 2.87063e-45
0 21 28 2.59745e-45
0 21 29 2.25811e-45
0 21 30 1.88614e-45
0 21 31 1.51366e-45
0 21 32 1.16711e-45
0 21 33 8.64616e-46
0 21 34 6.15408e-46
0 21 35 4.20854e-46
0 21 36 2.76521e-46
0 21 37 1.74563e-46
0 21 38 1.05878e-46
0 21 39 6.17001e-47
0 21 40 3.45458e-47
0 21 41 1.85837e-47
0 21 42 9.60502e-48
0 21 43 4.76971e-48
0 21 44 2.2757e-48
0 21 45 1.04319e-48
0 21 46 4.59455e-49
0 21 47 1.94424e-49
0 21 48 7.90469e-50
0 21 49 3.54832e-89
0 22 0 1.53185e-89
0 22 1 3.5518e-50
0 22 2 9.09255e-50
0 22 3 2.23641e-49
0 22 4 5.28499e-49
0 22 5 1.19996e-48
0 22 6 2.61767e-48
0 22 7 5.48647e-48
0 22 8 1.10484e-47
0 22 9 2.13764e-47
0 22 10 3.97371e-47
0 22 11 7.0972e-47
0 22 12 1.21788e-46
0 22 13 2.00795e-46
0 22 14 3.18075e-46
0 22 15 4.84097e-46
0 22 16 7.07888e-46
0 22 17 9.94545e-46
0 22 18 1.3425e-45
0 22 19 1.74112e-45
0 22 20 2.16957e-45
0 22 21 2.59745e-45
0 22 22 2.98778e-45
0 22 23 3.30201e-45
0 22 24 3.50619e-45
0 22 25 3.57702e-45
0 22 26 3.50619e-45
0 22 27 3.30201e-45
0 22 28 2.98778e-45
0 22 29 2.59745e-45
0 22 30 2.16957e-45
0 22 31 1.74112e-45
0 22 32 1.3425e-45
0 22 33 9.94545e-46
0 22 34 7.07888e-46
0 22 35 4.84097e-46
0 22 36 3.18075e-46
0 22 37 2.00795e-46
0 22 38 1.21788e-46
0 22 39 7.0972e-47
0 22 40 3.97371e-47
0 22 41 2.13764e-47
0 22 42 1.10484e-47
0 22 43 5.48647e-48
0 22 44 2.61767e-48
0 22 45 1.19996e-48
0 22 46 5.28499e-49
0 22 47 2.23641e-49
0 22 48 9.09255e-50
0 22 49 4.08155e-89
0 23 0 1.69296e-89
0 23 1 3.92535e-50
0 23 2 1.00488e-49
0 23 3 2.47161e-49
0 23 4 5.84082e-49
0 23 5 1.32616e-48
0 23 6 2.89298e-48
0 23 7 6.06349e-48
0 23 8 1.22104e-47
0 23 9 2.36245e-47
0 23 10 4.39163e-47
0 23 11 7.84362e-47
0 23 12 1.34597e-46
0 23 13 2.21913e-46
0 23 14 3.51527e-46
0 23 15 5.3501e-46
0 23 16 7.82337e-46
0 23 17 1.09914e-45
0 23 18 1.48369e-45
0 23 19 1.92424e-45
0 23 20 2.39775e-45
0 23 21 2.87063e-45
0 23 22 3.30201e-45
0 23 23 3.64928e-45
0 23 24 3.87494e-45
0 23 25 3.95322e-45
0 23 26 3.87494e-45
0 23 27 3.64928e-45
0 23 28 3.30201e-45
0 23 29 2.87063e-45
0 23 30 2.39775e-45
0 23 31 1.92424e-45
0 23 32 1.48369e-45
0 23 33 1.09914e-45
0 23 34 7.82337e-46
0 23 35 5.3501e-46
0 23 36 3.51527e-46
0 23 37 2.21913e-46
0 23 38 1.34597e-46
0 23 39 7.84362e-47
0 23 40 4.39163e-47
0 23 41 2.36245e-47
0 23 42 1.22104e-47
0 23 43 6.06349e-48
0 23 44 2.89298e-48
0 23 45 1.32616e-48
0 23 46 5.84082e-49
0 23 47 2.47161e-49
0 23 48 1.00488e-49
0 23 49 4.5108e-89
0 24 0 1.79764e-89
0 24 1 4.16808e-50
0 24 2 1.06702e-49
0 24 3 2.62445e-49
0 24 4 6.20199e-49
0 24 5 1.40816e-48
0 24 6 3.07187e-48
0 24 7 6.43844e-48
0 24 8 1.29654e-47
0 24 9 2.50854e-47
0 24 10 4.66319e-47
0 24 11 8.32864e-47
0 24 12 1.4292e-46
0 24 13 2.35635e-46
0 24 14 3.73264e-46
0 24 15 5.68093e-46
0 24 16 8.30714e-46
0 24 17 1.16711e-45
0 24 18 1.57543e-45
0 24 19 2.04323e-45
0 24 20 2.54602e-45
0 24 21 3.04814e-45
0 24 22 3.50619e-45
0 24 23 3.87494e-45
0 24 24 4.11455e-45
0 24 25 4.19767e-45
0 24 26 4.11455e-45
0 24 27 3.87494e-45
0 24 28 3.50619e-45
0 24 29 3.04814e-45
0 24 30 2.54602e-45
0 24 31 2.04323e-45
0 24 32 1.57543e-45
0 24 33 1.16711e-45
0 24 34 8.30714e-46
0 24 35 5.68093e-46
0 24 36 3.73264e-46
0 24 37 2.35635e-46
0 24 38 1.4292e-46
0 24 39 8.32864e-47
0 24 40 4.66319e-47
0 24 41 2.50854e-47
0 24 42 1.29654e-47
0 24 43 6.43844e-48
0 24 44 3.07187e-48
0 24 45 1.40816e-48
0 24 46 6.20199e-49
0 24 47 2.62445e-49
0 24 48 1.06702e-49
0 24 49 4.78974e-89
0 25 0 1.83396e-89
0 25 1 4.25228e-50
0 25 2 1.08858e-49
0 25 3 2.67747e-49
0 25 4 6.32728e-49
0 25 5 1.43661e-48
0 25 6 3.13392e-48
0 25 7 6.5685e-48
0 25 8 1.32273e-47
0 25 9 2.55921e-47
0 25 10 4.7574e-47
0 25 11 8.49689e-47
0 25 12 1.45807e-46
0 25 13 2.40396e-46
0 25 14 3.80804e-46
0 25 15 5.7957e-46
0 25 16 8.47496e-46
0 25 17 1.19069e-45
0 25 18 1.60726e-45
0 25 19 2.0845e-45
0 25 20 2.59745e-45
0 25 21 3.10971e-45
0 25 22 3.57702e-45
0 25 23 3.95322e-45
0 25 24 4.19767e-45
0 25 25 4.28247e-45
0 25 26 4.19767e-45
0 25 27 3.95322e-45
0 25 28 3.57702e-45
0 25 29 3.10971e-45
0 25 30 2.59745e-45
0 25 31 2.0845e-45
0 25 32 1.60726e-45
0 25 33 1.19069e-45
0 25 34 8.47496e-46
0 25 35 5.7957e-46
0 25 36 3.80804e-46
0 25 37 2.40396e-46
0 25 38 1.45807e-46
0 25 39 8.49689e-47
0 25 40 4.7574e-47
0 25 41 2.55921e-47
0 25 42 1.32273e-47
0 25 43 6.5685e-48
0 25 44 3.13392e-48
0 25 45 1.43661e-48
0 25 46 6.32728e-49
0 25 47 2.67747e-49
0 25 48 1.08858e-49
0 25 49 4.8865e-89
0 26 0 1.79764e-89
0 26 1 4.16808e-50
0 26 2 1.06702e-49
0 26 3 2.62445e-49
0 26 4 6.20199e-49
0 26 5 1.40816e-48
0 26 6 3.07187e-48
0 26 7 6.43844e-48
0 26 8 1.29654e-47
0 26 9 2.50854e-47
0 26 10 4.66319e-47
0 26 11 8.32864e-47
0 26 12 1.4292e-46
0 26 13 2.35635e-46
0 26 14 3.73264e-46
0 26 15 5.68093e-46
0 26 16 8.30714e-46
0 26 17 1.16711e-45
0 26 18 1.57543e-45
0 26 19 2.04323e-45
0 26 20 2.54602e-45
0 26 21 3.04814e-45
0 26 22 3.50619e-45
0 26 23 3.87494e-45
0 26 24 4.11455e-45
0 26 25 4.19767e-45
0 26 26 4.11455e-45
0 26 27 3.87494e-45
0 26 28 3.50619e-45
0 26 29 3.04814e-45
0 26 30 2.54602e-45
0 26 31 2.04323e-45
0 26 32 1.57543e-45
0 26 33 1.16711e-45
0 26 34 8.30714e-46
0 26 35 5.68093e-46
0 26 36 3.73264e-46
0 26 37 2.35635e-46
0 26 38 1.4292e-46
0 26 39 8.32864e-47
0 26 40 4.66319e-47
0 26 41 2.50854e-47
0 26 42 1.29654e-47
0 26 43 6.43844e-48
0 26 44 3.07187e-48
0 26 45 1.40816e-48
0 26 46 6.20199e-49
0 26 47 2.62445e-49
0 26 48 1.06702e-49
0 26 49 4.78974e-89
0 27 0 1.69296e-89
0 27 1 3.92535e-50
0 27 2 1.00488e-49
0 27 3 2.47161e-49
0 27 4 5.84082e-49
0 27 5 1.32616e-48
0 27 6 2.89298e-48
0 27 7 6.06349e-48
0 27 8 1.22104e-47
0 27 9 2.36245e-47
0 27 10 4.39163e-47
0 27 11 7.84362e-47
0 27 12 1.34597e-46
0 27 13 2.21913e-46
0 27 14 3.51527e-46
0 27 15 5.3501e-46
0 27 16 7.82337e-46
0 27 17 1.09914e-45
0 27 18 1.48369e-45
0 27 19 1.92424e-45
0 27 20 2.39775e-45
0 27 21 2.87063e-45
0 27 22 3.30201e-45
0 27 23 3.64928e-45
0 27 24 3.87494e-45
0 27 25 3.95322e-45
0 27 26 3.87494e-45
0 27 27 3.64928e-45
0 27 28 3.30201e-45
0 27 29 2.87063e-45
0 27 30 2.39775e-45
0 27 31 1.92424e-45
0 27 32 1.48369e-45
0 27 33 1.09914e-45
0 27 34 7.82337e-46
0 27 35 5.3501e-46
0 27 36 3.51527e-46
0 27 37 2.21913e-46
0 27 38 1.34597e-46
0 27 39 7.84362e-47
0 27 40 4.39163e-47
0 27 41 2.36245e-47
0 27 42 1.22104e-47
0 27 43 6.06349e-48
0 27 44 2.89298e-48
0 27 45 1.32616e-48
0 27 46 5.84082e-49
0 27 47 2.47161e-49
0 27 48 1.00488e-49
0 27 49 4.5108e-89
0 28 0 1.53185e-89
0 28 1 3.5518e-50
0 28 2 9.09255e-50
0 28 3 2.23641e-49
0 28 4 5.28499e-49
0 28 5 1.19996e-48
0 28 6 2.61767e-48
0 28 7 5.48647e-48
0 28 8 1.10484e-47
0 28 9 2.13764e-47
0 28 10 3.97371e-47
0 28 11 7.0972e-47
0 28 12 1.21788e-46
0 28 13 2.00795e-46
0 28 14 3.18075e-46
0 28 15 4.84097e-46
0 28 16 7.07888e-46
0 28 17 9.94545e-46
0 28 18 1.3425e-45
0 28 19 1.74112e-45
0 28 20 2.16957e-45
0 28 21 2.59745e-45
0 28 22 2.98778e-45
0 28 23 3.30201e-45
0 28 24 3.50619e-45
0 28 25 3.57702e-45
0 28 26 3.50619e-45
0 28 27 3.30201e-45
0 28 28 2.98778e-45
0 28 29 2.59745e-45
0 28 30 2.16957e-45
0 28 31 1.74112e-45
0 28 32 1.3425e-45
0 28 33 9.94545e-46
0 28 34 7.07888e-46
0 28 35 4.84097e-46
0 28 36 3.18075e-46
0 28 37 2.00795e-46
0 28 38 1.21788e-46
0 28 39 7.0972e-47
0 28 40 3.97371e-47
0 28 41 2.13764e-47
0 28 42 1.10484e-47
0 28 43 5.48647e-48
0 28 44 2.61767e-48
0 28 45 1.19996e-48
0 28 46 5.28499e-49
0 28 47 2.23641e-49
0 28 48 9.09255e-50
0 28 49 4.08155e-89
0 29 0 1.33173e-89
0 29 1 3.08779e-50
0 29 2 7.90469e-50
0 29 3 1.94424e-49
0 29 4 4.59455e-49
0 29 5 1.04319e-48
0 29 6 2.2757e-48
0 29 7 4.76971e-48
0 29 8 9.60502e-48
0 29 9 1.85837e-47
0 29 10 3.45458e-47
0 29 11 6.17001e-47
0 29 12 1.05878e-46
0 29 13 1.74563e-46
0 29 14 2.76521e-46
0 29 15 4.20854e-46
0 29 16 6.15408e-46
0 29 17 8.64616e-46
0 29 18 1.16711e-45
0 29 19 1.51366e-45
0 29 20 1.88614e-45
0 29 21 2.25811e-45
0 29 22 2.59745e-45
0 29 23 2.87063e-45
0 29 24 3.04814e-45
0 29 25 3.10971e-45
0 29 26 3.04814e-45
0 29 27 2.87063e-45
0 29 28 2.59745e-45
0 29 29 2.25811e-45
0 29 30 1.88614e-45
0 29 31 1.51366e-45
0 29 32 1.16711e-45
0 29 33 8.64616e-46
0 29 34 6.15408e-46
0 29 35 4.20854e-46
0 29 36 2.76521e-46
0 29 37 1.74563e-46
0 29 38 1.05878e-46
0 29 39 6.17001e-47
0 29 40 3.45458e-47
0 29 41 1.85837e-47
0 29 42 9.60502e-48
0 29 43 4.76971e-48
0 29 44 2.2757e-48
0 29 45 1.04319e-48
0 29 46 4.59455e-49
0 29 47 1.94424e-49
0 29 48 7.90469e-50
0 29 49 3.54832e-89
0 30 0 1.11235e-89
0 30 1 2.57914e-50
0 30 2 6.60255e-50
0 30 3 1.62397e-49
0 30 4 3.83769e-49
0 30 5 8.71348e-49
0 30 6 1.90082e-48
0 30 7 3.984e-48
0 30 8 8.02279e-48
0 30 9 1.55224e-47
0 30 10 2.88551e-47
0 30 11 5.15363e-47
0 30 12 8.84366e-47
0 30 13 1.45807e-46
0 30 14 2.30969e-46
0 30 15 3.51527e-46
0 30 16 5.14032e-46
0 30 17 7.22188e-46
0 30 18 9.74852e-46
0 30 19 1.26431e-45
0 30 20 1.57543e-45
0 30 21 1.88614e-45
0 30 22 2.16957e-45
0 30 23 2.39775e-45
0 30 24 2.54602e-45
0 30 25 2.59745e-45
0 30 26 2.54602e-45
0 30 27 2.39775e-45
0 30 28 2.16957e-45
0 30 29 1.88614e-45
0 30 30 1.57543e-45
0 30 31 1.26431e-45
0 30 32 9.74852e-46
0 30 33 7.22188e-46
0 30 34 5.14032e-46
0 30 35 3.51527e-46
0 30 36 2.30969e-46
0 30 37 1.45807e-46
0 30 38 8.84366e-47
0 30 39 5.15363e-47
0 30 40 2.88551e-47
0 30 41 1.55224e-47
0 30 42 8.02279e-48
0 30 43 3.984e-48
0 30 44 1.90082e-48
0 30 45 8.71348e-49
0 30 46 3.83769e-49
0 30 47 1.62397e-49
0 30 48 6.60255e-50
0 30 49 2.96381e-89
0 31 0 8.92682e-90
0 31 1 2.06981e-50
0 31 2 5.29867e-50
0 31 3 1.30326e-49
0 31 4 3.07982e-49
0 31 5 6.99273e-49
0 31 6 1.52544e-48
0 31 7 3.19723e-48
0 31 8 6.43844e-48
0 31 9 1.2457e-47
0 31 10 2.31567e-47
0 31 11 4.13588e-47
0 31 12 7.0972e-47
0 31 13 1.17013e-46
0 31 14 1.85357e-46
0 31 15 2.82107e-46
0 31 16 4.1252e-46
0 31 17 5.7957e-46
0 31 18 7.82337e-46
0 31 19 1.01464e-45
0 31 20 1.26431e-45
0 31 21 1.51366e-45
0 31 22 1.74112e-45
0 31 23 1.92424e-45
0 31 24 2.04323e-45
0 31 25 2.0845e-45
0 31 26 2.04323e-45
0 31 27 1.92424e-45
0 31 28 1.74112e-45
0 31 29 1.51366e-45
0 31 30 1.26431e-45
0 31 31 1.01464e-45
0 31 32 7.82337e-46
0 31 33 5.7957e-46
0 31 34 4.1252e-46
0 31 35 2.82107e-46
0 31 36 1.85357e-46
0 31 37 1.17013e-46
0 31 38 7.0972e-47
0 31 39 4.13588e-47
0 31 40 2.31567e-47
0 31 41 1.2457e-47
0 31 42 6.43844e-48
0 31 43 3.19723e-48
0 31 44 1.52544e-48
0 31 45 6.99273e-49
0 31 46 3.07982e-49
0 31 47 1.30326e-49
0 31 48 5.29867e-50
0 31 49 2.37851e-89
0 32 0 6.88304e-90
0 32 1 1.59593e-50
0 32 2 4.08555e-50
0 32 3 1.00488e-49
0 32 4 2.3747e-49
0 32 5 5.39175e-49
0 32 6 1.1762e-48
0 32 7 2.46523e-48
0 32 8 4.96437e-48
0 32 9 9.60502e-48
0 32 10 1.7855e-47
0 32 11 3.18898e-47
0 32 12 5.47231e-47
0 32 13 9.02231e-47
0 32 14 1.4292e-46
0 32 15 2.17519e-46
0 32 16 3.18075e-46
0 32 17 4.46878e-46
0 32 18 6.03222e-46
0 32 19 7.82337e-46
0 32 20 9.74852e-46
0 32 21 1.16711e-45
0 32 22 1.3425e-45
0 32 23 1.48369e-45
0 32 24 1.57543e-45
0 32 25 1.60726e-45
0 32 26 1.57543e-45
0 32 27 1.48369e-45
0 32 28 1.3425e-45
0 32 29 1.16711e-45
0 32 30 9.74852e-46
0 32 31 7.82337e-46
0 32 32 6.03222e-46
0 32 33 4.46878e-46
0 32 34 3.18075e-46
0 32 35 2.17519e-46
0 32 36 1.4292e-46
0 32 37 9.02231e-47
0 32 38 5.47231e-47
0 32 39 3.18898e-47
0 32 40 1.7855e-47
0 32 41 9.60502e-48
0 32 42 4.96437e-48
0 32 43 2.46523e-48
0 32 44 1.1762e-48
0 32 45 5.39175e-49
0 32 46 2.3747e-49
0 32 47 1.00488e-49
0 32 48 4.08555e-50
0 32 49 1.83396e-89
0 33 0 5.09908e-90
0 33 1 1.18229e-50
0 33 2 3.02665e-50
0 33 3 7.44435e-50
0 33 4 1.75922e-49
0 33 5 3.99431e-49
0 33 6 8.71348e-49
0 33 7 1.82629e-48
0 33 8 3.67769e-48
0 33 9 7.11557e-48
0 33 10 1.32273e-47
0 33 11 2.36245e-47
0 33 12 4.05399e-47
0 33 13 6.68389e-47
0 33 14 1.05878e-46
0 33 15 1.61142e-46
0 33 16 2.35635e-46
0 33 17 3.31055e-46
0 33 18 4.46878e-46
0 33 19 5.7957e-46
0 33 20 7.22188e-46
0 33 21 8.64616e-46
0 33 22 9.94545e-46
0 33 23 1.09914e-45
0 33 24 1.16711e-45
0 33 25 1.19069e-45
0 33 26 1.16711e-45
0 33 27 1.09914e-45
0 33 28 9.94545e-46
0 33 29 8.64616e-46
0 33 30 7.22188e-46
0 33 31 5.7957e-46
0 33 32 4.46878e-46
0 33 33 3.31055e-46
0 33 34 2.35635e-46
0 33 35 1.61142e-46
0 33 36 1.05878e-46
0 33 37 6.68389e-47
0 33 38 4.05399e-47
0 33 39 2.36245e-47
0 33 40 1.32273e-47
0 33 41 7.11557e-48
0 33 42 3.67769e-48
0 33 43 1.82629e-48
0 33 44 8.71348e-49
0 33 45 3.99431e-49
0 33 46 1.75922e-49
0 33 47 7.44435e-50
0 33 48 3.02665e-50
0 33 49 1.35863e-89
0 34 0 3.62938e-90
0 34 1 8.41521e-51
0 34 2 2.15428e-50
0 34 3 5.29867e-50
0 34 4 1.25216e-49
0 34 5 2.84303e-49
0 34 6 6.20199e-49
0 34 7 1.2999e-48
0 34 8 2.61767e-48
0 34 9 5.06465e-48
0 34 10 9.41483e-48
0 34 11 1.68152e-47
0 34 12 2.88551e-47
0 34 13 4.7574e-47
0 34 14 7.53607e-47
0 34 15 1.14696e-46
0 34 16 1.67718e-46
0 34 17 2.35635e-46
0 34 18 3.18075e-46
0 34 19 4.1252e-46
0 34 20 5.14032e-46
0 34 21 6.15408e-46
0 34 22 7.07888e-46
0 34 23 7.82337e-46
0 34 24 8.30714e-46
0 34 25 8.47496e-46
0 34 26 8.30714e-46
0 34 27 7.82337e-46
0 34 28 7.07888e-46
0 34 29 6.15408e-46
0 34 30 5.14032e-46
0 34 31 4.1252e-46
0 34 32 3.18075e-46
0 34 33 2.35635e-46
0 34 34 1.67718e-46
0 34 35 1.14696e-46
0 34 36 7.53607e-47
0 34 37 4.7574e-47
0 34 38 2.88551e-47
0 34 39 1.68152e-47
0 34 40 9.41483e-48
0 34 41 5.06465e-48
0 34 42 2.61767e-48
0 34 43 1.2999e-48
0 34 44 6.20199e-49
0 34 45 2.84303e-49
0 34 46 1.25216e-49
0 34 47 5.29867e-50
0 34 48 2.15428e-50
0 34 49 9.67031e-90
0 35 0 2.48199e-90
0 35 1 5.75484e-51
0 35 2 1.47323e-50
0 35 3 3.62356e-50
0 35 4 8.56304e-50
0 35 5 1.94424e-49
0 35 6 4.2413e-49
0 35 7 8.8895e-49
0 35 8 1.79013e-48
0 35 9 3.46352e-48
0 35 10 6.43844e-48
0 35 11 1.14993e-47
0 35 12 1.97329e-47
0 35 13 3.2534e-47
0 35 14 5.15363e-47
0 35 15 7.84362e-47
0 35 16 1.14696e-46
0 35 17 1.61142e-46
0 35 18 2.17519e-46
0 35 19 2.82107e-46
0 35 20 3.51527e-46
0 35 21 4.20854e-46
0 35 22 4.84097e-46
0 35 23 5.3501e-46
0 35 24 5.68093e-46
0 35 25 5.7957e-46
0 35 26 5.68093e-46
0 35 27 5.3501e-46
0 35 28 4.84097e-46
0 35 29 4.20854e-46
0 35 30 3.51527e-46
0 35 31 2.82107e-46
0 35 32 2.17519e-46
0 35 33 1.61142e-46
0 35 34 1.14696e-46
0 35 35 7.84362e-47
0 35 36 5.15363e-47
0 35 37 3.2534e-47
0 35 38 1.97329e-47
0 35 39 1.14993e-47
0 35 40 6.43844e-48
0 35 41 3.46352e-48
0 35 42 1.79013e-48
0 35 43 8.8895e-49
0 35 44 4.2413e-49
0 35 45 1.94424e-49
0 35 46 8.56304e-50
0 35 47 3.62356e-50
0 35 48 1.47323e-50
0 35 49 6.61315e-90
0 36 0 1.63078e-90
0 36 1 3.7812e-51
0 36 2 9.6798e-51
0 36 3 2.38085e-50
0 36 4 5.62632e-50
0 36 5 1.27746e-49
0 36 6 2.78674e-49
0 36 7 5.84082e-49
0 36 8 1.1762e-48
0 36 9 2.2757e-48
0 36 10 4.23035e-48
0 36 11 7.55557e-48
0 36 12 1.29654e-47
0 36 13 2.13764e-47
0 36 14 3.38617e-47
0 36 15 5.15363e-47
0 36 16 7.53607e-47
0 36 17 1.05878e-46
0 36 18 1.4292e-46
0 36 19 1.85357e-46
0 36 20 2.30969e-46
0 36 21 2.76521e-46
0 36 22 3.18075e-46
0 36 23 3.51527e-46
0 36 24 3.73264e-46
0 36 25 3.80804e-46
0 36 26 3.73264e-46
0 36 27 3.51527e-46
0 36 28 3.18075e-46
0 36 29 2.76521e-46
0 36 30 2.30969e-46
0 36 31 1.85357e-46
0 36 32 1.4292e-46
0 36 33 1.05878e-46
0 36 34 7.53607e-47
0 36 35 5.15363e-47
0 36 36 3.38617e-47
0 36 37 2.13764e-47
0 36 38 1.29654e-47
0 36 39 7.55557e-48
0 36 40 4.23035e-48
0 36 41 2.2757e-48
0 36 42 1.1762e-48
0 36 43 5.84082e-49
0 36 44 2.78674e-49
0 36 45 1.27746e-49
0 36 46 5.62632e-50
0 36 47 2.38085e-50
0 36 48 9.6798e-51
0 36 49 4.34515e-90
0 37 0 1.02949e-90
0 37 1 2.38701e-51
0 37 2 6.1107e-51
0 37 3 1.50299e-50
0 37 4 3.5518e-50
0 37 5 8.06437e-50
0 37 6 1.75922e-49
0 37 7 3.68721e-49
0 37 8 7.42513e-49
0 37 9 1.43661e-48
0 37 10 2.67055e-48
0 37 11 4.76971e-48
0 37 12 8.18486e-48
0 37 13 1.34945e-47
0 37 14 2.13764e-47
0 37 15 3.2534e-47
0 37 16 4.7574e-47
0 37 17 6.68389e-47
0 37 18 9.02231e-47
0 37 19 1.17013e-46
0 37 20 1.45807e-46
0 37 21 1.74563e-46
0 37 22 2.00795e-46
0 37 23 2.21913e-46
0 37 24 2.35635e-46
0 37 25 2.40396e-46
0 37 26 2.35635e-46
0 37 27 2.21913e-46
0 37 28 2.00795e-46
0 37 29 1.74563e-46
0 37 30 1.45807e-46
0 37 31 1.17013e-46
0 37 32 9.02231e-47
0 37 33 6.68389e-47
0 37 34 4.7574e-47
0 37 35 3.2534e-47
0 37 36 2.13764e-47
0 37 37 1.34945e-47
0 37 38 8.18486e-48
0 37 39 4.76971e-48
0 37 40 2.67055e-48
0 37 41 1.43661e-48
0 37 42 7.42513e-49
0 37 43 3.68721e-49
0 37 44 1.75922e-49
0 37 45 8.06437e-50
0 37 46 3.5518e-50
0 37 47 1.50299e-50
0 37 48 6.1107e-51
0 37 49 2.74302e-90
0 38 0 6.24415e-91
0 38 1 1.44779e-51
0 38 2 3.70633e-51
0 38 3 9.11609e-51
0 38 4 2.15428e-50
0 38 5 4.89129e-50
0 38 6 1.06702e-49
0 38 7 2.23641e-49
0 38 8 4.50357e-49
0 38 9 8.71348e-49
0 38 10 1.61977e-48
0 38 11 2.89298e-48
0 38 12 4.96437e-48
0 38 13 8.18486e-48
0 38 14 1.29654e-47
0 38 15 1.97329e-47
0 38 16 2.88551e-47
0 38 17 4.05399e-47
0 38 18 5.47231e-47
0 38 19 7.0972e-47
0 38 20 8.84366e-47
0 38 21 1.05878e-46
0 38 22 1.21788e-46
0 38 23 1.34597e-46
0 38 24 1.4292e-46
0 38 25 1.45807e-46
0 38 26 1.4292e-46
0 38 27 1.34597e-46
0 38 28 1.21788e-46
0 38 29 1.05878e-46
0 38 30 8.84366e-47
0 38 31 7.0972e-47
0 38 32 5.47231e-47
0 38 33 4.05399e-47
0 38 34 2.88551e-47
0 38 35 1.97329e-47
0 38 36 1.29654e-47
0 38 37 8.18486e-48
0 38 38 4.96437e-48
0 38 39 2.89298e-48
0 38 40 1.61977e-48
0 38 41 8.71348e-49
0 38 42 4.50357e-49
0 38 43 2.23641e-49
0 38 44 1.06702e-49
0 38 45 4.89129e-50
0 38 46 2.15428e-50
0 38 47 9.11609e-51
0 38 48 3.70633e-51
0 38 49 1.66373e-90
0 39 0 3.63877e-91
0 39 1 8.43699e-52
0 39 2 2.15985e-51
0 39 3 5.31239e-51
0 39 4 1.2554e-50
0 39 5 2.85039e-50
0 39 6 6.21805e-50
0 39 7 1.30326e-49
0 39 8 2.62445e-49
0 39 9 5.07776e-49
0 39 10 9.4392e-49
0 39 11 1.68588e-48
0 39 12 2.89298e-48
0 39 13 4.76971e-48
0 39 14 7.55557e-48
0 39 15 1.14993e-47
0 39 16 1.68152e-47
0 39 17 2.36245e-47
0 39 18 3.18898e-47
0 39 19 4.13588e-47
0 39 20 5.15363e-47
0 39 21 6.17001e-47
0 39 22 7.0972e-47
0 39 23 7.84362e-47
0 39 24 8.32864e-47
0 39 25 8.49689e-47
0 39 26 8.32864e-47
0 39 27 7.84362e-47
0 39 28 7.0972e-47
0 39 29 6.17001e-47
0 39 30 5.15363e-47
0 39 31 4.13588e-47
0 39 32 3.18898e-47
0 39 33 2.36245e-47
0 39 34 1.68152e-47
0 39 35 1.14993e-47
0 39 36 7.55557e-48
0 39 37 4.76971e-48
0 39 38 2.89298e-48
0 39 39 1.68588e-48
0 39 40 9.4392e-49
0 39 41 5.07776e-49
0 39 42 2.62445e-49
0 39 43 1.30326e-49
0 39 44 6.21805e-50
0 39 45 2.85039e-50
0 39 46 1.2554e-50
0 39 47 5.31239e-51
0 39 48 2.15985e-51
0 39 49 9.69534e-91
0 40 0 2.03734e-91
0 40 1 4.72386e-52
0 40 2 1.2093e-51
0 40 3 2.9744e-51
0 40 4 7.02898e-51
0 40 5 1.59593e-50
0 40 6 3.48147e-50
0 40 7 7.29695e-50
0 40 8 1.46942e-49
0 40 9 2.84303e-49
0 40 10 5.28499e-49
0 40 11 9.4392e-49
0 40 12 1.61977e-48
0 40 13 2.67055e-48
0 40 14 4.23035e-48
0 40 15 6.43844e-48
0 40 16 9.41483e-48
0 40 17 1.32273e-47
0 40 18 1.7855e-47
0 40 19 2.31567e-47
0 40 20 2.88551e-47
0 40 21 3.45458e-47
0 40 22 3.97371e-47
0 40 23 4.39163e-47
0 40 24 4.66319e-47
0 40 25 4.7574e-47
0 40 26 4.66319e-47
0 40 27 4.39163e-47
0 40 28 3.97371e-47
0 40 29 3.45458e-47
0 40 30 2.88551e-47
0 40 31 2.31567e-47
0 40 32 1.7855e-47
0 40 33 1.32273e-47
0 40 34 9.41483e-48
0 40 35 6.43844e-48
0 40 36 4.23035e-48
0 40 37 2.67055e-48
0 40 38 1.61977e-48
0 40 39 9.4392e-49
0 40 40 5.28499e-49
0 40 41 2.84303e-49
0 40 42 1.46942e-49
0 40 43 7.29695e-50
0 40 44 3.48147e-50
0 40 45 1.59593e-50
0 40 46 7.02898e-51
0 40 47 2.9744e-51
0 40 48 1.2093e-51
0 40 49 5.42841e-91
0 41 0 1.09598e-91
0 41 1 2.54117e-52
0 41 2 6.50536e-52
0 41 3 1.60006e-51
0 41 4 3.7812e-51
0 41 5 8.58521e-51
0 41 6 1.87284e-50
0 41 7 3.92535e-50
