0 0 0 1.47176e-147
0 0 1 1.28475e-103
0 0 2 3.28893e-103
0 0 3 8.08947e-103
0 0 4 1.91167e-102
0 0 5 4.34045e-102
0 0 6 9.46858e-102
0 0 7 1.98455e-101
0 0 8 3.9964e-101
0 0 9 7.7322e-101
0 0 10 1.43736e-100
0 0 11 2.56718e-100
0 0 12 4.4053e-100
0 0 13 7.26311e-100
0 0 14 1.15053e-99
0 0 15 1.75106e-99
0 0 16 2.56055e-99
0 0 17 3.59744e-99
0 0 18 4.85604e-99
0 0 19 6.29795e-99
0 0 20 7.84772e-99
0 0 21 9.39543e-99
0 0 22 1.08073e-98
0 0 23 1.19439e-98
0 0 24 1.26825e-98
0 0 25 1.29387e-98
0 0 26 1.26825e-98
0 0 27 1.19439e-98
0 0 28 1.08073e-98
0 0 29 9.39543e-99
0 0 30 7.84772e-99
0 0 31 6.29795e-99
0 0 32 4.85604e-99
0 0 33 3.59744e-99
0 0 34 2.56055e-99
0 0 35 1.75106e-99
0 0 36 1.15053e-99
0 0 37 7.26311e-100
0 0 38 4.4053e-100
0 0 39 2.56718e-100
0 0 40 1.43736e-100
0 0 41 7.7322e-101
0 0 42 3.9964e-101
0 0 43 1.98455e-101
0 0 44 9.46858e-102
0 0 45 4.34045e-102
0 0 46 1.91167e-102
0 0 47 8.08947e-103
0 0 48 3.28893e-103
0 0 49 3.92143e-147
0 1 0 1.28475e-103
0 1 1 1.1215e-59
0 1 2 2.87103e-59
0 1 3 7.06159e-59
0 1 4 1.66877e-58
0 1 5 3.78894e-58
0 1 6 8.26546e-58
0 1 7 1.73239e-57
0 1 8 3.4886e-57
0 1 9 6.74971e-57
0 1 10 1.25472e-56
0 1 11 2.24098e-56
0 1 12 3.84554e-56
0 1 13 6.34023e-56
0 1 14 1.00434e-55
0 1 15 1.52857e-55
0 1 16 2.2352e-55
0 1 17 3.14034e-55
0 1 18 4.23901e-55
0 1 19 5.4977e-55
0 1 20 6.85056e-55
0 1 21 8.2016e-55
0 1 22 9.43409e-55
0 1 23 1.04263e-54
0 1 24 1.1071e-54
0 1 25 1.12947e-54
0 1 26 1.1071e-54
0 1 27 1.04263e-54
0 1 28 9.43409e-55
0 1 29 8.2016e-55
0 1 30 6.85056e-55
0 1 31 5.4977e-55
0 1 32 4.23901e-55
0 1 33 3.14034e-55
0 1 34 2.2352e-55
0 1 35 1.52857e-55
0 1 36 1.00434e-55
0 1 37 6.34023e-56
0 1 38 3.84554e-56
0 1 39 2.24098e-56
0 1 40 1.25472e-56
0 1 41 6.74971e-57
0 1 42 3.4886e-57
0 1 43 1.73239e-57
0 1 44 8.26546e-58
0 1 45 3.78894e-58
0 1 46 1.66877e-58
0 1 47 7.06159e-59
0 1 48 2.87103e-59
0 1 49 3.42316e-103
0 2 0 3.28893e-103
0 2 1 2.87103e-59
0 2 2 7.34978e-59
0 2 3 1.80775e-58
0 2 4 4.27201e-58
0 2 5 9.6996e-58
0 2 6 2.11594e-57
0 2 7 4.43488e-57
0 2 8 8.93075e-57
0 2 9 1.72791e-56
0 2 10 3.21207e-56
0 2 11 5.73688e-56
0 2 12 9.84452e-56
0 2 13 1.62309e-55
0 2 14 2.57109e-55
0 2 15 3.9131e-55
0 2 16 5.72206e-55
0 2 17 8.0392e-55
0 2 18 1.08518e-54
0 2 19 1.4074e-54
0 2 20 1.75373e-54
0 2 21 2.0996e-54
0 2 22 2.41511e-54
0 2 23 2.66911e-54
0 2 24 2.83416e-54
0 2 25 2.89141e-54
0 2 26 2.83416e-54
0 2 27 2.66911e-54
0 2 28 2.41511e-54
0 2 29 2.0996e-54
0 2 30 1.75373e-54
0 2 31 1.4074e-54
0 2 32 1.08518e-54
0 2 33 8.0392e-55
0 2 34 5.72206e-55
0 2 35 3.9131e-55
0 2 36 2.57109e-55
0 2 37 1.62309e-55
0 2 38 9.84452e-56
0 2 39 5.73688e-56
0 2 40 3.21207e-56
0 2 41 1.72791e-56
0 2 42 8.93075e-57
0 2 43 4.43488e-57
0 2 44 2.11594e-57
0 2 45 9.6996e-58
0 2 46 4.27201e-58
0 2 47 1.80775e-58
0 2 48 7.34978e-59
0 2 49 8.76322e-103
0 3 0 8.08947e-103
0 3 1 7.06159e-59
0 3 2 1.80775e-58
0 3 3 4.44636e-58
0 3 4 1.05075e-57
0 3 5 2.38572e-57
0 3 6 5.20438e-57
0 3 7 1.0908e-56
0 3 8 2.19661e-56
0 3 9 4.24998e-56
0 3 10 7.90041e-56
0 3 11 1.41104e-55
0 3 12 2.42136e-55
0 3 13 3.99215e-55
0 3 14 6.32386e-55
0 3 15 9.62467e-55
0 3 16 1.4074e-54
0 3 17 1.97732e-54
0 3 18 2.66911e-54
0 3 19 3.46165e-54
0 3 20 4.31348e-54
0 3 21 5.16417e-54
0 3 22 5.94021e-54
0 3 23 6.56495e-54
0 3 24 6.9709e-54
0 3 25 7.11172e-54
0 3 26 6.9709e-54
0 3 27 6.56495e-54
0 3 28 5.94021e-54
0 3 29 5.16417e-54
0 3 30 4.31348e-54
0 3 31 3.46165e-54
0 3 32 2.66911e-54
0 3 33 1.97732e-54
0 3 34 1.4074e-54
0 3 35 9.62467e-55
0 3 36 6.32386e-55
0 3 37 3.99215e-55
0 3 38 2.42136e-55
0 3 39 1.41104e-55
0 3 40 7.90041e-56
0 3 41 4.24998e-56
0 3 42 2.19661e-56
0 3 43 1.0908e-56
0 3 44 5.20438e-57
0 3 45 2.38572e-57
0 3 46 1.05075e-57
0 3 47 4.44636e-58
0 3 48 1.80775e-58
0 3 49 2.15541e-102
0 4 0 1.91167e-102
0 4 1 1.66877e-58
0 4 2 4.27201e-58
0 4 3 1.05075e-57
0 4 4 2.48308e-57
0 4 5 5.63783e-57
0 4 6 1.22988e-56
0 4 7 2.57774e-56
0 4 8 5.19094e-56
0 4 9 1.00434e-55
0 4 10 1.86699e-55
0 4 11 3.33452e-55
0 4 12 5.72206e-55
0 4 13 9.43409e-55
0 4 14 1.49443e-54
0 4 15 2.27446e-54
0 4 16 3.32591e-54
0 4 17 4.67274e-54
0 4 18 6.30753e-54
0 4 19 8.18043e-54
0 4 20 1.01934e-53
0 4 21 1.22038e-53
0 4 22 1.40377e-53
0 4 23 1.5514e-53
0 4 24 1.64734e-53
0 4 25 1.68061e-53
0 4 26 1.64734e-53
0 4 27 1.5514e-53
0 4 28 1.40377e-53
0 4 29 1.22038e-53
0 4 30 1.01934e-53
0 4 31 8.18043e-54
0 4 32 6.30753e-54
0 4 33 4.67274e-54
0 4 34 3.32591e-54
0 4 35 2.27446e-54
0 4 36 1.49443e-54
0 4 37 9.43409e-55
0 4 38 5.72206e-55
0 4 39 3.33452e-55
0 4 40 1.86699e-55
0 4 41 1.00434e-55
0 4 42 5.19094e-56
0 4 43 2.57774e-56
0 4 44 1.22988e-56
0 4 45 5.63783e-57
0 4 46 2.48308e-57
0 4 47 1.05075e-57
0 4 48 4.27201e-58
0 4 49 5.09357e-102
0 5 0 4.34045e-102
0 5 1 3.78894e-58
0 5 2 9.6996e-58
0 5 3 2.38572e-57
0 5 4 5.63783e-57
0 5 5 1.28007e-56
0 5 6 2.79244e-56
0 5 7 5.85277e-56
0 5 8 1.1786e-55
0 5 9 2.28035e-55
0 5 10 4.23901e-55
0 5 11 7.57103e-55
0 5 12 1.29919e-54
0 5 13 2.14201e-54
0 5 14 3.3931e-54
0 5 15 5.16417e-54
0 5 16 7.55149e-54
0 5 17 1.06094e-53
0 5 18 1.43213e-53
0 5 19 1.85737e-53
0 5 20 2.31442e-53
0 5 21 2.77086e-53
0 5 22 3.18725e-53
0 5 23 3.52246e-53
0 5 24 3.74028e-53
0 5 25 3.81584e-53
0 5 26 3.74028e-53
0 5 27 3.52246e-53
0 5 28 3.18725e-53
0 5 29 2.77086e-53
0 5 30 2.31442e-53
0 5 31 1.85737e-53
0 5 32 1.43213e-53
0 5 33 1.06094e-53
0 5 34 7.55149e-54
0 5 35 5.16417e-54
0 5 36 3.3931e-54
0 5 37 2.14201e-54
0 5 38 1.29919e-54
0 5 39 7.57103e-55
0 5 40 4.23901e-55
0 5 41 2.28035e-55
0 5 42 1.1786e-55
0 5 43 5.85277e-56
0 5 44 2.79244e-56
0 5 45 1.28007e-56
0 5 46 5.63783e-57
0 5 47 2.38572e-57
0 5 48 9.6996e-58
0 5 49 1.15649e-101
0 6 0 9.46858e-102
0 6 1 8.26546e-58
0 6 2 2.11594e-57
0 6 3 5.20438e-57
0 6 4 1.22988e-56
0 6 5 2.79244e-56
0 6 6 6.09162e-56
0 6 7 1.27677e-55
0 6 8 2.57109e-55
0 6 9 4.97452e-55
0 6 10 9.24728e-55
0 6 11 1.6516e-54
0 6 12 2.83416e-54
0 6 13 4.67274e-54
0 6 14 7.40196e-54
0 6 15 1.12655e-53
0 6 16 1.64734e-53
0 6 17 2.31442e-53
0 6 18 3.12414e-53
0 6 19 4.05179e-53
0 6 20 5.04885e-53
0 6 21 6.04457e-53
0 6 22 6.9529e-53
0 6 23 7.68415e-53
0 6 24 8.15931e-53
0 6 25 8.32414e-53
0 6 26 8.15931e-53
0 6 27 7.68415e-53
0 6 28 6.9529e-53
0 6 29 6.04457e-53
0 6 30 5.04885e-53
0 6 31 4.05179e-53
0 6 32 3.12414e-53
0 6 33 2.31442e-53
0 6 34 1.64734e-53
0 6 35 1.12655e-53
0 6 36 7.40196e-54
0 6 37 4.67274e-54
0 6 38 2.83416e-54
0 6 39 1.6516e-54
0 6 40 9.24728e-55
0 6 41 4.97452e-55
0 6 42 2.57109e-55
0 6 43 1.27677e-55
0 6 44 6.09162e-56
0 6 45 2.79244e-56
0 6 46 1.22988e-56
0 6 47 5.20438e-57
0 6 48 2.11594e-57
0 6 49 2.52286e-101
0 7 0 1.98455e-101
0 7 1 1.73239e-57
0 7 2 4.43488e-57
0 7 3 1.0908e-56
0 7 4 2.57774e-56
0 7 5 5.85277e-56
0 7 6 1.27677e-55
0 7 7 2.67602e-55
0 7 8 5.38884e-55
0 7 9 1.04263e-54
0 7 10 1.93817e-54
0 7 11 3.46165e-54
0 7 12 5.94021e-54
0 7 13 9.79375e-54
0 7 14 1.5514e-53
0 7 15 2.36118e-53
0 7 16 3.45271e-53
0 7 17 4.85088e-53
0 7 18 6.548e-53
0 7 19 8.4923e-53
0 7 20 1.05821e-52
0 7 21 1.2669e-52
0 7 22 1.45728e-52
0 7 23 1.61055e-52
0 7 24 1.71014e-52
0 7 25 1.74469e-52
0 7 26 1.71014e-52
0 7 27 1.61055e-52
0 7 28 1.45728e-52
0 7 29 1.2669e-52
0 7 30 1.05821e-52
0 7 31 8.4923e-53
0 7 32 6.548e-53
0 7 33 4.85088e-53
0 7 34 3.45271e-53
0 7 35 2.36118e-53
0 7 36 1.5514e-53
0 7 37 9.79375e-54
0 7 38 5.94021e-54
0 7 39 3.46165e-54
0 7 40 1.93817e-54
0 7 41 1.04263e-54
0 7 42 5.38884e-55
0 7 43 2.67602e-55
0 7 44 1.27677e-55
0 7 45 5.85277e-56
0 7 46 2.57774e-56
0 7 47 1.0908e-56
0 7 48 4.43488e-57
0 7 49 5.28775e-101
0 8 0 3.9964e-101
0 8 1 3.4886e-57
0 8 2 8.93075e-57
0 8 3 2.19661e-56
0 8 4 5.19094e-56
0 8 5 1.1786e-55
0 8 6 2.57109e-55
0 8 7 5.38884e-55
0 8 8 1.08518e-54
0 8 9 2.0996e-54
0 8 10 3.903e-54
0 8 11 6.9709e-54
0 8 12 1.19621e-53
0 8 13 1.97222e-53
0 8 14 3.12414e-53
0 8 15 4.75482e-53
0 8 16 6.9529e-53
0 8 17 9.76847e-53
0 8 18 1.31861e-52
0 8 19 1.71014e-52
0 8 20 2.13096e-52
0 8 21 2.55123e-52
0 8 22 2.93461e-52
0 8 23 3.24325e-52
0 8 24 3.4438e-52
0 8 25 3.51337e-52
0 8 26 3.4438e-52
0 8 27 3.24325e-52
0 8 28 2.93461e-52
0 8 29 2.55123e-52
0 8 30 2.13096e-52
0 8 31 1.71014e-52
0 8 32 1.31861e-52
0 8 33 9.76847e-53
0 8 34 6.9529e-53
0 8 35 4.75482e-53
0 8 36 3.12414e-53
0 8 37 1.97222e-53
0 8 38 1.19621e-53
0 8 39 6.9709e-54
0 8 40 3.903e-54
0 8 41 2.0996e-54
0 8 42 1.08518e-54
0 8 43 5.38884e-55
0 8 44 2.57109e-55
0 8 45 1.1786e-55
0 8 46 5.19094e-56
0 8 47 2.19661e-56
0 8 48 8.93075e-57
0 8 49 1.06482e-100
0 9 0 7.7322e-101
0 9 1 6.74971e-57
0 9 2 1.72791e-56
0 9 3 4.24998e-56
0 9 4 1.00434e-55
0 9 5 2.28035e-55
0 9 6 4.97452e-55
0 9 7 1.04263e-54
0 9 8 2.0996e-54
0 9 9 4.06228e-54
0 9 10 7.55149e-54
0 9 11 1.34872e-53
0 9 12 2.31442e-53
0 9 13 3.81584e-53
0 9 14 6.04457e-53
0 9 15 9.1996e-53
0 9 16 1.34524e-52
0 9 17 1.89e-52
0 9 18 2.55123e-52
0 9 19 3.30876e-52
0 9 20 4.12297e-52
0 9 21 4.93609e-52
0 9 22 5.67786e-52
0 9 23 6.27501e-52
0 9 24 6.66303e-52
0 9 25 6.79763e-52
0 9 26 6.66303e-52
0 9 27 6.27501e-52
0 9 28 5.67786e-52
0 9 29 4.93609e-52
0 9 30 4.12297e-52
0 9 31 3.30876e-52
0 9 32 2.55123e-52
0 9 33 1.89e-52
0 9 34 1.34524e-52
0 9 35 9.1996e-53
0 9 36 6.04457e-53
0 9 37 3.81584e-53
0 9 38 2.31442e-53
0 9 39 1.34872e-53
0 9 40 7.55149e-54
0 9 41 4.06228e-54
0 9 42 2.0996e-54
0 9 43 1.04263e-54
0 9 44 4.97452e-55
0 9 45 2.28035e-55
0 9 46 1.00434e-55
0 9 47 4.24998e-56
0 9 48 1.72791e-56
0 9 49 2.06021e-100
0 10 0 1.43736e-100
0 10 1 1.25472e-56
0 10 2 3.21207e-56
0 10 3 7.90041e-56
0 10 4 1.86699e-55
0 10 5 4.23901e-55
0 10 6 9.24728e-55
0 10 7 1.93817e-54
0 10 8 3.903e-54
0 10 9 7.55149e-54
0 10 10 1.40377e-53
0 10 11 2.50718e-53
0 10 12 4.30234e-53
0 10 13 7.09336e-53
0 10 14 1.12364e-52
0 10 15 1.71014e-52
0 10 16 2.50071e-52
0 10 17 3.51337e-52
0 10 18 4.74255e-52
0 10 19 6.15075e-52
0 10 20 7.66431e-52
0 10 21 9.17584e-52
0 10 22 1.05547e-51
0 10 23 1.16648e-51
0 10 24 1.23861e-51
0 10 25 1.26363e-51
0 10 26 1.23861e-51
0 10 27 1.16648e-51
0 10 28 1.05547e-51
0 10 29 9.17584e-52
0 10 30 7.66431e-52
0 10 31 6.15075e-52
0 10 32 4.74255e-52
0 10 33 3.51337e-52
0 10 34 2.50071e-52
0 10 35 1.71014e-52
0 10 36 1.12364e-52
0 10 37 7.09336e-53
0 10 38 4.30234e-53
0 10 39 2.50718e-53
0 10 40 1.40377e-53
0 10 41 7.55149e-54
0 10 42 3.903e-54
0 10 43 1.93817e-54
0 10 44 9.24728e-55
0 10 45 4.23901e-55
0 10 46 1.86699e-55
0 10 47 7.90041e-56
0 10 48 3.21207e-56
0 10 49 3.82978e-100
0 11 0 2.56718e-100
0 11 1 2.24098e-56
0 11 2 5.73688e-56
0 11 3 1.41104e-55
0 11 4 3.33452e-55
0 11 5 7.57103e-55
0 11 6 1.6516e-54
0 11 7 3.46165e-54
0 11 8 6.9709e-54
0 11 9 1.34872e-53
0 11 10 2.50718e-53
0 11 11 4.47792e-53
0 11 12 7.68415e-53
0 11 13 1.2669e-52
0 11 14 2.00687e-52
0 11 15 3.05437e-52
0 11 16 4.46636e-52
0 11 17 6.27501e-52
0 11 18 8.47037e-52
0 11 19 1.09855e-51
0 11 20 1.36888e-51
0 11 21 1.63884e-51
0 11 22 1.88512e-51
0 11 23 2.08338e-51
0 11 24 2.2122e-51
0 11 25 2.25689e-51
0 11 26 2.2122e-51
0 11 27 2.08338e-51
0 11 28 1.88512e-51
0 11 29 1.63884e-51
0 11 30 1.36888e-51
0 11 31 1.09855e-51
0 11 32 8.47037e-52
0 11 33 6.27501e-52
0 11 34 4.46636e-52
0 11 35 3.05437e-52
0 11 36 2.00687e-52
0 11 37 1.2669e-52
0 11 38 7.68415e-53
0 11 39 4.47792e-53
0 11 40 2.50718e-53
0 11 41 1.34872e-53
0 11 42 6.9709e-54
0 11 43 3.46165e-54
0 11 44 1.6516e-54
0 11 45 7.57103e-55
0 11 46 3.33452e-55
0 11 47 1.41104e-55
0 11 48 5.73688e-56
0 11 49 6.84014e-100
0 12 0 4.4053e-100
0 12 1 3.84554e-56
0 12 2 9.84452e-56
0 12 3 2.42136e-55
0 12 4 5.72206e-55
0 12 5 1.29919e-54
0 12 6 2.83416e-54
0 12 7 5.94021e-54
0 12 8 1.19621e-53
0 12 9 2.31442e-53
0 12 10 4.30234e-53
0 12 11 7.68415e-53
0 12 12 1.31861e-52
0 12 13 2.17401e-52
0 12 14 3.4438e-52
0 12 15 5.24133e-52
0 12 16 7.66431e-52
0 12 17 1.0768e-51
0 12 18 1.45352e-51
0 12 19 1.88512e-51
0 12 20 2.349e-51
0 12 21 2.81226e-51
0 12 22 3.23487e-51
0 12 23 3.57509e-51
0 12 24 3.79616e-51
0 12 25 3.87284e-51
0 12 26 3.79616e-51
0 12 27 3.57509e-51
0 12 28 3.23487e-51
0 12 29 2.81226e-51
0 12 30 2.349e-51
0 12 31 1.88512e-51
0 12 32 1.45352e-51
0 12 33 1.0768e-51
0 12 34 7.66431e-52
0 12 35 5.24133e-52
0 12 36 3.4438e-52
0 12 37 2.17401e-52
0 12 38 1.31861e-52
0 12 39 7.68415e-53
0 12 40 4.30234e-53
0 12 41 2.31442e-53
0 12 42 1.19621e-53
0 12 43 5.94021e-54
0 12 44 2.83416e-54
0 12 45 1.29919e-54
0 12 46 5.72206e-55
0 12 47 2.42136e-55
0 12 48 9.84452e-56
0 12 49 1.17377e-99
0 13 0 7.26311e-100
0 13 1 6.34023e-56
0 13 2 1.62309e-55
0 13 3 3.99215e-55
0 13 4 9.43409e-55
0 13 5 2.14201e-54
0 13 6 4.67274e-54
0 13 7 9.79375e-54
0 13 8 1.97222e-53
0 13 9 3.81584e-53
0 13 10 7.09336e-53
0 13 11 1.2669e-52
0 13 12 2.17401e-52
0 13 13 3.58434e-52
0 13 14 5.67786e-52
0 13 15 8.64149e-52
0 13 16 1.26363e-51
0 13 17 1.77534e-51
0 13 18 2.39645e-51
0 13 19 3.10803e-51
0 13 20 3.87284e-51
0 13 21 4.63664e-51
0 13 22 5.3334e-51
0 13 23 5.89432e-51
0 13 24 6.25881e-51
0 13 25 6.38524e-51
0 13 26 6.25881e-51
0 13 27 5.89432e-51
0 13 28 5.3334e-51
0 13 29 4.63664e-51
0 13 30 3.87284e-51
0 13 31 3.10803e-51
0 13 32 2.39645e-51
0 13 33 1.77534e-51
0 13 34 1.26363e-51
0 13 35 8.64149e-52
0 13 36 5.67786e-52
0 13 37 3.58434e-52
0 13 38 2.17401e-52
0 13 39 1.2669e-52
0 13 40 7.09336e-53
0 13 41 3.81584e-53
0 13 42 1.97222e-53
0 13 43 9.79375e-54
0 13 44 4.67274e-54
0 13 45 2.14201e-54
0 13 46 9.43409e-55
0 13 47 3.99215e-55
0 13 48 1.62309e-55
0 13 49 1.93522e-99
0 14 0 1.15053e-99
0 14 1 1.00434e-55
0 14 2 2.57109e-55
0 14 3 6.32386e-55
0 14 4 1.49443e-54
0 14 5 3.3931e-54
0 14 6 7.40196e-54
0 14 7 1.5514e-53
0 14 8 3.12414e-53
0 14 9 6.04457e-53
0 14 10 1.12364e-52
0 14 11 2.00687e-52
0 14 12 3.4438e-52
0 14 13 5.67786e-52
0 14 14 8.99415e-52
0 14 15 1.36888e-51
0 14 16 2.00169e-51
0 14 17 2.81226e-51
0 14 18 3.79616e-51
0 14 19 4.92335e-51
0 14 20 6.13487e-51
0 14 21 7.34478e-51
0 14 22 8.4485e-51
0 14 23 9.33704e-51
0 14 24 9.91441e-51
0 14 25 1.01147e-50
0 14 26 9.91441e-51
0 14 27 9.33704e-51
0 14 28 8.4485e-51
0 14 29 7.34478e-51
0 14 30 6.13487e-51
0 14 31 4.92335e-51
0 14 32 3.79616e-51
0 14 33 2.81226e-51
0 14 34 2.00169e-51
0 14 35 1.36888e-51
0 14 36 8.99415e-52
0 14 37 5.67786e-52
0 14 38 3.4438e-52
0 14 39 2.00687e-52
0 14 40 1.12364e-52
0 14 41 6.04457e-53
0 14 42 3.12414e-53
0 14 43 1.5514e-53
0 14 44 7.40196e-54
0 14 45 3.3931e-54
0 14 46 1.49443e-54
0 14 47 6.32386e-55
0 14 48 2.57109e-55
0 14 49 3.06554e-99
0 15 0 1.75106e-99
0 15 1 1.52857e-55
0 15 2 3.9131e-55
0 15 3 9.62467e-55
0 15 4 2.27446e-54
0 15 5 5.16417e-54
0 15 6 1.12655e-53
0 15 7 2.36118e-53
0 15 8 4.75482e-53
0 15 9 9.1996e-53
0 15 10 1.71014e-52
0 15 11 3.05437e-52
0 15 12 5.24133e-52
0 15 13 8.64149e-52
0 15 14 1.36888e-51
0 15 15 2.08338e-51
0 15 16 3.04649e-51
0 15 17 4.28016e-51
0 15 18 5.77761e-51
0 15 19 7.49315e-51
0 15 20 9.33704e-51
0 15 21 1.11785e-50
0 15 22 1.28583e-50
0 15 23 1.42106e-50
0 15 24 1.50894e-50
0 15 25 1.53942e-50
0 15 26 1.50894e-50
0 15 27 1.42106e-50
0 15 28 1.28583e-50
0 15 29 1.11785e-50
0 15 30 9.33704e-51
0 15 31 7.49315e-51
0 15 32 5.77761e-51
0 15 33 4.28016e-51
0 15 34 3.04649e-51
0 15 35 2.08338e-51
0 15 36 1.36888e-51
0 15 37 8.64149e-52
0 15 38 5.24133e-52
0 15 39 3.05437e-52
0 15 40 1.71014e-52
0 15 41 9.1996e-53
0 15 42 4.75482e-53
0 15 43 2.36118e-53
0 15 44 1.12655e-53
0 15 45 5.16417e-54
0 15 46 2.27446e-54
0 15 47 9.62467e-55
0 15 48 3.9131e-55
0 15 49 4.66563e-99
0 16 0 2.56055e-99
0 16 1 2.2352e-55
0 16 2 5.72206e-55
0 16 3 1.4074e-54
0 16 4 3.32591e-54
0 16 5 7.55149e-54
0 16 6 1.64734e-53
0 16 7 3.45271e-53
0 16 8 6.9529e-53
0 16 9 1.34524e-52
0 16 10 2.50071e-52
0 16 11 4.46636e-52
0 16 12 7.66431e-52
0 16 13 1.26363e-51
0 16 14 2.00169e-51
0 16 15 3.04649e-51
0 16 16 4.45483e-51
0 16 17 6.25881e-51
0 16 18 8.4485e-51
0 16 19 1.09571e-50
0 16 20 1.36534e-50
0 16 21 1.63461e-50
0 16 22 1.88025e-50
0 16 23 2.078e-50
0 16 24 2.20649e-50
0 16 25 2.25107e-50
0 16 26 2.20649e-50
0 16 27 2.078e-50
0 16 28 1.88025e-50
0 16 29 1.63461e-50
0 16 30 1.36534e-50
0 16 31 1.09571e-50
0 16 32 8.4485e-51
0 16 33 6.25881e-51
0 16 34 4.45483e-51
0 16 35 3.04649e-51
0 16 36 2.00169e-51
0 16 37 1.26363e-51
0 16 38 7.66431e-52
0 16 39 4.46636e-52
0 16 40 2.50071e-52
0 16 41 1.34524e-52
0 16 42 6.9529e-53
0 16 43 3.45271e-53
0 16 44 1.64734e-53
0 16 45 7.55149e-54
0 16 46 3.32591e-54
0 16 47 1.4074e-54
0 16 48 5.72206e-55
0 16 49 6.82248e-99
0 17 0 3.59744e-99
0 17 1 3.14034e-55
0 17 2 8.0392e-55
0 17 3 1.97732e-54
0 17 4 4.67274e-54
0 17 5 1.06094e-53
0 17 6 2.31442e-53
0 17 7 4.85088e-53
0 17 8 9.76847e-53
0 17 9 1.89e-52
0 17 10 3.51337e-52
0 17 11 6.27501e-52
0 17 12 1.0768e-51
0 17 13 1.77534e-51
0 17 14 2.81226e-51
0 17 15 4.28016e-51
0 17 16 6.25881e-51
0 17 17 8.79329e-51
0 17 18 1.18697e-50
0 17 19 1.53942e-50
0 17 20 1.91823e-50
0 17 21 2.29654e-50
0 17 22 2.64165e-50
0 17 23 2.91948e-50
0 17 24 3.10001e-50
0 17 25 3.16263e-50
0 17 26 3.10001e-50
0 17 27 2.91948e-50
0 17 28 2.64165e-50
0 17 29 2.29654e-50
0 17 30 1.91823e-50
0 17 31 1.53942e-50
0 17 32 1.18697e-50
0 17 33 8.79329e-51
0 17 34 6.25881e-51
0 17 35 4.28016e-51
0 17 36 2.81226e-51
0 17 37 1.77534e-51
0 17 38 1.0768e-51
0 17 39 6.27501e-52
0 17 40 3.51337e-52
0 17 41 1.89e-52
0 17 42 9.76847e-53
0 17 43 4.85088e-53
0 17 44 2.31442e-53
0 17 45 1.06094e-53
0 17 46 4.67274e-54
0 17 47 1.97732e-54
0 17 48 8.0392e-55
0 17 49 9.58523e-99
0 18 0 4.85604e-99
0 18 1 4.23901e-55
0 18 2 1.08518e-54
0 18 3 2.66911e-54
0 18 4 6.30753e-54
0 18 5 1.43213e-53
0 18 6 3.12414e-53
0 18 7 6.548e-53
0 18 8 1.31861e-52
0 18 9 2.55123e-52
0 18 10 4.74255e-52
0 18 11 8.47037e-52
0 18 12 1.45352e-51
0 18 13 2.39645e-51
0 18 14 3.79616e-51
0 18 15 5.77761e-51
0 18 16 8.4485e-51
0 18 17 1.18697e-50
0 18 18 1.60224e-50
0 18 19 2.078e-50
0 18 20 2.58934e-50
0 18 21 3.10001e-50
0 18 22 3.56586e-50
0 18 23 3.94088e-50
0 18 24 4.18457e-50
0 18 25 4.26911e-50
0 18 26 4.18457e-50
0 18 27 3.94088e-50
0 18 28 3.56586e-50
0 18 29 3.10001e-50
0 18 30 2.58934e-50
0 18 31 2.078e-50
0 18 32 1.60224e-50
0 18 33 1.18697e-50
0 18 34 8.4485e-51
0 18 35 5.77761e-51
0 18 36 3.79616e-51
0 18 37 2.39645e-51
0 18 38 1.45352e-51
0 18 39 8.47037e-52
0 18 40 4.74255e-52
0 18 41 2.55123e-52
0 18 42 1.31861e-52
0 18 43 6.548e-53
0 18 44 3.12414e-53
0 18 45 1.43213e-53
0 18 46 6.30753e-54
0 18 47 2.66911e-54
0 18 48 1.08518e-54
0 18 49 1.29387e-98
0 19 0 6.29795e-99
0 19 1 5.4977e-55
0 19 2 1.4074e-54
0 19 3 3.46165e-54
0 19 4 8.18043e-54
0 19 5 1.85737e-53
0 19 6 4.05179e-53
0 19 7 8.4923e-53
0 19 8 1.71014e-52
0 19 9 3.30876e-52
0 19 10 6.15075e-52
0 19 11 1.09855e-51
0 19 12 1.88512e-51
0 19 13 3.10803e-51
0 19 14 4.92335e-51
0 19 15 7.49315e-51
0 19 16 1.09571e-50
0 19 17 1.53942e-50
0 19 18 2.078e-50
0 19 19 2.69502e-50
0 19 20 3.3582e-50
0 19 21 4.02049e-50
0 19 22 4.62467e-50
0 19 23 5.11105e-50
0 19 24 5.4271e-50
0 19 25 5.53673e-50
0 19 26 5.4271e-50
0 19 27 5.11105e-50
0 19 28 4.62467e-50
0 19 29 4.02049e-50
0 19 30 3.3582e-50
0 19 31 2.69502e-50
0 19 32 2.078e-50
0 19 33 1.53942e-50
0 19 34 1.09571e-50
0 19 35 7.49315e-51
0 19 36 4.92335e-51
0 19 37 3.10803e-51
0 19 38 1.88512e-51
0 19 39 1.09855e-51
0 19 40 6.15075e-52
0 19 41 3.30876e-52
0 19 42 1.71014e-52
0 19 43 8.4923e-53
0 19 44 4.05179e-53
0 19 45 1.85737e-53
0 19 46 8.18043e-54
0 19 47 3.46165e-54
0 19 48 1.4074e-54
0 19 49 1.67806e-98
0 20 0 7.84772e-99
0 20 1 6.85056e-55
0 20 2 1.75373e-54
0 20 3 4.31348e-54
0 20 4 1.01934e-53
0 20 5 2.31442e-53
0 20 6 5.04885e-53
0 20 7 1.05821e-52
0 20 8 2.13096e-52
0 20 9 4.12297e-52
0 20 10 7.66431e-52
0 20 11 1.36888e-51
0 20 12 2.349e-51
0 20 13 3.87284e-51
0 20 14 6.13487e-51
0 20 15 9.33704e-51
0 20 16 1.36534e-50
0 20 17 1.91823e-50
0 20 18 2.58934e-50
0 20 19 3.3582e-50
0 20 20 4.18457e-50
0 20 21 5.00984e-50
0 20 22 5.76269e-50
0 20 23 6.36876e-50
0 20 24 6.76258e-50
0 20 25 6.89919e-50
0 20 26 6.76258e-50
0 20 27 6.36876e-50
0 20 28 5.76269e-50
0 20 29 5.00984e-50
0 20 30 4.18457e-50
0 20 31 3.3582e-50
0 20 32 2.58934e-50
0 20 33 1.91823e-50
0 20 34 1.36534e-50
0 20 35 9.33704e-51
0 20 36 6.13487e-51
0 20 37 3.87284e-51
0 20 38 2.349e-51
0 20 39 1.36888e-51
0 20 40 7.66431e-52
0 20 41 4.12297e-52
0 20 42 2.13096e-52
0 20 43 1.05821e-52
0 20 44 5.04885e-53
0 20 45 2.31442e-53
0 20 46 1.01934e-53
0 20 47 4.31348e-54
0 20 48 1.75373e-54
0 20 49 2.09099e-98
0 21 0 9.39543e-99
0 21 1 8.2016e-55
0 21 2 2.0996e-54
0 21 3 5.16417e-54
0 21 4 1.22038e-53
0 21 5 2.77086e-53
0 21 6 6.04457e-53
0 21 7 1.2669e-52
0 21 8 2.55123e-52
0 21 9 4.93609e-52
0 21 10 9.17584e-52
0 21 11 1.63884e-51
0 21 12 2.81226e-51
0 21 13 4.63664e-51
0 21 14 7.34478e-51
0 21 15 1.11785e-50
0 21 16 1.63461e-50
0 21 17 2.29654e-50
0 21 18 3.10001e-50
0 21 19 4.02049e-50
0 21 20 5.00984e-50
0 21 21 5.99787e-50
0 21 22 6.89919e-50
0 21 23 7.62479e-50
0 21 24 8.09628e-50
0 21 25 8.25983e-50
0 21 26 8.09628e-50
0 21 27 7.62479e-50
0 21 28 6.89919e-50
0 21 29 5.99787e-50
0 21 30 5.00984e-50
0 21 31 4.02049e-50
0 21 32 3.10001e-50
0 21 33 2.29654e-50
0 21 34 1.63461e-50
0 21 35 1.11785e-50
0 21 36 7.34478e-51
0 21 37 4.63664e-51
0 21 38 2.81226e-51
0 21 39 1.63884e-51
0 21 40 9.17584e-52
0 21 41 4.93609e-52
0 21 42 2.55123e-52
0 21 43 1.2669e-52
0 21 44 6.04457e-53
0 21 45 2.77086e-53
0 21 46 1.22038e-53
0 21 47 5.16417e-54
0 21 48 2.0996e-54
0 21 49 2.50337e-98
0 22 0 1.08073e-98
0 22 1 9.43409e-55
0 22 2 2.41511e-54
0 22 3 5.94021e-54
0 22 4 1.40377e-53
0 22 5 3.18725e-53
0 22 6 6.9529e-53
0 22 7 1.45728e-52
0 22 8 2.93461e-52
0 22 9 5.67786e-52
0 22 10 1.05547e-51
0 22 11 1.88512e-51
0 22 12 3.23487e-51
0 22 13 5.3334e-51
0 22 14 8.4485e-51
0 22 15 1.28583e-50
0 22 16 1.88025e-50
0 22 17 2.64165e-50
0 22 18 3.56586e-50
0 22 19 4.62467e-50
0 22 20 5.76269e-50
0 22 21 6.89919e-50
0 22 22 7.93596e-50
0 22 23 8.77059e-50
0 22 24 9.31293e-50
0 22 25 9.50107e-50
0 22 26 9.31293e-50
0 22 27 8.77059e-50
0 22 28 7.93596e-50
0 22 29 6.89919e-50
0 22 30 5.76269e-50
0 22 31 4.62467e-50
0 22 32 3.56586e-50
0 22 33 2.64165e-50
0 22 34 1.88025e-50
0 22 35 1.28583e-50
0 22 36 8.4485e-51
0 22 37 5.3334e-51
0 22 38 3.23487e-51
0 22 39 1.88512e-51
0 22 40 1.05547e-51
0 22 41 5.67786e-52
0 22 42 2.93461e-52
0 22 43 1.45728e-52
0 22 44 6.9529e-53
0 22 45 3.18725e-53
0 22 46 1.40377e-53
0 22 47 5.94021e-54
0 22 48 2.41511e-54
0 22 49 2.87956e-98
0 23 0 1.19439e-98
0 23 1 1.04263e-54
0 23 2 2.66911e-54
0 23 3 6.56495e-54
0 23 4 1.5514e-53
0 23 5 3.52246e-53
0 23 6 7.68415e-53
0 23 7 1.61055e-52
0 23 8 3.24325e-52
0 23 9 6.27501e-52
0 23 10 1.16648e-51
0 23 11 2.08338e-51
0 23 12 3.57509e-51
0 23 13 5.89432e-51
0 23 14 9.33704e-51
0 23 15 1.42106e-50
0 23 16 2.078e-50
0 23 17 2.91948e-50
0 23 18 3.94088e-50
0 23 19 5.11105e-50
0 23 20 6.36876e-50
0 23 21 7.62479e-50
0 23 22 8.77059e-50
0 23 23 9.693e-50
0 23 24 1.02924e-49
0 23 25 1.05003e-49
0 23 26 1.02924e-49
0 23 27 9.693e-50
0 23 28 8.77059e-50
0 23 29 7.62479e-50
0 23 30 6.36876e-50
0 23 31 5.11105e-50
0 23 32 3.94088e-50
0 23 33 2.91948e-50
0 23 34 2.078e-50
0 23 35 1.42106e-50
0 23 36 9.33704e-51
0 23 37 5.89432e-51
0 23 38 3.57509e-51
0 23 39 2.08338e-51
0 23 40 1.16648e-51
0 23 41 6.27501e-52
0 23 42 3.24325e-52
0 23 43 1.61055e-52
0 23 44 7.68415e-53
0 23 45 3.52246e-53
0 23 46 1.5514e-53
0 23 47 6.56495e-54
0 23 48 2.66911e-54
0 23 49 3.18241e-98
0 24 0 1.26825e-98
0 24 1 1.1071e-54
0 24 2 2.83416e-54
0 24 3 6.9709e-54
0 24 4 1.64734e-53
0 24 5 3.74028e-53
0 24 6 8.15931e-53
0 24 7 1.71014e-52
0 24 8 3.4438e-52
0 24 9 6.66303e-52
0 24 10 1.23861e-51
0 24 11 2.2122e-51
0 24 12 3.79616e-51
0 24 13 6.25881e-51
0 24 14 9.91441e-51
0 24 15 1.50894e-50
0 24 16 2.20649e-50
0 24 17 3.10001e-50
0 24 18 4.18457e-50
0 24 19 5.4271e-50
0 24 20 6.76258e-50
0 24 21 8.09628e-50
0 24 22 9.31293e-50
0 24 23 1.02924e-49
0 24 24 1.09288e-49
0 24 25 1.11496e-49
0 24 26 1.09288e-49
0 24 27 1.02924e-49
0 24 28 9.31293e-50
0 24 29 8.09628e-50
0 24 30 6.76258e-50
0 24 31 5.4271e-50
0 24 32 4.18457e-50
0 24 33 3.10001e-50
0 24 34 2.20649e-50
0 24 35 1.50894e-50
0 24 36 9.91441e-51
0 24 37 6.25881e-51
0 24 38 3.79616e-51
0 24 39 2.2122e-51
0 24 40 1.23861e-51
0 24 41 6.66303e-52
0 24 42 3.4438e-52
0 24 43 1.71014e-52
0 24 44 8.15931e-53
0 24 45 3.74028e-53
0 24 46 1.64734e-53
0 24 47 6.9709e-54
0 24 48 2.83416e-54
0 24 49 3.3792e-98
0 25 0 1.29387e-98
0 25 1 1.12947e-54
0 25 2 2.89141e-54
0 25 3 7.11172e-54
0 25 4 1.68061e-53
0 25 5 3.81584e-53
0 25 6 8.32414e-53
0 25 7 1.74469e-52
0 25 8 3.51337e-52
0 25 9 6.79763e-52
0 25 10 1.26363e-51
0 25 11 2.25689e-51
0 25 12 3.87284e-51
0 25 13 6.38524e-51
0 25 14 1.01147e-50
0 25 15 1.53942e-50
0 25 16 2.25107e-50
0 25 17 3.16263e-50
0 25 18 4.26911e-50
0 25 19 5.53673e-50
0 25 20 6.89919e-50
0 25 21 8.25983e-50
0 25 22 9.50107e-50
0 25 23 1.05003e-49
0 25 24 1.11496e-49
0 25 25 1.13748e-49
0 25 26 1.11496e-49
0 25 27 1.05003e-49
0 25 28 9.50107e-50
0 25 29 8.25983e-50
0 25 30 6.89919e-50
0 25 31 5.53673e-50
0 25 32 4.26911e-50
0 25 33 3.16263e-50
0 25 34 2.25107e-50
0 25 35 1.53942e-50
0 25 36 1.01147e-50
0 25 37 6.38524e-51
0 25 38 3.87284e-51
0 25 39 2.25689e-51
0 25 40 1.26363e-51
0 25 41 6.79763e-52
0 25 42 3.51337e-52
0 25 43 1.74469e-52
0 25 44 8.32414e-53
0 25 45 3.81584e-53
0 25 46 1.68061e-53
0 25 47 7.11172e-54
0 25 48 2.89141e-54
0 25 49 3.44746e-98
0 26 0 1.26825e-98
0 26 1 1.1071e-54
0 26 2 2.83416e-54
0 26 3 6.9709e-54
0 26 4 1.64734e-53
0 26 5 3.74028e-53
0 26 6 8.15931e-53
0 26 7 1.71014e-52
0 26 8 3.4438e-52
0 26 9 6.66303e-52
0 26 10 1.23861e-51
0 26 11 2.2122e-51
0 26 12 3.79616e-51
0 26 13 6.25881e-51
0 26 14 9.91441e-51
0 26 15 1.50894e-50
0 26 16 2.20649e-50
0 26 17 3.10001e-50
0 26 18 4.18457e-50
0 26 19 5.4271e-50
0 26 20 6.76258e-50
0 26 21 8.09628e-50
0 26 22 9.31293e-50
0 26 23 1.02924e-49
0 26 24 1.09288e-49
0 26 25 1.11496e-49
0 26 26 1.09288e-49
0 26 27 1.02924e-49
0 26 28 9.31293e-50
0 26 29 8.09628e-50
0 26 30 6.76258e-50
0 26 31 5.4271e-50
0 26 32 4.18457e-50
0 26 33 3.10001e-50
0 26 34 2.20649e-50
0 26 35 1.50894e-50
0 26 36 9.91441e-51
0 26 37 6.25881e-51
0 26 38 3.79616e-51
0 26 39 2.2122e-51
0 26 40 1.23861e-51
0 26 41 6.66303e-52
0 26 42 3.4438e-52
0 26 43 1.71014e-52
0 26 44 8.15931e-53
0 26 45 3.74028e-53
0 26 46 1.64734e-53
0 26 47 6.9709e-54
0 26 48 2.83416e-54
0 26 49 3.3792e-98
0 27 0 1.19439e-98
0 27 1 1.04263e-54
0 27 2 2.66911e-54
0 27 3 6.56495e-54
0 27 4 1.5514e-53
0 27 5 3.52246e-53
0 27 6 7.68415e-53
0 27 7 1.61055e-52
0 27 8 3.24325e-52
0 27 9 6.27501e-52
0 27 10 1.16648e-51
0 27 11 2.08338e-51
0 27 12 3.57509e-51
0 27 13 5.89432e-51
0 27 14 9.33704e-51
0 27 15 1.42106e-50
0 27 16 2.078e-50
0 27 17 2.91948e-50
0 27 18 3.94088e-50
0 27 19 5.11105e-50
0 27 20 6.36876e-50
0 27 21 7.62479e-50
0 27 22 8.77059e-50
0 27 23 9.693e-50
0 27 24 1.02924e-49
0 27 25 1.05003e-49
0 27 26 1.02924e-49
0 27 27 9.693e-50
0 27 28 8.77059e-50
0 27 29 7.62479e-50
0 27 30 6.36876e-50
0 27 31 5.11105e-50
0 27 32 3.94088e-50
0 27 33 2.91948e-50
0 27 34 2.078e-50
0 27 35 1.42106e-50
0 27 36 9.33704e-51
0 27 37 5.89432e-51
0 27 38 3.57509e-51
0 27 39 2.08338e-51
0 27 40 1.16648e-51
0 27 41 6.27501e-52
0 27 42 3.24325e-52
0 27 43 1.61055e-52
0 27 44 7.68415e-53
0 27 45 3.52246e-53
0 27 46 1.5514e-53
0 27 47 6.56495e-54
0 27 48 2.66911e-54
0 27 49 3.18241e-98
0 28 0 1.08073e-98
0 28 1 9.43409e-55
0 28 2 2.41511e-54
0 28 3 5.94021e-54
0 28 4 1.40377e-53
0 28 5 3.18725e-53
0 28 6 6.9529e-53
0 28 7 1.45728e-52
0 28 8 2.93461e-52
0 28 9 5.67786e-52
0 28 10 1.05547e-51
0 28 11 1.88512e-51
0 28 12 3.23487e-51
0 28 13 5.3334e-51
0 28 14 8.4485e-51
0 28 15 1.28583e-50
0 28 16 1.88025e-50
0 28 17 2.64165e-50
0 28 18 3.56586e-50
0 28 19 4.62467e-50
0 28 20 5.76269e-50
0 28 21 6.89919e-50
0 28 22 7.93596e-50
0 28 23 8.77059e-50
0 28 24 9.31293e-50
0 28 25 9.50107e-50
0 28 26 9.31293e-50
0 28 27 8.77059e-50
0 28 28 7.93596e-50
0 28 29 6.89919e-50
0 28 30 5.76269e-50
0 28 31 4.62467e-50
0 28 32 3.56586e-50
0 28 33 2.64165e-50
0 28 34 1.88025e-50
0 28 35 1.28583e-50
0 28 36 8.4485e-51
0 28 37 5.3334e-51
0 28 38 3.23487e-51
0 28 39 1.88512e-51
0 28 40 1.05547e-51
0 28 41 5.67786e-52
0 28 42 2.93461e-52
0 28 43 1.45728e-52
0 28 44 6.9529e-53
0 28 45 3.18725e-53
0 28 46 1.40377e-53
0 28 47 5.94021e-54
0 28 48 2.41511e-54
0 28 49 2.87956e-98
0 29 0 9.39543e-99
0 29 1 8.2016e-55
0 29 2 2.0996e-54
0 29 3 5.16417e-54
0 29 4 1.22038e-53
0 29 5 2.77086e-53
0 29 6 6.04457e-53
0 29 7 1.2669e-52
0 29 8 2.55123e-52
0 29 9 4.93609e-52
0 29 10 9.17584e-52
0 29 11 1.63884e-51
0 29 12 2.81226e-51
0 29 13 4.63664e-51
0 29 14 7.34478e-51
0 29 15 1.11785e-50
0 29 16 1.63461e-50
0 29 17 2.29654e-50
0 29 18 3.10001e-50
0 29 19 4.02049e-50
0 29 20 5.00984e-50
0 29 21 5.99787e-50
0 29 22 6.89919e-50
0 29 23 7.62479e-50
0 29 24 8.09628e-50
0 29 25 8.25983e-50
0 29 26 8.09628e-50
0 29 27 7.62479e-50
0 29 28 6.89919e-50
0 29 29 5.99787e-50
0 29 30 5.00984e-50
0 29 31 4.02049e-50
0 29 32 3.10001e-50
0 29 33 2.29654e-50
0 29 34 1.63461e-50
0 29 35 1.11785e-50
0 29 36 7.34478e-51
0 29 37 4.63664e-51
0 29 38 2.81226e-51
0 29 39 1.63884e-51
0 29 40 9.17584e-52
0 29 41 4.93609e-52
0 29 42 2.55123e-52
0 29 43 1.2669e-52
0 29 44 6.04457e-53
0 29 45 2.77086e-53
0 29 46 1.22038e-53
0 29 47 5.16417e-54
0 29 48 2.0996e-54
0 29 49 2.50337e-98
0 30 0 7.84772e-99
0 30 1 6.85056e-55
0 30 2 1.75373e-54
0 30 3 4.31348e-54
0 30 4 1.01934e-53
0 30 5 2.31442e-53
0 30 6 5.04885e-53
0 30 7 1.05821e-52
0 30 8 2.13096e-52
0 30 9 4.12297e-52
0 30 10 7.66431e-52
0 30 11 1.36888e-51
0 30 12 2.349e-51
0 30 13 3.87284e-51
0 30 14 6.13487e-51
0 30 15 9.33704e-51
0 30 16 1.36534e-50
0 30 17 1.91823e-50
0 30 18 2.58934e-50
0 30 19 3.3582e-50
0 30 20 4.18457e-50
0 30 21 5.00984e-50
0 30 22 5.76269e-50
0 30 23 6.36876e-50
0 30 24 6.76258e-50
0 30 25 6.89919e-50
0 30 26 6.76258e-50
0 30 27 6.36876e-50
0 30 28 5.76269e-50
0 30 29 5.00984e-50
0 30 30 4.18457e-50
0 30 31 3.3582e-50
0 30 32 2.58934e-50
0 30 33 1.91823e-50
0 30 34 1.36534e-50
0 30 35 9.33704e-51
0 30 36 6.13487e-51
0 30 37 3.87284e-51
0 30 38 2.349e-51
0 30 39 1.36888e-51
0 30 40 7.66431e-52
0 30 41 4.12297e-52
0 30 42 2.13096e-52
0 30 43 1.05821e-52
0 30 44 5.04885e-53
0 30 45 2.31442e-53
0 30 46 1.01934e-53
0 30 47 4.31348e-54
0 30 48 1.75373e-54
0 30 49 2.09099e-98
0 31 0 6.29795e-99
0 31 1 5.4977e-55
0 31 2 1.4074e-54
0 31 3 3.46165e-54
0 31 4 8.18043e-54
0 31 5 1.85737e-53
0 31 6 4.05179e-53
0 31 7 8.4923e-53
0 31 8 1.71014e-52
0 31 9 3.30876e-52
0 31 10 6.15075e-52
0 31 11 1.09855e-51
0 31 12 1.88512e-51
0 31 13 3.10803e-51
0 31 14 4.92335e-51
0 31 15 7.49315e-51
0 31 16 1.09571e-50
0 31 17 1.53942e-50
0 31 18 2.078e-50
0 31 19 2.69502e-50
0 31 20 3.3582e-50
0 31 21 4.02049e-50
0 31 22 4.62467e-50
0 31 23 5.11105e-50
0 31 24 5.4271e-50
0 31 25 5.53673e-50
0 31 26 5.4271e-50
0 31 27 5.11105e-50
0 31 28 4.62467e-50
0 31 29 4.02049e-50
0 31 30 3.3582e-50
0 31 31 2.69502e-50
0 31 32 2.078e-50
0 31 33 1.53942e-50
0 31 34 1.09571e-50
0 31 35 7.49315e-51
0 31 36 4.92335e-51
0 31 37 3.10803e-51
0 31 38 1.88512e-51
0 31 39 1.09855e-51
0 31 40 6.15075e-52
0 31 41 3.30876e-52
0 31 42 1.71014e-52
0 31 43 8.4923e-53
0 31 44 4.05179e-53
0 31 45 1.85737e-53
0 31 46 8.18043e-54
0 31 47 3.46165e-54
0 31 48 1.4074e-54
0 31 49 1.67806e-98
0 32 0 4.85604e-99
0 32 1 4.23901e-55
0 32 2 1.08518e-54
0 32 3 2.66911e-54
0 32 4 6.30753e-54
0 32 5 1.43213e-53
0 32 6 3.12414e-53
0 32 7 6.548e-53
0 32 8 1.31861e-52
0 32 9 2.55123e-52
0 32 10 4.74255e-52
0 32 11 8.47037e-52
0 32 12 1.45352e-51
0 32 13 2.39645e-51
0 32 14 3.79616e-51
0 32 15 5.77761e-51
0 32 16 8.4485e-51
0 32 17 1.18697e-50
0 32 18 1.60224e-50
0 32 19 2.078e-50
0 32 20 2.58934e-50
0 32 21 3.10001e-50
0 32 22 3.56586e-50
0 32 23 3.94088e-50
0 32 24 4.18457e-50
0 32 25 4.26911e-50
0 32 26 4.18457e-50
0 32 27 3.94088e-50
0 32 28 3.56586e-50
0 32 29 3.10001e-50
0 32 30 2.58934e-50
0 32 31 2.078e-50
0 32 32 1.60224e-50
0 32 33 1.18697e-50
0 32 34 8.4485e-51
0 32 35 5.77761e-51
0 32 36 3.79616e-51
0 32 37 2.39645e-51
0 32 38 1.45352e-51
0 32 39 8.47037e-52
0 32 40 4.74255e-52
0 32 41 2.55123e-52
0 32 42 1.31861e-52
0 32 43 6.548e-53
0 32 44 3.12414e-53
0 32 45 1.43213e-53
0 32 46 6.30753e-54
0 32 47 2.66911e-54
0 32 48 1.08518e-54
0 32 49 1.29387e-98
0 33 0 3.59744e-99
0 33 1 3.14034e-55
0 33 2 8.0392e-55
0 33 3 1.97732e-54
0 33 4 4.67274e-54
0 33 5 1.06094e-53
0 33 6 2.31442e-53
0 33 7 4.85088e-53
0 33 8 9.76847e-53
0 33 9 1.89e-52
0 33 10 3.51337e-52
0 33 11 6.27501e-52
0 33 12 1.0768e-51
0 33 13 1.77534e-51
0 33 14 2.81226e-51
0 33 15 4.28016e-51
0 33 16 6.25881e-51
0 33 17 8.79329e-51
0 33 18 1.18697e-50
0 33 19 1.53942e-50
0 33 20 1.91823e-50
0 33 21 2.29654e-50
0 33 22 2.64165e-50
0 33 23 2.91948e-50
0 33 24 3.10001e-50
0 33 25 3.16263e-50
0 33 26 3.10001e-50
0 33 27 2.91948e-50
0 33 28 2.64165e-50
0 33 29 2.29654e-50
0 33 30 1.91823e-50
0 33 31 1.53942e-50
0 33 32 1.18697e-50
0 33 33 8.79329e-51
0 33 34 6.25881e-51
0 33 35 4.28016e-51
0 33 36 2.81226e-51
0 33 37 1.77534e-51
0 33 38 1.0768e-51
0 33 39 6.27501e-52
0 33 40 3.51337e-52
0 33 41 1.89e-52
0 33 42 9.76847e-53
0 33 43 4.85088e-53
0 33 44 2.31442e-53
0 33 45 1.06094e-53
0 33 46 4.67274e-54
0 33 47 1.97732e-54
0 33 48 8.0392e-55
0 33 49 9.58523e-99
0 34 0 2.56055e-99
0 34 1 2.2352e-55
0 34 2 5.72206e-55
0 34 3 1.4074e-54
0 34 4 3.32591e-54
0 34 5 7.55149e-54
0 34 6 1.64734e-53
0 34 7 3.45271e-53
0 34 8 6.9529e-53
0 34 9 1.34524e-52
0 34 10 2.50071e-52
0 34 11 4.46636e-52
0 34 12 7.66431e-52
0 34 13 1.26363e-51
0 34 14 2.00169e-51
0 34 15 3.04649e-51
0 34 16 4.45483e-51
0 34 17 6.25881e-51
0 34 18 8.4485e-51
0 34 19 1.09571e-50
0 34 20 1.36534e-50
0 34 21 1.63461e-50
0 34 22 1.88025e-50
0 34 23 2.078e-50
0 34 24 2.20649e-50
0 34 25 2.25107e-50
0 34 26 2.20649e-50
0 34 27 2.078e-50
0 34 28 1.88025e-50
0 34 29 1.63461e-50
0 34 30 1.36534e-50
0 34 31 1.09571e-50
0 34 32 8.4485e-51
0 34 33 6.25881e-51
0 34 34 4.45483e-51
0 34 35 3.04649e-51
0 34 36 2.00169e-51
0 34 37 1.26363e-51
0 34 38 7.66431e-52
0 34 39 4.46636e-52
0 34 40 2.50071e-52
0 34 41 1.34524e-52
0 34 42 6.9529e-53
0 34 43 3.45271e-53
0 34 44 1.64734e-53
0 34 45 7.55149e-54
0 34 46 3.32591e-54
0 34 47 1.4074e-54
0 34 48 5.72206e-55
0 34 49 6.82248e-99
0 35 0 1.75106e-99
0 35 1 1.52857e-55
0 35 2 3.9131e-55
0 35 3 9.62467e-55
0 35 4 2.27446e-54
0 35 5 5.16417e-54
0 35 6 1.12655e-53
0 35 7 2.36118e-53
0 35 8 4.75482e-53
0 35 9 9.1996e-53
0 35 10 1.71014e-52
0 35 11 3.05437e-52
0 35 12 5.24133e-52
0 35 13 8.64149e-52
0 35 14 1.36888e-51
0 35 15 2.08338e-51
0 35 16 3.04649e-51
0 35 17 4.28016e-51
0 35 18 5.77761e-51
0 35 19 7.49315e-51
0 35 20 9.33704e-51
0 35 21 1.11785e-50
0 35 22 1.28583e-50
0 35 23 1.42106e-50
0 35 24 1.50894e-50
0 35 25 1.53942e-50
0 35 26 1.50894e-50
0 35 27 1.42106e-50
0 35 28 1.28583e-50
0 35 29 1.11785e-50
0 35 30 9.33704e-51
0 35 31 7.49315e-51
0 35 32 5.77761e-51
0 35 33 4.28016e-51
0 35 34 3.04649e-51
0 35 35 2.08338e-51
0 35 36 1.36888e-51
0 35 37 8.64149e-52
0 35 38 5.24133e-52
0 35 39 3.05437e-52
0 35 40 1.71014e-52
0 35 41 9.1996e-53
0 35 42 4.75482e-53
0 35 43 2.36118e-53
0 35 44 1.12655e-53
0 35 45 5.16417e-54
0 35 46 2.27446e-54
0 35 47 9.62467e-55
0 35 48 3.9131e-55
0 35 49 4.66563e-99
0 36 0 1.15053e-99
0 36 1 1.00434e-55
0 36 2 2.57109e-55
0 36 3 6.32386e-55
0 36 4 1.49443e-54
0 36 5 3.3931e-54
0 36 6 7.40196e-54
0 36 7 1.5514e-53
0 36 8 3.12414e-53
0 36 9 6.04457e-53
0 36 10 1.12364e-52
0 36 11 2.00687e-52
0 36 12 3.4438e-52
0 36 13 5.67786e-52
0 36 14 8.99415e-52
0 36 15 1.36888e-51
0 36 16 2.00169e-51
0 36 17 2.81226e-51
0 36 18 3.79616e-51
0 36 19 4.92335e-51
0 36 20 6.13487e-51
0 36 21 7.34478e-51
0 36 22 8.4485e-51
0 36 23 9.33704e-51
0 36 24 9.91441e-51
0 36 25 1.01147e-50
0 36 26 9.91441e-51
0 36 27 9.33704e-51
0 36 28 8.4485e-51
0 36 29 7.34478e-51
0 36 30 6.13487e-51
0 36 31 4.92335e-51
0 36 32 3.79616e-51
0 36 33 2.81226e-51
0 36 34 2.00169e-51
0 36 35 1.36888e-51
0 36 36 8.99415e-52
0 36 37 5.67786e-52
0 36 38 3.4438e-52
0 36 39 2.00687e-52
0 36 40 1.12364e-52
0 36 41 6.04457e-53
0 36 42 3.12414e-53
0 36 43 1.5514e-53
0 36 44 7.40196e-54
0 36 45 3.3931e-54
0 36 46 1.49443e-54
0 36 47 6.32386e-55
0 36 48 2.57109e-55
0 36 49 3.06554e-99
0 37 0 7.26311e-100
0 37 1 6.34023e-56
0 37 2 1.62309e-55
0 37 3 3.99215e-55
0 37 4 9.43409e-55
0 37 5 2.14201e-54
0 37 6 4.67274e-54
0 37 7 9.79375e-54
0 37 8 1.97222e-53
0 37 9 3.81584e-53
0 37 10 7.09336e-53
0 37 11 1.2669e-52
0 37 12 2.17401e-52
0 37 13 3.58434e-52
0 37 14 5.67786e-52
0 37 15 8.64149e-52
0 37 16 1.26363e-51
0 37 17 1.77534e-51
0 37 18 2.39645e-51
0 37 19 3.10803e-51
0 37 20 3.87284e-51
0 37 21 4.63664e-51
0 37 22 5.3334e-51
0 37 23 5.89432e-51
0 37 24 6.25881e-51
0 37 25 6.38524e-51
0 37 26 6.25881e-51
0 37 27 5.89432e-51
0 37 28 5.3334e-51
0 37 29 4.63664e-51
0 37 30 3.87284e-51
0 37 31 3.10803e-51
0 37 32 2.39645e-51
0 37 33 1.77534e-51
0 37 34 1.26363e-51
0 37 35 8.64149e-52
0 37 36 5.67786e-52
0 37 37 3.58434e-52
0 37 38 2.17401e-52
0 37 39 1.2669e-52
0 37 40 7.09336e-53
0 37 41 3.81584e-53
0 37 42 1.97222e-53
0 37 43 9.79375e-54
0 37 44 4.67274e-54
0 37 45 2.14201e-54
0 37 46 9.43409e-55
0 37 47 3.99215e-55
0 37 48 1.62309e-55
0 37 49 1.93522e-99
0 38 0 4.4053e-100
0 38 1 3.84554e-56
0 38 2 9.84452e-56
0 38 3 2.42136e-55
0 38 4 5.72206e-55
0 38 5 1.29919e-54
0 38 6 2.83416e-54
0 38 7 5.94021e-54
0 38 8 1.19621e-53
0 38 9 2.31442e-53
0 38 10 4.30234e-53
0 38 11 7.68415e-53
0 38 12 1.31861e-52
0 38 13 2.17401e-52
0 38 14 3.4438e-52
0 38 15 5.24133e-52
0 38 16 7.66431e-52
0 38 17 1.0768e-51
0 38 18 1.45352e-51
0 38 19 1.88512e-51
0 38 20 2.349e-51
0 38 21 2.81226e-51
0 38 22 3.23487e-51
0 38 23 3.57509e-51
0 38 24 3.79616e-51
0 38 25 3.87284e-51
0 38 26 3.79616e-51
0 38 27 3.57509e-51
0 38 28 3.23487e-51
0 38 29 2.81226e-51
0 38 30 2.349e-51
0 38 31 1.88512e-51
0 38 32 1.45352e-51
0 38 33 1.0768e-51
0 38 34 7.66431e-52
0 38 35 5.24133e-52
0 38 36 3.4438e-52
0 38 37 2.17401e-52
0 38 38 1.31861e-52
0 38 39 7.68415e-53
0 38 40 4.30234e-53
0 38 41 2.31442e-53
0 38 42 1.19621e-53
0 38 43 5.94021e-54
0 38 44 2.83416e-54
0 38 45 1.29919e-54
0 38 46 5.72206e-55
0 38 47 2.42136e-55
0 38 48 9.84452e-56
0 38 49 1.17377e-99
0 39 0 2.56718e-100
0 39 1 2.24098e-56
0 39 2 5.73688e-56
0 39 3 1.41104e-55
0 39 4 3.33452e-55
0 39 5 7.57103e-55
0 39 6 1.6516e-54
0 39 7 3.46165e-54
0 39 8 6.9709e-54
0 39 9 1.34872e-53
0 39 10 2.50718e-53
0 39 11 4.47792e-53
0 39 12 7.68415e-53
0 39 13 1.2669e-52
0 39 14 2.00687e-52
0 39 15 3.05437e-52
0 39 16 4.46636e-52
0 39 17 6.27501e-52
0 39 18 8.47037e-52
0 39 19 1.09855e-51
0 39 20 1.36888e-51
0 39 21 1.63884e-51
0 39 22 1.88512e-51
0 39 23 2.08338e-51
0 39 24 2.2122e-51
0 39 25 2.25689e-51
0 39 26 2.2122e-51
0 39 27 2.08338e-51
0 39 28 1.88512e-51
0 39 29 1.63884e-51
0 39 30 1.36888e-51
0 39 31 1.09855e-51
0 39 32 8.47037e-52
0 39 33 6.27501e-52
0 39 34 4.46636e-52
0 39 35 3.05437e-52
0 39 36 2.00687e-52
0 39 37 1.2669e-52
0 39 38 7.68415e-53
0 39 39 4.47792e-53
0 39 40 2.50718e-53
0 39 41 1.34872e-53
0 39 42 6.9709e-54
0 39 43 3.46165e-54
0 39 44 1.6516e-54
0 39 45 7.57103e-55
0 39 46 3.33452e-55
0 39 47 1.41104e-55
0 39 48 5.73688e-56
0 39 49 6.84014e-100
0 40 0 1.43736e-100
0 40 1 1.25472e-56
0 40 2 3.21207e-56
0 40 3 7.90041e-56
0 40 4 1.86699e-55
0 40 5 4.23901e-55
0 40 6 9.24728e-55
0 40 7 1.93817e-54
0 40 8 3.903e-54
0 40 9 7.55149e-54
0 40 10 1.40377e-53
0 40 11 2.50718e-53
0 40 12 4.30234e-53
0 40 13 7.09336e-53
0 40 14 1.12364e-52
0 40 15 1.71014e-52
0 40 16 2.50071e-52
0 40 17 3.51337e-52
0 40 18 4.74255e-52
0 40 19 6.15075e-52
0 40 20 7.66431e-52
0 40 21 9.17584e-52
0 40 22 1.05547e-51
0 40 23 1.16648e-51
0 40 24 1.23861e-51
0 40 25 1.26363e-51
0 40 26 1.23861e-51
0 40 27 1.16648e-51
0 40 28 1.05547e-51
0 40 29 9.17584e-52
0 40 30 7.66431e-52
0 40 31 6.15075e-52
0 40 32 4.74255e-52
0 40 33 3.51337e-52
0 40 34 2.50071e-52
0 40 35 1.71014e-52
0 40 36 1.12364e-52
0 40 37 7.09336e-53
0 40 38 4.30234e-53
0 40 39 2.50718e-53
0 40 40 1.40377e-53
0 40 41 7.55149e-54
0 40 42 3.903e-54
0 40 43 1.93817e-54
0 40 44 9.24728e-55
0 40 45 4.23901e-55
0 40 46 1.86699e-55
0 40 47 7.90041e-56
0 40 48 3.21207e-56
0 40 49 3.82978e-100
0 41 0 7.7322e-101
0 41 1 6.74971e-57
0 41 2 1.72791e-56
0 41 3 4.24998e-56
0 41 4 1.00434e-55
0 41 5 2.28035e-55
0 41 6 4.97452e-55
0 41 7 1.04263e-54
0 41 8 2.0996e-54
