0 0 0 6.36901e-79
0 0 1 7.35037e-58
0 0 2 1.88168e-57
0 0 3 4.62819e-57
0 0 4 1.09371e-56
0 0 5 2.48328e-56
0 0 6 5.41721e-56
0 0 7 1.13541e-55
0 0 8 2.28644e-55
0 0 9 4.42378e-55
0 0 10 8.22349e-55
0 0 11 1.46875e-54
0 0 12 2.52038e-54
0 0 13 4.15541e-54
0 0 14 6.58247e-54
0 0 15 1.00183e-53
0 0 16 1.46496e-53
0 0 17 2.05819e-53
0 0 18 2.77826e-53
0 0 19 3.60321e-53
0 0 20 4.48987e-53
0 0 21 5.37536e-53
0 0 22 6.18313e-53
0 0 23 6.83342e-53
0 0 24 7.25597e-53
0 0 25 7.40255e-53
0 0 26 7.25597e-53
0 0 27 6.83342e-53
0 0 28 6.18313e-53
0 0 29 5.37536e-53
0 0 30 4.48987e-53
0 0 31 3.60321e-53
0 0 32 2.77826e-53
0 0 33 2.05819e-53
0 0 34 1.46496e-53
0 0 35 1.00183e-53
0 0 36 6.58247e-54
0 0 37 4.15541e-54
0 0 38 2.52038e-54
0 0 39 1.46875e-54
0 0 40 8.22349e-55
0 0 41 4.42378e-55
0 0 42 2.28644e-55
0 0 43 1.13541e-55
0 0 44 5.41721e-56
0 0 45 2.48328e-56
0 0 46 1.09371e-56
0 0 47 4.62819e-57
0 0 48 1.88168e-57
0 0 49 1.697e-78
0 1 0 7.35037e-58
0 1 1 8.48293e-37
0 1 2 2.17161e-36
0 1 3 5.34131e-36
0 1 4 1.26224e-35
0 1 5 2.86591e-35
0 1 6 6.2519e-35
0 1 7 1.31036e-34
0 1 8 2.63874e-34
0 1 9 5.10541e-34
0 1 10 9.49059e-34
0 1 11 1.69506e-33
0 1 12 2.90873e-33
0 1 13 4.79568e-33
0 1 14 7.59671e-33
0 1 15 1.15619e-32
0 1 16 1.69068e-32
0 1 17 2.37532e-32
0 1 18 3.20634e-32
0 1 19 4.1584e-32
0 1 20 5.18169e-32
0 1 21 6.2036e-32
0 1 22 7.13584e-32
0 1 23 7.88633e-32
0 1 24 8.37399e-32
0 1 25 8.54316e-32
0 1 26 8.37399e-32
0 1 27 7.88633e-32
0 1 28 7.13584e-32
0 1 29 6.2036e-32
0 1 30 5.18169e-32
0 1 31 4.1584e-32
0 1 32 3.20634e-32
0 1 33 2.37532e-32
0 1 34 1.69068e-32
0 1 35 1.15619e-32
0 1 36 7.59671e-33
0 1 37 4.79568e-33
0 1 38 2.90873e-33
0 1 39 1.69506e-33
0 1 40 9.49059e-34
0 1 41 5.10541e-34
0 1 42 2.63874e-34
0 1 43 1.31036e-34
0 1 44 6.2519e-35
0 1 45 2.86591e-35
0 1 46 1.26224e-35
0 1 47 5.34131e-36
0 1 48 2.17161e-36
0 1 49 1.95847e-57
0 2 0 1.88168e-57
0 2 1 2.17161e-36
0 2 2 5.55929e-36
0 2 3 1.36737e-35
0 2 4 3.2313e-35
0 2 5 7.33667e-35
0 2 6 1.60048e-34
0 2 7 3.35449e-34
0 2 8 6.75512e-34
0 2 9 1.30698e-33
0 2 10 2.42957e-33
0 2 11 4.33931e-33
0 2 12 7.44629e-33
0 2 13 1.22769e-32
0 2 14 1.94474e-32
0 2 15 2.95983e-32
0 2 16 4.32811e-32
0 2 17 6.08076e-32
0 2 18 8.20817e-32
0 2 19 1.06454e-31
0 2 20 1.3265e-31
0 2 21 1.58811e-31
0 2 22 1.82676e-31
0 2 23 2.01888e-31
0 2 24 2.14373e-31
0 2 25 2.18703e-31
0 2 26 2.14373e-31
0 2 27 2.01888e-31
0 2 28 1.82676e-31
0 2 29 1.58811e-31
0 2 30 1.3265e-31
0 2 31 1.06454e-31
0 2 32 8.20817e-32
0 2 33 6.08076e-32
0 2 34 4.32811e-32
0 2 35 2.95983e-32
0 2 36 1.94474e-32
0 2 37 1.22769e-32
0 2 38 7.44629e-33
0 2 39 4.33931e-33
0 2 40 2.42957e-33
0 2 41 1.30698e-33
0 2 42 6.75512e-34
0 2 43 3.35449e-34
0 2 44 1.60048e-34
0 2 45 7.33667e-35
0 2 46 3.2313e-35
0 2 47 1.36737e-35
0 2 48 5.55929e-36
0 2 49 5.01365e-57
0 3 0 4.62819e-57
0 3 1 5.34131e-36
0 3 2 1.36737e-35
0 3 3 3.36318e-35
0 3 4 7.94772e-35
0 3 5 1.80453e-34
0 3 6 3.93653e-34
0 3 7 8.25072e-34
0 3 8 1.66149e-33
0 3 9 3.21464e-33
0 3 10 5.97579e-33
0 3 11 1.0673e-32
0 3 12 1.83149e-32
0 3 13 3.01962e-32
0 3 14 4.7833e-32
0 3 15 7.28e-32
0 3 16 1.06454e-31
0 3 17 1.49563e-31
0 3 18 2.01888e-31
0 3 19 2.61835e-31
0 3 20 3.26267e-31
0 3 21 3.90612e-31
0 3 22 4.49311e-31
0 3 23 4.96566e-31
0 3 24 5.27271e-31
0 3 25 5.37923e-31
0 3 26 5.27271e-31
0 3 27 4.96566e-31
0 3 28 4.49311e-31
0 3 29 3.90612e-31
0 3 30 3.26267e-31
0 3 31 2.61835e-31
0 3 32 2.01888e-31
0 3 33 1.49563e-31
0 3 34 1.06454e-31
0 3 35 7.28e-32
0 3 36 4.7833e-32
0 3 37 3.01962e-32
0 3 38 1.83149e-32
0 3 39 1.0673e-32
0 3 40 5.97579e-33
0 3 41 3.21464e-33
0 3 42 1.66149e-33
0 3 43 8.25072e-34
0 3 44 3.93653e-34
0 3 45 1.80453e-34
0 3 46 7.94772e-35
0 3 47 3.36318e-35
0 3 48 1.36737e-35
0 3 49 1.23316e-56
0 4 0 1.09371e-56
0 4 1 1.26224e-35
0 4 2 3.2313e-35
0 4 3 7.94772e-35
0 4 4 1.87818e-34
0 4 5 4.2644e-34
0 4 6 9.30266e-34
0 4 7 1.94978e-33
0 4 8 3.92637e-33
0 4 9 7.59671e-33
0 4 10 1.41217e-32
0 4 11 2.5222e-32
0 4 12 4.32811e-32
0 4 13 7.13584e-32
0 4 14 1.13037e-31
0 4 15 1.72038e-31
0 4 16 2.51569e-31
0 4 17 3.53441e-31
0 4 18 4.77095e-31
0 4 19 6.18759e-31
0 4 20 7.71021e-31
0 4 21 9.2308e-31
0 4 22 1.06179e-30
0 4 23 1.17346e-30
0 4 24 1.24603e-30
0 4 25 1.2712e-30
0 4 26 1.24603e-30
0 4 27 1.17346e-30
0 4 28 1.06179e-30
0 4 29 9.2308e-31
0 4 30 7.71021e-31
0 4 31 6.18759e-31
0 4 32 4.77095e-31
0 4 33 3.53441e-31
0 4 34 2.51569e-31
0 4 35 1.72038e-31
0 4 36 1.13037e-31
0 4 37 7.13584e-32
0 4 38 4.32811e-32
0 4 39 2.5222e-32
0 4 40 1.41217e-32
0 4 41 7.59671e-33
0 4 42 3.92637e-33
0 4 43 1.94978e-33
0 4 44 9.30266e-34
0 4 45 4.2644e-34
0 4 46 1.87818e-34
0 4 47 7.94772e-35
0 4 48 3.2313e-35
0 4 49 2.91416e-56
0 5 0 2.48328e-56
0 5 1 2.86591e-35
0 5 2 7.33667e-35
0 5 3 1.80453e-34
0 5 4 4.2644e-34
0 5 5 9.68231e-34
0 5 6 2.11217e-33
0 5 7 4.42697e-33
0 5 8 8.91482e-33
0 5 9 1.72483e-32
0 5 10 3.20634e-32
0 5 11 5.72665e-32
0 5 12 9.82697e-32
0 5 13 1.62019e-31
0 5 14 2.56651e-31
0 5 15 3.90612e-31
0 5 16 5.71186e-31
0 5 17 8.02487e-31
0 5 18 1.08324e-30
0 5 19 1.40489e-30
0 5 20 1.7506e-30
0 5 21 2.09585e-30
0 5 22 2.4108e-30
0 5 23 2.66435e-30
0 5 24 2.8291e-30
0 5 25 2.88626e-30
0 5 26 2.8291e-30
0 5 27 2.66435e-30
0 5 28 2.4108e-30
0 5 29 2.09585e-30
0 5 30 1.7506e-30
0 5 31 1.40489e-30
0 5 32 1.08324e-30
0 5 33 8.02487e-31
0 5 34 5.71186e-31
0 5 35 3.90612e-31
0 5 36 2.56651e-31
0 5 37 1.62019e-31
0 5 38 9.82697e-32
0 5 39 5.72665e-32
0 5 40 3.20634e-32
0 5 41 1.72483e-32
0 5 42 8.91482e-33
0 5 43 4.42697e-33
0 5 44 2.11217e-33
0 5 45 9.68231e-34
0 5 46 4.2644e-34
0 5 47 1.80453e-34
0 5 48 7.33667e-35
0 5 49 6.61659e-56
0 6 0 5.41721e-56
0 6 1 6.2519e-35
0 6 2 1.60048e-34
0 6 3 3.93653e-34
0 6 4 9.30266e-34
0 6 5 2.11217e-33
0 6 6 4.60764e-33
0 6 7 9.65731e-33
0 6 8 1.94474e-32
0 6 9 3.76268e-32
0 6 10 6.99454e-32
0 6 11 1.24925e-31
0 6 12 2.14373e-31
0 6 13 3.53441e-31
0 6 14 5.59876e-31
0 6 15 8.5211e-31
0 6 16 1.24603e-30
0 6 17 1.7506e-30
0 6 18 2.36307e-30
0 6 19 3.06473e-30
0 6 20 3.81889e-30
0 6 21 4.57204e-30
0 6 22 5.2591e-30
0 6 23 5.81221e-30
0 6 24 6.17161e-30
0 6 25 6.29629e-30
0 6 26 6.17161e-30
0 6 27 5.81221e-30
0 6 28 5.2591e-30
0 6 29 4.57204e-30
0 6 30 3.81889e-30
0 6 31 3.06473e-30
0 6 32 2.36307e-30
0 6 33 1.7506e-30
0 6 34 1.24603e-30
0 6 35 8.5211e-31
0 6 36 5.59876e-31
0 6 37 3.53441e-31
0 6 38 2.14373e-31
0 6 39 1.24925e-31
0 6 40 6.99454e-32
0 6 41 3.76268e-32
0 6 42 1.94474e-32
0 6 43 9.65731e-33
0 6 44 4.60764e-33
0 6 45 2.11217e-33
0 6 46 9.30266e-34
0 6 47 3.93653e-34
0 6 48 1.60048e-34
0 6 49 1.44339e-55
0 7 0 1.13541e-55
0 7 1 1.31036e-34
0 7 2 3.35449e-34
0 7 3 8.25072e-34
0 7 4 1.94978e-33
0 7 5 4.42697e-33
0 7 6 9.65731e-33
0 7 7 2.02411e-32
0 7 8 4.07606e-32
0 7 9 7.88633e-32
0 7 10 1.46601e-31
0 7 11 2.61835e-31
0 7 12 4.49311e-31
0 7 13 7.40789e-31
0 7 14 1.17346e-30
0 7 15 1.78597e-30
0 7 16 2.61159e-30
0 7 17 3.66915e-30
0 7 18 4.95284e-30
0 7 19 6.42348e-30
0 7 20 8.00415e-30
0 7 21 9.58271e-30
0 7 22 1.10227e-29
0 7 23 1.2182e-29
0 7 24 1.29353e-29
0 7 25 1.31966e-29
0 7 26 1.29353e-29
0 7 27 1.2182e-29
0 7 28 1.10227e-29
0 7 29 9.58271e-30
0 7 30 8.00415e-30
0 7 31 6.42348e-30
0 7 32 4.95284e-30
0 7 33 3.66915e-30
0 7 34 2.61159e-30
0 7 35 1.78597e-30
0 7 36 1.17346e-30
0 7 37 7.40789e-31
0 7 38 4.49311e-31
0 7 39 2.61835e-31
0 7 40 1.46601e-31
0 7 41 7.88633e-32
0 7 42 4.07606e-32
0 7 43 2.02411e-32
0 7 44 9.65731e-33
0 7 45 4.42697e-33
0 7 46 1.94978e-33
0 7 47 8.25072e-34
0 7 48 3.35449e-34
0 7 49 3.02525e-55
0 8 0 2.28644e-55
0 8 1 2.63874e-34
0 8 2 6.75512e-34
0 8 3 1.66149e-33
0 8 4 3.92637e-33
0 8 5 8.91482e-33
0 8 6 1.94474e-32
0 8 7 4.07606e-32
0 8 8 8.20817e-32
0 8 9 1.58811e-31
0 8 10 2.95218e-31
0 8 11 5.27271e-31
0 8 12 9.04801e-31
0 8 13 1.49177e-30
0 8 14 2.36307e-30
0 8 15 3.5965e-30
0 8 16 5.2591e-30
0 8 17 7.38876e-30
0 8 18 9.97379e-30
0 8 19 1.29353e-29
0 8 20 1.61184e-29
0 8 21 1.92972e-29
0 8 22 2.21971e-29
0 8 23 2.45316e-29
0 8 24 2.60485e-29
0 8 25 2.65747e-29
0 8 26 2.60485e-29
0 8 27 2.45316e-29
0 8 28 2.21971e-29
0 8 29 1.92972e-29
0 8 30 1.61184e-29
0 8 31 1.29353e-29
0 8 32 9.97379e-30
0 8 33 7.38876e-30
0 8 34 5.2591e-30
0 8 35 3.5965e-30
0 8 36 2.36307e-30
0 8 37 1.49177e-30
0 8 38 9.04801e-31
0 8 39 5.27271e-31
0 8 40 2.95218e-31
0 8 41 1.58811e-31
0 8 42 8.20817e-32
0 8 43 4.07606e-32
0 8 44 1.94474e-32
0 8 45 8.91482e-33
0 8 46 3.92637e-33
0 8 47 1.66149e-33
0 8 48 6.75512e-34
0 8 49 6.09211e-55
0 9 0 4.42378e-55
0 9 1 5.10541e-34
0 9 2 1.30698e-33
0 9 3 3.21464e-33
0 9 4 7.59671e-33
0 9 5 1.72483e-32
0 9 6 3.76268e-32
0 9 7 7.88633e-32
0 9 8 1.58811e-31
0 9 9 3.07267e-31
0 9 10 5.71186e-31
0 9 11 1.02016e-30
0 9 12 1.7506e-30
0 9 13 2.88626e-30
0 9 14 4.57204e-30
0 9 15 6.95847e-30
0 9 16 1.01753e-29
0 9 17 1.42957e-29
0 9 18 1.92972e-29
0 9 19 2.50271e-29
0 9 20 3.11857e-29
0 9 21 3.73361e-29
0 9 22 4.29467e-29
0 9 23 4.74635e-29
0 9 24 5.03984e-29
0 9 25 5.14166e-29
0 9 26 5.03984e-29
0 9 27 4.74635e-29
0 9 28 4.29467e-29
0 9 29 3.73361e-29
0 9 30 3.11857e-29
0 9 31 2.50271e-29
0 9 32 1.92972e-29
0 9 33 1.42957e-29
0 9 34 1.01753e-29
0 9 35 6.95847e-30
0 9 36 4.57204e-30
0 9 37 2.88626e-30
0 9 38 1.7506e-30
0 9 39 1.02016e-30
0 9 40 5.71186e-31
0 9 41 3.07267e-31
0 9 42 1.58811e-31
0 9 43 7.88633e-32
0 9 44 3.76268e-32
0 9 45 1.72483e-32
0 9 46 7.59671e-33
0 9 47 3.21464e-33
0 9 48 1.30698e-33
0 9 49 1.1787e-54
0 10 0 8.22349e-55
0 10 1 9.49059e-34
0 10 2 2.42957e-33
0 10 3 5.97579e-33
0 10 4 1.41217e-32
0 10 5 3.20634e-32
0 10 6 6.99454e-32
0 10 7 1.46601e-31
0 10 8 2.95218e-31
0 10 9 5.71186e-31
0 10 10 1.06179e-30
0 10 11 1.89641e-30
0 10 12 3.25424e-30
0 10 13 5.36534e-30
0 10 14 8.4991e-30
0 10 15 1.29353e-29
0 10 16 1.89151e-29
0 10 17 2.65747e-29
0 10 18 3.58721e-29
0 10 19 4.65236e-29
0 10 20 5.7972e-29
0 10 21 6.94051e-29
0 10 22 7.98349e-29
0 10 23 8.82312e-29
0 10 24 9.36871e-29
0 10 25 9.55797e-29
0 10 26 9.36871e-29
0 10 27 8.82312e-29
0 10 28 7.98349e-29
0 10 29 6.94051e-29
0 10 30 5.7972e-29
0 10 31 4.65236e-29
0 10 32 3.58721e-29
0 10 33 2.65747e-29
0 10 34 1.89151e-29
0 10 35 1.29353e-29
0 10 36 8.4991e-30
0 10 37 5.36534e-30
0 10 38 3.25424e-30
0 10 39 1.89641e-30
0 10 40 1.06179e-30
0 10 41 5.71186e-31
0 10 42 2.95218e-31
0 10 43 1.46601e-31
0 10 44 6.99454e-32
0 10 45 3.20634e-32
0 10 46 1.41217e-32
0 10 47 5.97579e-33
0 10 48 2.42957e-33
0 10 49 2.19111e-54
0 11 0 1.46875e-54
0 11 1 1.69506e-33
0 11 2 4.33931e-33
0 11 3 1.0673e-32
0 11 4 2.5222e-32
0 11 5 5.72665e-32
0 11 6 1.24925e-31
0 11 7 2.61835e-31
0 11 8 5.27271e-31
0 11 9 1.02016e-30
0 11 10 1.89641e-30
0 11 11 3.38705e-30
0 11 12 5.81221e-30
0 11 13 9.58271e-30
0 11 14 1.51797e-29
0 11 15 2.31029e-29
0 11 16 3.37831e-29
0 11 17 4.74635e-29
0 11 18 6.4069e-29
0 11 19 8.3093e-29
0 11 20 1.0354e-28
0 11 21 1.2396e-28
0 11 22 1.42588e-28
0 11 23 1.57584e-28
0 11 24 1.67329e-28
0 11 25 1.70709e-28
0 11 26 1.67329e-28
0 11 27 1.57584e-28
0 11 28 1.42588e-28
0 11 29 1.2396e-28
0 11 30 1.0354e-28
0 11 31 8.3093e-29
0 11 32 6.4069e-29
0 11 33 4.74635e-29
0 11 34 3.37831e-29
0 11 35 2.31029e-29
0 11 36 1.51797e-29
0 11 37 9.58271e-30
0 11 38 5.81221e-30
0 11 39 3.38705e-30
0 11 40 1.89641e-30
0 11 41 1.02016e-30
0 11 42 5.27271e-31
0 11 43 2.61835e-31
0 11 44 1.24925e-31
0 11 45 5.72665e-32
0 11 46 2.5222e-32
0 11 47 1.0673e-32
0 11 48 4.33931e-33
0 11 49 3.91341e-54
0 12 0 2.52038e-54
0 12 1 2.90873e-33
0 12 2 7.44629e-33
0 12 3 1.83149e-32
0 12 4 4.32811e-32
0 12 5 9.82697e-32
0 12 6 2.14373e-31
0 12 7 4.49311e-31
0 12 8 9.04801e-31
0 12 9 1.7506e-30
0 12 10 3.25424e-30
0 12 11 5.81221e-30
0 12 12 9.97379e-30
0 12 13 1.6444e-29
0 12 14 2.60485e-29
0 12 15 3.96448e-29
0 12 16 5.7972e-29
0 12 17 8.14476e-29
0 12 18 1.09943e-28
0 12 19 1.42588e-28
0 12 20 1.77676e-28
0 12 21 2.12716e-28
0 12 22 2.44682e-28
0 12 23 2.70416e-28
0 12 24 2.87137e-28
0 12 25 2.92938e-28
0 12 26 2.87137e-28
0 12 27 2.70416e-28
0 12 28 2.44682e-28
0 12 29 2.12716e-28
0 12 30 1.77676e-28
0 12 31 1.42588e-28
0 12 32 1.09943e-28
0 12 33 8.14476e-29
0 12 34 5.7972e-29
0 12 35 3.96448e-29
0 12 36 2.60485e-29
0 12 37 1.6444e-29
0 12 38 9.97379e-30
0 12 39 5.81221e-30
0 12 40 3.25424e-30
0 12 41 1.7506e-30
0 12 42 9.04801e-31
0 12 43 4.49311e-31
0 12 44 2.14373e-31
0 12 45 9.82697e-32
0 12 46 4.32811e-32
0 12 47 1.83149e-32
0 12 48 7.44629e-33
0 12 49 6.71544e-54
0 13 0 4.15541e-54
0 13 1 4.79568e-33
0 13 2 1.22769e-32
0 13 3 3.01962e-32
0 13 4 7.13584e-32
0 13 5 1.62019e-31
0 13 6 3.53441e-31
0 13 7 7.40789e-31
0 13 8 1.49177e-30
0 13 9 2.88626e-30
0 13 10 5.36534e-30
0 13 11 9.58271e-30
0 13 12 1.6444e-29
0 13 13 2.71116e-29
0 13 14 4.29467e-29
0 13 15 6.53633e-29
0 13 16 9.55797e-29
0 13 17 1.34284e-28
0 13 18 1.81265e-28
0 13 19 2.35088e-28
0 13 20 2.92938e-28
0 13 21 3.5071e-28
0 13 22 4.03413e-28
0 13 23 4.4584e-28
0 13 24 4.73409e-28
0 13 25 4.82973e-28
0 13 26 4.73409e-28
0 13 27 4.4584e-28
0 13 28 4.03413e-28
0 13 29 3.5071e-28
0 13 30 2.92938e-28
0 13 31 2.35088e-28
0 13 32 1.81265e-28
0 13 33 1.34284e-28
0 13 34 9.55797e-29
0 13 35 6.53633e-29
0 13 36 4.29467e-29
0 13 37 2.71116e-29
0 13 38 1.6444e-29
0 13 39 9.58271e-30
0 13 40 5.36534e-30
0 13 41 2.88626e-30
0 13 42 1.49177e-30
0 13 43 7.40789e-31
0 13 44 3.53441e-31
0 13 45 1.62019e-31
0 13 46 7.13584e-32
0 13 47 3.01962e-32
0 13 48 1.22769e-32
0 13 49 1.10719e-53
0 14 0 6.58247e-54
0 14 1 7.59671e-33
0 14 2 1.94474e-32
0 14 3 4.7833e-32
0 14 4 1.13037e-31
0 14 5 2.56651e-31
0 14 6 5.59876e-31
0 14 7 1.17346e-30
0 14 8 2.36307e-30
0 14 9 4.57204e-30
0 14 10 8.4991e-30
0 14 11 1.51797e-29
0 14 12 2.60485e-29
0 14 13 4.29467e-29
0 14 14 6.80308e-29
0 14 15 1.0354e-28
0 14 16 1.51405e-28
0 14 17 2.12716e-28
0 14 18 2.87137e-28
0 14 19 3.72397e-28
0 14 20 4.64035e-28
0 14 21 5.55551e-28
0 14 22 6.39036e-28
0 14 23 7.06244e-28
0 14 24 7.49915e-28
0 14 25 7.65065e-28
0 14 26 7.49915e-28
0 14 27 7.06244e-28
0 14 28 6.39036e-28
0 14 29 5.55551e-28
0 14 30 4.64035e-28
0 14 31 3.72397e-28
0 14 32 2.87137e-28
0 14 33 2.12716e-28
0 14 34 1.51405e-28
0 14 35 1.0354e-28
0 14 36 6.80308e-29
0 14 37 4.29467e-29
0 14 38 2.60485e-29
0 14 39 1.51797e-29
0 14 40 8.4991e-30
0 14 41 4.57204e-30
0 14 42 2.36307e-30
0 14 43 1.17346e-30
0 14 44 5.59876e-31
0 14 45 2.56651e-31
0 14 46 1.13037e-31
0 14 47 4.7833e-32
0 14 48 1.94474e-32
0 14 49 1.75387e-53
0 15 0 1.00183e-53
0 15 1 1.15619e-32
0 15 2 2.95983e-32
0 15 3 7.28e-32
0 15 4 1.72038e-31
0 15 5 3.90612e-31
0 15 6 8.5211e-31
0 15 7 1.78597e-30
0 15 8 3.5965e-30
0 15 9 6.95847e-30
0 15 10 1.29353e-29
0 15 11 2.31029e-29
0 15 12 3.96448e-29
0 15 13 6.53633e-29
0 15 14 1.0354e-28
0 15 15 1.57584e-28
0 15 16 2.30433e-28
0 15 17 3.23746e-28
0 15 18 4.37012e-28
0 15 19 5.66774e-28
0 15 20 7.06244e-28
0 15 21 8.45527e-28
0 15 22 9.72588e-28
0 15 23 1.07488e-27
0 15 24 1.14134e-27
0 15 25 1.1644e-27
0 15 26 1.14134e-27
0 15 27 1.07488e-27
0 15 28 9.72588e-28
0 15 29 8.45527e-28
0 15 30 7.06244e-28
0 15 31 5.66774e-28
0 15 32 4.37012e-28
0 15 33 3.23746e-28
0 15 34 2.30433e-28
0 15 35 1.57584e-28
0 15 36 1.0354e-28
0 15 37 6.53633e-29
0 15 38 3.96448e-29
0 15 39 2.31029e-29
0 15 40 1.29353e-29
0 15 41 6.95847e-30
0 15 42 3.5965e-30
0 15 43 1.78597e-30
0 15 44 8.5211e-31
0 15 45 3.90612e-31
0 15 46 1.72038e-31
0 15 47 7.28e-32
0 15 48 2.95983e-32
0 15 49 2.66932e-53
0 16 0 1.46496e-53
0 16 1 1.69068e-32
0 16 2 4.32811e-32
0 16 3 1.06454e-31
0 16 4 2.51569e-31
0 16 5 5.71186e-31
0 16 6 1.24603e-30
0 16 7 2.61159e-30
0 16 8 5.2591e-30
0 16 9 1.01753e-29
0 16 10 1.89151e-29
0 16 11 3.37831e-29
0 16 12 5.7972e-29
0 16 13 9.55797e-29
0 16 14 1.51405e-28
0 16 15 2.30433e-28
0 16 16 3.36959e-28
0 16 17 4.73409e-28
0 16 18 6.39036e-28
0 16 19 8.28785e-28
0 16 20 1.03273e-27
0 16 21 1.2364e-27
0 16 22 1.4222e-27
0 16 23 1.57177e-27
0 16 24 1.66897e-27
0 16 25 1.70268e-27
0 16 26 1.66897e-27
0 16 27 1.57177e-27
0 16 28 1.4222e-27
0 16 29 1.2364e-27
0 16 30 1.03273e-27
0 16 31 8.28785e-28
0 16 32 6.39036e-28
0 16 33 4.73409e-28
0 16 34 3.36959e-28
0 16 35 2.30433e-28
0 16 36 1.51405e-28
0 16 37 9.55797e-29
0 16 38 5.7972e-29
0 16 39 3.37831e-29
0 16 40 1.89151e-29
0 16 41 1.01753e-29
0 16 42 5.2591e-30
0 16 43 2.61159e-30
0 16 44 1.24603e-30
0 16 45 5.71186e-31
0 16 46 2.51569e-31
0 16 47 1.06454e-31
0 16 48 4.32811e-32
0 16 49 3.90331e-53
0 17 0 2.05819e-53
0 17 1 2.37532e-32
0 17 2 6.08076e-32
0 17 3 1.49563e-31
0 17 4 3.53441e-31
0 17 5 8.02487e-31
0 17 6 1.7506e-30
0 17 7 3.66915e-30
0 17 8 7.38876e-30
0 17 9 1.42957e-29
0 17 10 2.65747e-29
0 17 11 4.74635e-29
0 17 12 8.14476e-29
0 17 13 1.34284e-28
0 17 14 2.12716e-28
0 17 15 3.23746e-28
0 17 16 4.73409e-28
0 17 17 6.65115e-28
0 17 18 8.97812e-28
0 17 19 1.1644e-27
0 17 20 1.45093e-27
0 17 21 1.73708e-27
0 17 22 1.99812e-27
0 17 23 2.20826e-27
0 17 24 2.34481e-27
0 17 25 2.39218e-27
0 17 26 2.34481e-27
0 17 27 2.20826e-27
0 17 28 1.99812e-27
0 17 29 1.73708e-27
0 17 30 1.45093e-27
0 17 31 1.1644e-27
0 17 32 8.97812e-28
0 17 33 6.65115e-28
0 17 34 4.73409e-28
0 17 35 3.23746e-28
0 17 36 2.12716e-28
0 17 37 1.34284e-28
0 17 38 8.14476e-29
0 17 39 4.74635e-29
0 17 40 2.65747e-29
0 17 41 1.42957e-29
0 17 42 7.38876e-30
0 17 43 3.66915e-30
0 17 44 1.7506e-30
0 17 45 8.02487e-31
0 17 46 3.53441e-31
0 17 47 1.49563e-31
0 17 48 6.08076e-32
0 17 49 5.48395e-53
0 18 0 2.77826e-53
0 18 1 3.20634e-32
0 18 2 8.20817e-32
0 18 3 2.01888e-31
0 18 4 4.77095e-31
0 18 5 1.08324e-30
0 18 6 2.36307e-30
0 18 7 4.95284e-30
0 18 8 9.97379e-30
0 18 9 1.92972e-29
0 18 10 3.58721e-29
0 18 11 6.4069e-29
0 18 12 1.09943e-28
0 18 13 1.81265e-28
0 18 14 2.87137e-28
0 18 15 4.37012e-28
0 18 16 6.39036e-28
0 18 17 8.97812e-28
0 18 18 1.21192e-27
0 18 19 1.57177e-27
0 18 20 1.95855e-27
0 18 21 2.34481e-27
0 18 22 2.69718e-27
0 18 23 2.98084e-27
0 18 24 3.16516e-27
0 18 25 3.2291e-27
0 18 26 3.16516e-27
0 18 27 2.98084e-27
0 18 28 2.69718e-27
0 18 29 2.34481e-27
0 18 30 1.95855e-27
0 18 31 1.57177e-27
0 18 32 1.21192e-27
0 18 33 8.97812e-28
0 18 34 6.39036e-28
0 18 35 4.37012e-28
0 18 36 2.87137e-28
0 18 37 1.81265e-28
0 18 38 1.09943e-28
0 18 39 6.4069e-29
0 18 40 3.58721e-29
0 18 41 1.92972e-29
0 18 42 9.97379e-30
0 18 43 4.95284e-30
0 18 44 2.36307e-30
0 18 45 1.08324e-30
0 18 46 4.77095e-31
0 18 47 2.01888e-31
0 18 48 8.20817e-32
0 18 49 7.40255e-53
0 19 0 3.60321e-53
0 19 1 4.1584e-32
0 19 2 1.06454e-31
0 19 3 2.61835e-31
0 19 4 6.18759e-31
0 19 5 1.40489e-30
0 19 6 3.06473e-30
0 19 7 6.42348e-30
0 19 8 1.29353e-29
0 19 9 2.50271e-29
0 19 10 4.65236e-29
0 19 11 8.3093e-29
0 19 12 1.42588e-28
0 19 13 2.35088e-28
0 19 14 3.72397e-28
0 19 15 5.66774e-28
0 19 16 8.28785e-28
0 19 17 1.1644e-27
0 19 18 1.57177e-27
0 19 19 2.03848e-27
0 19 20 2.5401e-27
0 19 21 3.04106e-27
0 19 22 3.49805e-27
0 19 23 3.86594e-27
0 19 24 4.105e-27
0 19 25 4.18792e-27
0 19 26 4.105e-27
0 19 27 3.86594e-27
0 19 28 3.49805e-27
0 19 29 3.04106e-27
0 19 30 2.5401e-27
0 19 31 2.03848e-27
0 19 32 1.57177e-27
0 19 33 1.1644e-27
0 19 34 8.28785e-28
0 19 35 5.66774e-28
0 19 36 3.72397e-28
0 19 37 2.35088e-28
0 19 38 1.42588e-28
0 19 39 8.3093e-29
0 19 40 4.65236e-29
0 19 41 2.50271e-29
0 19 42 1.29353e-29
0 19 43 6.42348e-30
0 19 44 3.06473e-30
0 19 45 1.40489e-30
0 19 46 6.18759e-31
0 19 47 2.61835e-31
0 19 48 1.06454e-31
0 19 49 9.60059e-53
0 20 0 4.48987e-53
0 20 1 5.18169e-32
0 20 2 1.3265e-31
0 20 3 3.26267e-31
0 20 4 7.71021e-31
0 20 5 1.7506e-30
0 20 6 3.81889e-30
0 20 7 8.00415e-30
0 20 8 1.61184e-29
0 20 9 3.11857e-29
0 20 10 5.7972e-29
0 20 11 1.0354e-28
0 20 12 1.77676e-28
0 20 13 2.92938e-28
0 20 14 4.64035e-28
0 20 15 7.06244e-28
0 20 16 1.03273e-27
0 20 17 1.45093e-27
0 20 18 1.95855e-27
0 20 19 2.5401e-27
0 20 20 3.16516e-27
0 20 21 3.78939e-27
0 20 22 4.35884e-27
0 20 23 4.81726e-27
0 20 24 5.11514e-27
0 20 25 5.21847e-27
0 20 26 5.11514e-27
0 20 27 4.81726e-27
0 20 28 4.35884e-27
0 20 29 3.78939e-27
0 20 30 3.16516e-27
0 20 31 2.5401e-27
0 20 32 1.95855e-27
0 20 33 1.45093e-27
0 20 34 1.03273e-27
0 20 35 7.06244e-28
0 20 36 4.64035e-28
0 20 37 2.92938e-28
0 20 38 1.77676e-28
0 20 39 1.0354e-28
0 20 40 5.7972e-29
0 20 41 3.11857e-29
0 20 42 1.61184e-29
0 20 43 8.00415e-30
0 20 44 3.81889e-30
0 20 45 1.7506e-30
0 20 46 7.71021e-31
0 20 47 3.26267e-31
0 20 48 1.3265e-31
0 20 49 1.19631e-52
0 21 0 5.37536e-53
0 21 1 6.2036e-32
0 21 2 1.58811e-31
0 21 3 3.90612e-31
0 21 4 9.2308e-31
0 21 5 2.09585e-30
0 21 6 4.57204e-30
0 21 7 9.58271e-30
0 21 8 1.92972e-29
0 21 9 3.73361e-29
0 21 10 6.94051e-29
0 21 11 1.2396e-28
0 21 12 2.12716e-28
0 21 13 3.5071e-28
0 21 14 5.55551e-28
0 21 15 8.45527e-28
0 21 16 1.2364e-27
0 21 17 1.73708e-27
0 21 18 2.34481e-27
0 21 19 3.04106e-27
0 21 20 3.78939e-27
0 21 21 4.53672e-27
0 21 22 5.21847e-27
0 21 23 5.76731e-27
0 21 24 6.12394e-27
0 21 25 6.24765e-27
0 21 26 6.12394e-27
0 21 27 5.76731e-27
0 21 28 5.21847e-27
0 21 29 4.53672e-27
0 21 30 3.78939e-27
0 21 31 3.04106e-27
0 21 32 2.34481e-27
0 21 33 1.73708e-27
0 21 34 1.2364e-27
0 21 35 8.45527e-28
0 21 36 5.55551e-28
0 21 37 3.5071e-28
0 21 38 2.12716e-28
0 21 39 1.2396e-28
0 21 40 6.94051e-29
0 21 41 3.73361e-29
0 21 42 1.92972e-29
0 21 43 9.58271e-30
0 21 44 4.57204e-30
0 21 45 2.09585e-30
0 21 46 9.2308e-31
0 21 47 3.90612e-31
0 21 48 1.58811e-31
0 21 49 1.43224e-52
0 22 0 6.18313e-53
0 22 1 7.13584e-32
0 22 2 1.82676e-31
0 22 3 4.49311e-31
0 22 4 1.06179e-30
0 22 5 2.4108e-30
0 22 6 5.2591e-30
0 22 7 1.10227e-29
0 22 8 2.21971e-29
0 22 9 4.29467e-29
0 22 10 7.98349e-29
0 22 11 1.42588e-28
0 22 12 2.44682e-28
0 22 13 4.03413e-28
0 22 14 6.39036e-28
0 22 15 9.72588e-28
0 22 16 1.4222e-27
0 22 17 1.99812e-27
0 22 18 2.69718e-27
0 22 19 3.49805e-27
0 22 20 4.35884e-27
0 22 21 5.21847e-27
0 22 22 6.00267e-27
0 22 23 6.63398e-27
0 22 24 7.0442e-27
0 22 25 7.1865e-27
0 22 26 7.0442e-27
0 22 27 6.63398e-27
0 22 28 6.00267e-27
0 22 29 5.21847e-27
0 22 30 4.35884e-27
0 22 31 3.49805e-27
0 22 32 2.69718e-27
0 22 33 1.99812e-27
0 22 34 1.4222e-27
0 22 35 9.72588e-28
0 22 36 6.39036e-28
0 22 37 4.03413e-28
0 22 38 2.44682e-28
0 22 39 1.42588e-28
0 22 40 7.98349e-29
0 22 41 4.29467e-29
0 22 42 2.21971e-29
0 22 43 1.10227e-29
0 22 44 5.2591e-30
0 22 45 2.4108e-30
0 22 46 1.06179e-30
0 22 47 4.49311e-31
0 22 48 1.82676e-31
0 22 49 1.64747e-52
0 23 0 6.83342e-53
0 23 1 7.88633e-32
0 23 2 2.01888e-31
0 23 3 4.96566e-31
0 23 4 1.17346e-30
0 23 5 2.66435e-30
0 23 6 5.81221e-30
0 23 7 1.2182e-29
0 23 8 2.45316e-29
0 23 9 4.74635e-29
0 23 10 8.82312e-29
0 23 11 1.57584e-28
0 23 12 2.70416e-28
0 23 13 4.4584e-28
0 23 14 7.06244e-28
0 23 15 1.07488e-27
0 23 16 1.57177e-27
0 23 17 2.20826e-27
0 23 18 2.98084e-27
0 23 19 3.86594e-27
0 23 20 4.81726e-27
0 23 21 5.76731e-27
0 23 22 6.63398e-27
0 23 23 7.33168e-27
0 23 24 7.78505e-27
0 23 25 7.94232e-27
0 23 26 7.78505e-27
0 23 27 7.33168e-27
0 23 28 6.63398e-27
0 23 29 5.76731e-27
0 23 30 4.81726e-27
0 23 31 3.86594e-27
0 23 32 2.98084e-27
0 23 33 2.20826e-27
0 23 34 1.57177e-27
0 23 35 1.07488e-27
0 23 36 7.06244e-28
0 23 37 4.4584e-28
0 23 38 2.70416e-28
0 23 39 1.57584e-28
0 23 40 8.82312e-29
0 23 41 4.74635e-29
0 23 42 2.45316e-29
0 23 43 1.2182e-29
0 23 44 5.81221e-30
0 23 45 2.66435e-30
0 23 46 1.17346e-30
0 23 47 4.96566e-31
0 23 48 2.01888e-31
0 23 49 1.82073e-52
0 24 0 7.25597e-53
0 24 1 8.37399e-32
0 24 2 2.14373e-31
0 24 3 5.27271e-31
0 24 4 1.24603e-30
0 24 5 2.8291e-30
0 24 6 6.17161e-30
0 24 7 1.29353e-29
0 24 8 2.60485e-29
0 24 9 5.03984e-29
0 24 10 9.36871e-29
0 24 11 1.67329e-28
0 24 12 2.87137e-28
0 24 13 4.73409e-28
0 24 14 7.49915e-28
0 24 15 1.14134e-27
0 24 16 1.66897e-27
0 24 17 2.34481e-27
0 24 18 3.16516e-27
0 24 19 4.105e-27
0 24 20 5.11514e-27
0 24 21 6.12394e-27
0 24 22 7.0442e-27
0 24 23 7.78505e-27
0 24 24 8.26645e-27
0 24 25 8.43344e-27
0 24 26 8.26645e-27
0 24 27 7.78505e-27
0 24 28 7.0442e-27
0 24 29 6.12394e-27
0 24 30 5.11514e-27
0 24 31 4.105e-27
0 24 32 3.16516e-27
0 24 33 2.34481e-27
0 24 34 1.66897e-27
0 24 35 1.14134e-27
0 24 36 7.49915e-28
0 24 37 4.73409e-28
0 24 38 2.87137e-28
0 24 39 1.67329e-28
0 24 40 9.36871e-29
0 24 41 5.03984e-29
0 24 42 2.60485e-29
0 24 43 1.29353e-29
0 24 44 6.17161e-30
0 24 45 2.8291e-30
0 24 46 1.24603e-30
0 24 47 5.27271e-31
0 24 48 2.14373e-31
0 24 49 1.93332e-52
0 25 0 7.40255e-53
0 25 1 8.54316e-32
0 25 2 2.18703e-31
0 25 3 5.37923e-31
0 25 4 1.2712e-30
0 25 5 2.88626e-30
0 25 6 6.29629e-30
0 25 7 1.31966e-29
0 25 8 2.65747e-29
0 25 9 5.14166e-29
0 25 10 9.55797e-29
0 25 11 1.70709e-28
0 25 12 2.92938e-28
0 25 13 4.82973e-28
0 25 14 7.65065e-28
0 25 15 1.1644e-27
0 25 16 1.70268e-27
0 25 17 2.39218e-27
0 25 18 3.2291e-27
0 25 19 4.18792e-27
0 25 20 5.21847e-27
0 25 21 6.24765e-27
0 25 22 7.1865e-27
0 25 23 7.94232e-27
0 25 24 8.43344e-27
0 25 25 8.60381e-27
0 25 26 8.43344e-27
0 25 27 7.94232e-27
0 25 28 7.1865e-27
0 25 29 6.24765e-27
0 25 30 5.21847e-27
0 25 31 4.18792e-27
0 25 32 3.2291e-27
0 25 33 2.39218e-27
0 25 34 1.70268e-27
0 25 35 1.1644e-27
0 25 36 7.65065e-28
0 25 37 4.82973e-28
0 25 38 2.92938e-28
0 25 39 1.70709e-28
0 25 40 9.55797e-29
0 25 41 5.14166e-29
0 25 42 2.65747e-29
0 25 43 1.31966e-29
0 25 44 6.29629e-30
0 25 45 2.88626e-30
0 25 46 1.2712e-30
0 25 47 5.37923e-31
0 25 48 2.18703e-31
0 25 49 1.97238e-52
0 26 0 7.25597e-53
0 26 1 8.37399e-32
0 26 2 2.14373e-31
0 26 3 5.27271e-31
0 26 4 1.24603e-30
0 26 5 2.8291e-30
0 26 6 6.17161e-30
0 26 7 1.29353e-29
0 26 8 2.60485e-29
0 26 9 5.03984e-29
0 26 10 9.36871e-29
0 26 11 1.67329e-28
0 26 12 2.87137e-28
0 26 13 4.73409e-28
0 26 14 7.49915e-28
0 26 15 1.14134e-27
0 26 16 1.66897e-27
0 26 17 2.34481e-27
0 26 18 3.16516e-27
0 26 19 4.105e-27
0 26 20 5.11514e-27
0 26 21 6.12394e-27
0 26 22 7.0442e-27
0 26 23 7.78505e-27
0 26 24 8.26645e-27
0 26 25 8.43344e-27
0 26 26 8.26645e-27
0 26 27 7.78505e-27
0 26 28 7.0442e-27
0 26 29 6.12394e-27
0 26 30 5.11514e-27
0 26 31 4.105e-27
0 26 32 3.16516e-27
0 26 33 2.34481e-27
0 26 34 1.66897e-27
0 26 35 1.14134e-27
0 26 36 7.49915e-28
0 26 37 4.73409e-28
0 26 38 2.87137e-28
0 26 39 1.67329e-28
0 26 40 9.36871e-29
0 26 41 5.03984e-29
0 26 42 2.60485e-29
0 26 43 1.29353e-29
0 26 44 6.17161e-30
0 26 45 2.8291e-30
0 26 46 1.24603e-30
0 26 47 5.27271e-31
0 26 48 2.14373e-31
0 26 49 1.93332e-52
0 27 0 6.83342e-53
0 27 1 7.88633e-32
0 27 2 2.01888e-31
0 27 3 4.96566e-31
0 27 4 1.17346e-30
0 27 5 2.66435e-30
0 27 6 5.81221e-30
0 27 7 1.2182e-29
0 27 8 2.45316e-29
0 27 9 4.74635e-29
0 27 10 8.82312e-29
0 27 11 1.57584e-28
0 27 12 2.70416e-28
0 27 13 4.4584e-28
0 27 14 7.06244e-28
0 27 15 1.07488e-27
0 27 16 1.57177e-27
0 27 17 2.20826e-27
0 27 18 2.98084e-27
0 27 19 3.86594e-27
0 27 20 4.81726e-27
0 27 21 5.76731e-27
0 27 22 6.63398e-27
0 27 23 7.33168e-27
0 27 24 7.78505e-27
0 27 25 7.94232e-27
0 27 26 7.78505e-27
0 27 27 7.33168e-27
0 27 28 6.63398e-27
0 27 29 5.76731e-27
0 27 30 4.81726e-27
0 27 31 3.86594e-27
0 27 32 2.98084e-27
0 27 33 2.20826e-27
0 27 34 1.57177e-27
0 27 35 1.07488e-27
0 27 36 7.06244e-28
0 27 37 4.4584e-28
0 27 38 2.70416e-28
0 27 39 1.57584e-28
0 27 40 8.82312e-29
0 27 41 4.74635e-29
0 27 42 2.45316e-29
0 27 43 1.2182e-29
0 27 44 5.81221e-30
0 27 45 2.66435e-30
0 27 46 1.17346e-30
0 27 47 4.96566e-31
0 27 48 2.01888e-31
0 27 49 1.82073e-52
0 28 0 6.18313e-53
0 28 1 7.13584e-32
0 28 2 1.82676e-31
0 28 3 4.49311e-31
0 28 4 1.06179e-30
0 28 5 2.4108e-30
0 28 6 5.2591e-30
0 28 7 1.10227e-29
0 28 8 2.21971e-29
0 28 9 4.29467e-29
0 28 10 7.98349e-29
0 28 11 1.42588e-28
0 28 12 2.44682e-28
0 28 13 4.03413e-28
0 28 14 6.39036e-28
0 28 15 9.72588e-28
0 28 16 1.4222e-27
0 28 17 1.99812e-27
0 28 18 2.69718e-27
0 28 19 3.49805e-27
0 28 20 4.35884e-27
0 28 21 5.21847e-27
0 28 22 6.00267e-27
0 28 23 6.63398e-27
0 28 24 7.0442e-27
0 28 25 7.1865e-27
0 28 26 7.0442e-27
0 28 27 6.63398e-27
0 28 28 6.00267e-27
0 28 29 5.21847e-27
0 28 30 4.35884e-27
0 28 31 3.49805e-27
0 28 32 2.69718e-27
0 28 33 1.99812e-27
0 28 34 1.4222e-27
0 28 35 9.72588e-28
0 28 36 6.39036e-28
0 28 37 4.03413e-28
0 28 38 2.44682e-28
0 28 39 1.42588e-28
0 28 40 7.98349e-29
0 28 41 4.29467e-29
0 28 42 2.21971e-29
0 28 43 1.10227e-29
0 28 44 5.2591e-30
0 28 45 2.4108e-30
0 28 46 1.06179e-30
0 28 47 4.49311e-31
0 28 48 1.82676e-31
0 28 49 1.64747e-52
0 29 0 5.37536e-53
0 29 1 6.2036e-32
0 29 2 1.58811e-31
0 29 3 3.90612e-31
0 29 4 9.2308e-31
0 29 5 2.09585e-30
0 29 6 4.57204e-30
0 29 7 9.58271e-30
0 29 8 1.92972e-29
0 29 9 3.73361e-29
0 29 10 6.94051e-29
0 29 11 1.2396e-28
0 29 12 2.12716e-28
0 29 13 3.5071e-28
0 29 14 5.55551e-28
0 29 15 8.45527e-28
0 29 16 1.2364e-27
0 29 17 1.73708e-27
0 29 18 2.34481e-27
0 29 19 3.04106e-27
0 29 20 3.78939e-27
0 29 21 4.53672e-27
0 29 22 5.21847e-27
0 29 23 5.76731e-27
0 29 24 6.12394e-27
0 29 25 6.24765e-27
0 29 26 6.12394e-27
0 29 27 5.76731e-27
0 29 28 5.21847e-27
0 29 29 4.53672e-27
0 29 30 3.78939e-27
0 29 31 3.04106e-27
0 29 32 2.34481e-27
0 29 33 1.73708e-27
0 29 34 1.2364e-27
0 29 35 8.45527e-28
0 29 36 5.55551e-28
0 29 37 3.5071e-28
0 29 38 2.12716e-28
0 29 39 1.2396e-28
0 29 40 6.94051e-29
0 29 41 3.73361e-29
0 29 42 1.92972e-29
0 29 43 9.58271e-30
0 29 44 4.57204e-30
0 29 45 2.09585e-30
0 29 46 9.2308e-31
0 29 47 3.90612e-31
0 29 48 1.58811e-31
0 29 49 1.43224e-52
0 30 0 4.48987e-53
0 30 1 5.18169e-32
0 30 2 1.3265e-31
0 30 3 3.26267e-31
0 30 4 7.71021e-31
0 30 5 1.7506e-30
0 30 6 3.81889e-30
0 30 7 8.00415e-30
0 30 8 1.61184e-29
0 30 9 3.11857e-29
0 30 10 5.7972e-29
0 30 11 1.0354e-28
0 30 12 1.77676e-28
0 30 13 2.92938e-28
0 30 14 4.64035e-28
0 30 15 7.06244e-28
0 30 16 1.03273e-27
0 30 17 1.45093e-27
0 30 18 1.95855e-27
0 30 19 2.5401e-27
0 30 20 3.16516e-27
0 30 21 3.78939e-27
0 30 22 4.35884e-27
0 30 23 4.81726e-27
0 30 24 5.11514e-27
0 30 25 5.21847e-27
0 30 26 5.11514e-27
0 30 27 4.81726e-27
0 30 28 4.35884e-27
0 30 29 3.78939e-27
0 30 30 3.16516e-27
0 30 31 2.5401e-27
0 30 32 1.95855e-27
0 30 33 1.45093e-27
0 30 34 1.03273e-27
0 30 35 7.06244e-28
0 30 36 4.64035e-28
0 30 37 2.92938e-28
0 30 38 1.77676e-28
0 30 39 1.0354e-28
0 30 40 5.7972e-29
0 30 41 3.11857e-29
0 30 42 1.61184e-29
0 30 43 8.00415e-30
0 30 44 3.81889e-30
0 30 45 1.7506e-30
0 30 46 7.71021e-31
0 30 47 3.26267e-31
0 30 48 1.3265e-31
0 30 49 1.19631e-52
0 31 0 3.60321e-53
0 31 1 4.1584e-32
0 31 2 1.06454e-31
0 31 3 2.61835e-31
0 31 4 6.18759e-31
0 31 5 1.40489e-30
0 31 6 3.06473e-30
0 31 7 6.42348e-30
0 31 8 1.29353e-29
0 31 9 2.50271e-29
0 31 10 4.65236e-29
0 31 11 8.3093e-29
0 31 12 1.42588e-28
0 31 13 2.35088e-28
0 31 14 3.72397e-28
0 31 15 5.66774e-28
0 31 16 8.28785e-28
0 31 17 1.1644e-27
0 31 18 1.57177e-27
0 31 19 2.03848e-27
0 31 20 2.5401e-27
0 31 21 3.04106e-27
0 31 22 3.49805e-27
0 31 23 3.86594e-27
0 31 24 4.105e-27
0 31 25 4.18792e-27
0 31 26 4.105e-27
0 31 27 3.86594e-27
0 31 28 3.49805e-27
0 31 29 3.04106e-27
0 31 30 2.5401e-27
0 31 31 2.03848e-27
0 31 32 1.57177e-27
0 31 33 1.1644e-27
0 31 34 8.28785e-28
0 31 35 5.66774e-28
0 31 36 3.72397e-28
0 31 37 2.35088e-28
0 31 38 1.42588e-28
0 31 39 8.3093e-29
0 31 40 4.65236e-29
0 31 41 2.50271e-29
0 31 42 1.29353e-29
0 31 43 6.42348e-30
0 31 44 3.06473e-30
0 31 45 1.40489e-30
0 31 46 6.18759e-31
0 31 47 2.61835e-31
0 31 48 1.06454e-31
0 31 49 9.60059e-53
0 32 0 2.77826e-53
0 32 1 3.20634e-32
0 32 2 8.20817e-32
0 32 3 2.01888e-31
0 32 4 4.77095e-31
0 32 5 1.08324e-30
0 32 6 2.36307e-30
0 32 7 4.95284e-30
0 32 8 9.97379e-30
0 32 9 1.92972e-29
0 32 10 3.58721e-29
0 32 11 6.4069e-29
0 32 12 1.09943e-28
0 32 13 1.81265e-28
0 32 14 2.87137e-28
0 32 15 4.37012e-28
0 32 16 6.39036e-28
0 32 17 8.97812e-28
0 32 18 1.21192e-27
0 32 19 1.57177e-27
0 32 20 1.95855e-27
0 32 21 2.34481e-27
0 32 22 2.69718e-27
0 32 23 2.98084e-27
0 32 24 3.16516e-27
0 32 25 3.2291e-27
0 32 26 3.16516e-27
0 32 27 2.98084e-27
0 32 28 2.69718e-27
0 32 29 2.34481e-27
0 32 30 1.95855e-27
0 32 31 1.57177e-27
0 32 32 1.21192e-27
0 32 33 8.97812e-28
0 32 34 6.39036e-28
0 32 35 4.37012e-28
0 32 36 2.87137e-28
0 32 37 1.81265e-28
0 32 38 1.09943e-28
0 32 39 6.4069e-29
0 32 40 3.58721e-29
0 32 41 1.92972e-29
0 32 42 9.97379e-30
0 32 43 4.95284e-30
0 32 44 2.36307e-30
0 32 45 1.08324e-30
0 32 46 4.77095e-31
0 32 47 2.01888e-31
0 32 48 8.20817e-32
0 32 49 7.40255e-53
0 33 0 2.05819e-53
0 33 1 2.37532e-32
0 33 2 6.08076e-32
0 33 3 1.49563e-31
0 33 4 3.53441e-31
0 33 5 8.02487e-31
0 33 6 1.7506e-30
0 33 7 3.66915e-30
0 33 8 7.38876e-30
0 33 9 1.42957e-29
0 33 10 2.65747e-29
0 33 11 4.74635e-29
0 33 12 8.14476e-29
0 33 13 1.34284e-28
0 33 14 2.12716e-28
0 33 15 3.23746e-28
0 33 16 4.73409e-28
0 33 17 6.65115e-28
0 33 18 8.97812e-28
0 33 19 1.1644e-27
0 33 20 1.45093e-27
0 33 21 1.73708e-27
0 33 22 1.99812e-27
0 33 23 2.20826e-27
0 33 24 2.34481e-27
0 33 25 2.39218e-27
0 33 26 2.34481e-27
0 33 27 2.20826e-27
0 33 28 1.99812e-27
0 33 29 1.73708e-27
0 33 30 1.45093e-27
0 33 31 1.1644e-27
0 33 32 8.97812e-28
0 33 33 6.65115e-28
0 33 34 4.73409e-28
0 33 35 3.23746e-28
0 33 36 2.12716e-28
0 33 37 1.34284e-28
0 33 38 8.14476e-29
0 33 39 4.74635e-29
0 33 40 2.65747e-29
0 33 41 1.42957e-29
0 33 42 7.38876e-30
0 33 43 3.66915e-30
0 33 44 1.7506e-30
0 33 45 8.02487e-31
0 33 46 3.53441e-31
0 33 47 1.49563e-31
0 33 48 6.08076e-32
0 33 49 5.48395e-53
0 34 0 1.46496e-53
0 34 1 1.69068e-32
0 34 2 4.32811e-32
0 34 3 1.06454e-31
0 34 4 2.51569e-31
0 34 5 5.71186e-31
0 34 6 1.24603e-30
0 34 7 2.61159e-30
0 34 8 5.2591e-30
0 34 9 1.01753e-29
0 34 10 1.89151e-29
0 34 11 3.37831e-29
0 34 12 5.7972e-29
0 34 13 9.55797e-29
0 34 14 1.51405e-28
0 34 15 2.30433e-28
0 34 16 3.36959e-28
0 34 17 4.73409e-28
0 34 18 6.39036e-28
0 34 19 8.28785e-28
0 34 20 1.03273e-27
0 34 21 1.2364e-27
0 34 22 1.4222e-27
0 34 23 1.57177e-27
0 34 24 1.66897e-27
0 34 25 1.70268e-27
0 34 26 1.66897e-27
0 34 27 1.57177e-27
0 34 28 1.4222e-27
0 34 29 1.2364e-27
0 34 30 1.03273e-27
0 34 31 8.28785e-28
0 34 32 6.39036e-28
0 34 33 4.73409e-28
0 34 34 3.36959e-28
0 34 35 2.30433e-28
0 34 36 1.51405e-28
0 34 37 9.55797e-29
0 34 38 5.7972e-29
0 34 39 3.37831e-29
0 34 40 1.89151e-29
0 34 41 1.01753e-29
0 34 42 5.2591e-30
0 34 43 2.61159e-30
0 34 44 1.24603e-30
0 34 45 5.71186e-31
0 34 46 2.51569e-31
0 34 47 1.06454e-31
0 34 48 4.32811e-32
0 34 49 3.90331e-53
0 35 0 1.00183e-53
0 35 1 1.15619e-32
0 35 2 2.95983e-32
0 35 3 7.28e-32
0 35 4 1.72038e-31
0 35 5 3.90612e-31
0 35 6 8.5211e-31
0 35 7 1.78597e-30
0 35 8 3.5965e-30
0 35 9 6.95847e-30
0 35 10 1.29353e-29
0 35 11 2.31029e-29
0 35 12 3.96448e-29
0 35 13 6.53633e-29
0 35 14 1.0354e-28
0 35 15 1.57584e-28
0 35 16 2.30433e-28
0 35 17 3.23746e-28
0 35 18 4.37012e-28
0 35 19 5.66774e-28
0 35 20 7.06244e-28
0 35 21 8.45527e-28
0 35 22 9.72588e-28
0 35 23 1.07488e-27
0 35 24 1.14134e-27
0 35 25 1.1644e-27
0 35 26 1.14134e-27
0 35 27 1.07488e-27
0 35 28 9.72588e-28
0 35 29 8.45527e-28
0 35 30 7.06244e-28
0 35 31 5.66774e-28
0 35 32 4.37012e-28
0 35 33 3.23746e-28
0 35 34 2.30433e-28
0 35 35 1.57584e-28
0 35 36 1.0354e-28
0 35 37 6.53633e-29
0 35 38 3.96448e-29
0 35 39 2.31029e-29
0 35 40 1.29353e-29
0 35 41 6.95847e-30
0 35 42 3.5965e-30
0 35 43 1.78597e-30
0 35 44 8.5211e-31
0 35 45 3.90612e-31
0 35 46 1.72038e-31
0 35 47 7.28e-32
0 35 48 2.95983e-32
0 35 49 2.66932e-53
0 36 0 6.58247e-54
0 36 1 7.59671e-33
0 36 2 1.94474e-32
0 36 3 4.7833e-32
0 36 4 1.13037e-31
0 36 5 2.56651e-31
0 36 6 5.59876e-31
0 36 7 1.17346e-30
0 36 8 2.36307e-30
0 36 9 4.57204e-30
0 36 10 8.4991e-30
0 36 11 1.51797e-29
0 36 12 2.60485e-29
0 36 13 4.29467e-29
0 36 14 6.80308e-29
0 36 15 1.0354e-28
0 36 16 1.51405e-28
0 36 17 2.12716e-28
0 36 18 2.87137e-28
0 36 19 3.72397e-28
0 36 20 4.64035e-28
0 36 21 5.55551e-28
0 36 22 6.39036e-28
0 36 23 7.06244e-28
0 36 24 7.49915e-28
0 36 25 7.65065e-28
0 36 26 7.49915e-28
0 36 27 7.06244e-28
0 36 28 6.39036e-28
0 36 29 5.55551e-28
0 36 30 4.64035e-28
0 36 31 3.72397e-28
0 36 32 2.87137e-28
0 36 33 2.12716e-28
0 36 34 1.51405e-28
0 36 35 1.0354e-28
0 36 36 6.80308e-29
0 36 37 4.29467e-29
0 36 38 2.60485e-29
0 36 39 1.51797e-29
0 36 40 8.4991e-30
0 36 41 4.57204e-30
0 36 42 2.36307e-30
0 36 43 1.17346e-30
0 36 44 5.59876e-31
0 36 45 2.56651e-31
0 36 46 1.13037e-31
0 36 47 4.7833e-32
0 36 48 1.94474e-32
0 36 49 1.75387e-53
0 37 0 4.15541e-54
0 37 1 4.79568e-33
0 37 2 1.22769e-32
0 37 3 3.01962e-32
0 37 4 7.13584e-32
0 37 5 1.62019e-31
0 37 6 3.53441e-31
0 37 7 7.40789e-31
0 37 8 1.49177e-30
0 37 9 2.88626e-30
0 37 10 5.36534e-30
0 37 11 9.58271e-30
0 37 12 1.6444e-29
0 37 13 2.71116e-29
0 37 14 4.29467e-29
0 37 15 6.53633e-29
0 37 16 9.55797e-29
0 37 17 1.34284e-28
0 37 18 1.81265e-28
0 37 19 2.35088e-28
0 37 20 2.92938e-28
0 37 21 3.5071e-28
0 37 22 4.03413e-28
0 37 23 4.4584e-28
0 37 24 4.73409e-28
0 37 25 4.82973e-28
0 37 26 4.73409e-28
0 37 27 4.4584e-28
0 37 28 4.03413e-28
0 37 29 3.5071e-28
0 37 30 2.92938e-28
0 37 31 2.35088e-28
0 37 32 1.81265e-28
0 37 33 1.34284e-28
0 37 34 9.55797e-29
0 37 35 6.53633e-29
0 37 36 4.29467e-29
0 37 37 2.71116e-29
0 37 38 1.6444e-29
0 37 39 9.58271e-30
0 37 40 5.36534e-30
0 37 41 2.88626e-30
0 37 42 1.49177e-30
0 37 43 7.40789e-31
0 37 44 3.53441e-31
0 37 45 1.62019e-31
0 37 46 7.13584e-32
0 37 47 3.01962e-32
0 37 48 1.22769e-32
0 37 49 1.10719e-53
0 38 0 2.52038e-54
0 38 1 2.90873e-33
0 38 2 7.44629e-33
0 38 3 1.83149e-32
0 38 4 4.32811e-32
0 38 5 9.82697e-32
0 38 6 2.14373e-31
0 38 7 4.49311e-31
0 38 8 9.04801e-31
0 38 9 1.7506e-30
0 38 10 3.25424e-30
0 38 11 5.81221e-30
0 38 12 9.97379e-30
0 38 13 1.6444e-29
0 38 14 2.60485e-29
0 38 15 3.96448e-29
0 38 16 5.7972e-29
0 38 17 8.14476e-29
0 38 18 1.09943e-28
0 38 19 1.42588e-28
0 38 20 1.77676e-28
0 38 21 2.12716e-28
0 38 22 2.44682e-28
0 38 23 2.70416e-28
0 38 24 2.87137e-28
0 38 25 2.92938e-28
0 38 26 2.87137e-28
0 38 27 2.70416e-28
0 38 28 2.44682e-28
0 38 29 2.12716e-28
0 38 30 1.77676e-28
0 38 31 1.42588e-28
0 38 32 1.09943e-28
0 38 33 8.14476e-29
0 38 34 5.7972e-29
0 38 35 3.96448e-29
0 38 36 2.60485e-29
0 38 37 1.6444e-29
0 38 38 9.97379e-30
0 38 39 5.81221e-30
0 38 40 3.25424e-30
0 38 41 1.7506e-30
0 38 42 9.04801e-31
0 38 43 4.49311e-31
0 38 44 2.14373e-31
0 38 45 9.82697e-32
0 38 46 4.32811e-32
0 38 47 1.83149e-32
0 38 48 7.44629e-33
0 38 49 6.71544e-54
0 39 0 1.46875e-54
0 39 1 1.69506e-33
0 39 2 4.33931e-33
0 39 3 1.0673e-32
0 39 4 2.5222e-32
0 39 5 5.72665e-32
0 39 6 1.24925e-31
0 39 7 2.61835e-31
0 39 8 5.27271e-31
0 39 9 1.02016e-30
0 39 10 1.89641e-30
0 39 11 3.38705e-30
0 39 12 5.81221e-30
0 39 13 9.58271e-30
0 39 14 1.51797e-29
0 39 15 2.31029e-29
0 39 16 3.37831e-29
0 39 17 4.74635e-29
0 39 18 6.4069e-29
0 39 19 8.3093e-29
0 39 20 1.0354e-28
0 39 21 1.2396e-28
0 39 22 1.42588e-28
0 39 23 1.57584e-28
0 39 24 1.67329e-28
0 39 25 1.70709e-28
0 39 26 1.67329e-28
0 39 27 1.57584e-28
0 39 28 1.42588e-28
0 39 29 1.2396e-28
0 39 30 1.0354e-28
0 39 31 8.3093e-29
0 39 32 6.4069e-29
0 39 33 4.74635e-29
0 39 34 3.37831e-29
0 39 35 2.31029e-29
0 39 36 1.51797e-29
0 39 37 9.58271e-30
0 39 38 5.81221e-30
0 39 39 3.38705e-30
0 39 40 1.89641e-30
0 39 41 1.02016e-30
0 39 42 5.27271e-31
0 39 43 2.61835e-31
0 39 44 1.24925e-31
0 39 45 5.72665e-32
0 39 46 2.5222e-32
0 39 47 1.0673e-32
0 39 48 4.33931e-33
0 39 49 3.91341e-54
0 40 0 8.22349e-55
0 40 1 9.49059e-34
0 40 2 2.42957e-33
0 40 3 5.97579e-33
0 40 4 1.41217e-32
0 40 5 3.20634e-32
0 40 6 6.99454e-32
0 40 7 1.46601e-31
0 40 8 2.95218e-31
0 40 9 5.71186e-31
0 40 10 1.06179e-30
0 40 11 1.89641e-30
0 40 12 3.25424e-30
0 40 13 5.36534e-30
0 40 14 8.4991e-30
0 40 15 1.29353e-29
0 40 16 1.89151e-29
0 40 17 2.65747e-29
0 40 18 3.58721e-29
0 40 19 4.65236e-29
0 40 20 5.7972e-29
0 40 21 6.94051e-29
0 40 22 7.98349e-29
0 40 23 8.82312e-29
0 40 24 9.36871e-29
0 40 25 9.55797e-29
0 40 26 9.36871e-29
0 40 27 8.82312e-29
0 40 28 7.98349e-29
0 40 29 6.94051e-29
0 40 30 5.7972e-29
0 40 31 4.65236e-29
0 40 32 3.58721e-29
0 40 33 2.65747e-29
0 40 34 1.89151e-29
0 40 35 1.29353e-29
0 40 36 8.4991e-30
0 40 37 5.36534e-30
0 40 38 3.25424e-30
0 40 39 1.89641e-30
0 40 40 1.06179e-30
0 40 41 5.71186e-31
0 40 42 2.95218e-31
0 40 43 1.46601e-31
0 40 44 6.99454e-32
0 40 45 3.20634e-32
0 40 46 1.41217e-32
0 40 47 5.97579e-33
0 40 48 2.42957e-33
0 40 49 2.19111e-54
0 41 0 4.42378e-55
0 41 1 5.10541e-34
0 41 2 1.30698e-33
0 41 3 3.21464e-33
0 41 4 7.59671e-33
0 41 5 1.72483e-32
0 41 6 3.76268e-32
0 41 7 7.88633e-32
0 41 8 1.58811e-31
0 41 9 3.07267e-31
