0 0 0 2.48281e-58
0 0 1 3.92244e-44
0 0 2 1.00414e-43
0 0 3 2.46978e-43
0 0 4 5.83648e-43
0 0 5 1.32517e-42
0 0 6 2.89083e-42
0 0 7 6.05899e-42
0 0 8 1.22013e-41
0 0 9 2.3607e-41
0 0 10 4.38837e-41
0 0 11 7.8378e-41
0 0 12 1.34497e-40
0 0 13 2.21748e-40
0 0 14 3.51266e-40
0 0 15 5.34613e-40
0 0 16 7.81757e-40
0 0 17 1.09833e-39
0 0 18 1.48259e-39
0 0 19 1.92281e-39
0 0 20 2.39597e-39
0 0 21 2.8685e-39
0 0 22 3.29956e-39
0 0 23 3.64657e-39
0 0 24 3.87207e-39
0 0 25 3.95029e-39
0 0 26 3.87207e-39
0 0 27 3.64657e-39
0 0 28 3.29956e-39
0 0 29 2.8685e-39
0 0 30 2.39597e-39
0 0 31 1.92281e-39
0 0 32 1.48259e-39
0 0 33 1.09833e-39
0 0 34 7.81757e-40
0 0 35 5.34613e-40
0 0 36 3.51266e-40
0 0 37 2.21748e-40
0 0 38 1.34497e-40
0 0 39 7.8378e-41
0 0 40 4.38837e-41
0 0 41 2.3607e-41
0 0 42 1.22013e-41
0 0 43 6.05899e-42
0 0 44 2.89083e-42
0 0 45 1.32517e-42
0 0 46 5.83648e-43
0 0 47 2.46978e-43
0 0 48 1.00414e-43
0 0 49 6.61533e-58
0 1 0 3.92244e-44
0 1 1 6.19683e-30
0 1 2 1.58638e-29
0 1 3 3.90186e-29
0 1 4 9.22071e-29
0 1 5 2.09356e-28
0 1 6 4.56705e-28
0 1 7 9.57224e-28
0 1 8 1.92761e-27
0 1 9 3.72953e-27
0 1 10 6.93293e-27
0 1 11 1.23825e-26
0 1 12 2.12484e-26
0 1 13 3.50327e-26
0 1 14 5.54944e-26
0 1 15 8.44604e-26
0 1 16 1.23505e-25
0 1 17 1.73518e-25
0 1 18 2.34225e-25
0 1 19 3.03773e-25
0 1 20 3.78525e-25
0 1 21 4.53177e-25
0 1 22 5.21277e-25
0 1 23 5.76101e-25
0 1 24 6.11725e-25
0 1 25 6.24082e-25
0 1 26 6.11725e-25
0 1 27 5.76101e-25
0 1 28 5.21277e-25
0 1 29 4.53177e-25
0 1 30 3.78525e-25
0 1 31 3.03773e-25
0 1 32 2.34225e-25
0 1 33 1.73518e-25
0 1 34 1.23505e-25
0 1 35 8.44604e-26
0 1 36 5.54944e-26
0 1 37 3.50327e-26
0 1 38 2.12484e-26
0 1 39 1.23825e-26
0 1 40 6.93293e-27
0 1 41 3.72953e-27
0 1 42 1.92761e-27
0 1 43 9.57224e-28
0 1 44 4.56705e-28
0 1 45 2.09356e-28
0 1 46 9.22071e-29
0 1 47 3.90186e-29
0 1 48 1.58638e-29
0 1 49 1.04512e-43
0 2 0 1.00414e-43
0 2 1 1.58638e-29
0 2 2 4.06109e-29
0 2 3 9.98868e-29
0 2 4 2.36049e-28
0 2 5 5.35948e-28
0 2 6 1.16916e-27
0 2 7 2.45048e-27
0 2 8 4.93465e-27
0 2 9 9.54753e-27
0 2 10 1.77482e-26
0 2 11 3.16989e-26
0 2 12 5.43955e-26
0 2 13 8.96831e-26
0 2 14 1.42065e-25
0 2 15 2.16217e-25
0 2 16 3.16171e-25
0 2 17 4.44203e-25
0 2 18 5.99612e-25
0 2 19 7.77654e-25
0 2 20 9.69017e-25
0 2 21 1.16012e-24
0 2 22 1.33446e-24
0 2 23 1.47481e-24
0 2 24 1.566e-24
0 2 25 1.59764e-24
0 2 26 1.566e-24
0 2 27 1.47481e-24
0 2 28 1.33446e-24
0 2 29 1.16012e-24
0 2 30 9.69017e-25
0 2 31 7.77654e-25
0 2 32 5.99612e-25
0 2 33 4.44203e-25
0 2 34 3.16171e-25
0 2 35 2.16217e-25
0 2 36 1.42065e-25
0 2 37 8.96831e-26
0 2 38 5.43955e-26
0 2 39 3.16989e-26
0 2 40 1.77482e-26
0 2 41 9.54753e-27
0 2 42 4.93465e-27
0 2 43 2.45048e-27
0 2 44 1.16916e-27
0 2 45 5.35948e-28
0 2 46 2.36049e-28
0 2 47 9.98868e-29
0 2 48 4.06109e-29
0 2 49 2.67548e-43
0 3 0 2.46978e-43
0 3 1 3.90186e-29
0 3 2 9.98868e-29
0 3 3 2.45682e-28
0 3 4 5.80586e-28
0 3 5 1.31822e-27
0 3 6 2.87566e-27
0 3 7 6.0272e-27
0 3 8 1.21373e-26
0 3 9 2.34831e-26
0 3 10 4.36534e-26
0 3 11 7.79667e-26
0 3 12 1.33791e-25
0 3 13 2.20585e-25
0 3 14 3.49423e-25
0 3 15 5.31808e-25
0 3 16 7.77654e-25
0 3 17 1.09256e-24
0 3 18 1.47481e-24
0 3 19 1.91272e-24
0 3 20 2.3834e-24
0 3 21 2.85344e-24
0 3 22 3.28224e-24
0 3 23 3.62744e-24
0 3 24 3.85175e-24
0 3 25 3.92956e-24
0 3 26 3.85175e-24
0 3 27 3.62744e-24
0 3 28 3.28224e-24
0 3 29 2.85344e-24
0 3 30 2.3834e-24
0 3 31 1.91272e-24
0 3 32 1.47481e-24
0 3 33 1.09256e-24
0 3 34 7.77654e-25
0 3 35 5.31808e-25
0 3 36 3.49423e-25
0 3 37 2.20585e-25
0 3 38 1.33791e-25
0 3 39 7.79667e-26
0 3 40 4.36534e-26
0 3 41 2.34831e-26
0 3 42 1.21373e-26
0 3 43 6.0272e-27
0 3 44 2.87566e-27
0 3 45 1.31822e-27
0 3 46 5.80586e-28
0 3 47 2.45682e-28
0 3 48 9.98868e-29
0 3 49 6.58062e-43
0 4 0 5.83648e-43
0 4 1 9.22071e-29
0 4 2 2.36049e-28
0 4 3 5.80586e-28
0 4 4 1.37202e-27
0 4 5 3.11517e-27
0 4 6 6.79565e-27
0 4 7 1.42432e-26
0 4 8 2.86824e-26
0 4 9 5.54944e-26
0 4 10 1.0316e-25
0 4 11 1.84248e-25
0 4 12 3.16171e-25
0 4 13 5.21277e-25
0 4 14 8.25742e-25
0 4 15 1.25675e-24
0 4 16 1.83772e-24
0 4 17 2.5819e-24
0 4 18 3.48521e-24
0 4 19 4.52007e-24
0 4 20 5.63235e-24
0 4 21 6.74315e-24
0 4 22 7.75647e-24
0 4 23 8.57222e-24
0 4 24 9.1023e-24
0 4 25 9.28618e-24
0 4 26 9.1023e-24
0 4 27 8.57222e-24
0 4 28 7.75647e-24
0 4 29 6.74315e-24
0 4 30 5.63235e-24
0 4 31 4.52007e-24
0 4 32 3.48521e-24
0 4 33 2.5819e-24
0 4 34 1.83772e-24
0 4 35 1.25675e-24
0 4 36 8.25742e-25
0 4 37 5.21277e-25
0 4 38 3.16171e-25
0 4 39 1.84248e-25
0 4 40 1.0316e-25
0 4 41 5.54944e-26
0 4 42 2.86824e-26
0 4 43 1.42432e-26
0 4 44 6.79565e-27
0 4 45 3.11517e-27
0 4 46 1.37202e-27
0 4 47 5.80586e-28
0 4 48 2.36049e-28
0 4 49 1.55511e-42
0 5 0 1.32517e-42
0 5 1 2.09356e-28
0 5 2 5.35948e-28
0 5 3 1.31822e-27
0 5 4 3.11517e-27
0 5 5 7.07298e-27
0 5 6 1.54295e-26
0 5 7 3.23393e-26
0 5 8 6.51233e-26
0 5 9 1.26e-25
0 5 10 2.34225e-25
0 5 11 4.18335e-25
0 5 12 7.17866e-25
0 5 13 1.18356e-24
0 5 14 1.87485e-24
0 5 15 2.85344e-24
0 5 16 4.17255e-24
0 5 17 5.86221e-24
0 5 18 7.91316e-24
0 5 19 1.02628e-23
0 5 20 1.27883e-23
0 5 21 1.53103e-23
0 5 22 1.76111e-23
0 5 23 1.94632e-23
0 5 24 2.06668e-23
0 5 25 2.10843e-23
0 5 26 2.06668e-23
0 5 27 1.94632e-23
0 5 28 1.76111e-23
0 5 29 1.53103e-23
0 5 30 1.27883e-23
0 5 31 1.02628e-23
0 5 32 7.91316e-24
0 5 33 5.86221e-24
0 5 34 4.17255e-24
0 5 35 2.85344e-24
0 5 36 1.87485e-24
0 5 37 1.18356e-24
0 5 38 7.17866e-25
0 5 39 4.18335e-25
0 5 40 2.34225e-25
0 5 41 1.26e-25
0 5 42 6.51233e-26
0 5 43 3.23393e-26
0 5 44 1.54295e-26
0 5 45 7.07298e-27
0 5 46 3.11517e-27
0 5 47 1.31822e-27
0 5 48 5.35948e-28
0 5 49 3.53087e-42
0 6 0 2.89083e-42
0 6 1 4.56705e-28
0 6 2 1.16916e-27
0 6 3 2.87566e-27
0 6 4 6.79565e-27
0 6 5 1.54295e-26
0 6 6 3.36591e-26
0 6 7 7.05472e-26
0 6 8 1.42065e-25
0 6 9 2.74866e-25
0 6 10 5.10955e-25
0 6 11 9.12586e-25
0 6 12 1.566e-24
0 6 13 2.5819e-24
0 6 14 4.08993e-24
0 6 15 6.22471e-24
0 6 16 9.1023e-24
0 6 17 1.27883e-23
0 6 18 1.72623e-23
0 6 19 2.2388e-23
0 6 20 2.78972e-23
0 6 21 3.3399e-23
0 6 22 3.8418e-23
0 6 23 4.24585e-23
0 6 24 4.5084e-23
0 6 25 4.59947e-23
0 6 26 4.5084e-23
0 6 27 4.24585e-23
0 6 28 3.8418e-23
0 6 29 3.3399e-23
0 6 30 2.78972e-23
0 6 31 2.2388e-23
0 6 32 1.72623e-23
0 6 33 1.27883e-23
0 6 34 9.1023e-24
0 6 35 6.22471e-24
0 6 36 4.08993e-24
0 6 37 2.5819e-24
0 6 38 1.566e-24
0 6 39 9.12586e-25
0 6 40 5.10955e-25
0 6 41 2.74866e-25
0 6 42 1.42065e-25
0 6 43 7.05472e-26
0 6 44 3.36591e-26
0 6 45 1.54295e-26
0 6 46 6.79565e-27
0 6 47 2.87566e-27
0 6 48 1.16916e-27
0 6 49 7.70249e-42
0 7 0 6.05899e-42
0 7 1 9.57224e-28
0 7 2 2.45048e-27
0 7 3 6.0272e-27
0 7 4 1.42432e-26
0 7 5 3.23393e-26
0 7 6 7.05472e-26
0 7 7 1.47862e-25
0 7 8 2.97758e-25
0 7 9 5.76101e-25
0 7 10 1.07093e-24
0 7 11 1.91272e-24
0 7 12 3.28224e-24
0 7 13 5.4115e-24
0 7 14 8.57222e-24
0 7 15 1.30466e-23
0 7 16 1.90778e-23
0 7 17 2.68034e-23
0 7 18 3.61807e-23
0 7 19 4.69239e-23
0 7 20 5.84708e-23
0 7 21 7.00022e-23
0 7 22 8.05217e-23
0 7 23 8.89903e-23
0 7 24 9.44931e-23
0 7 25 9.6402e-23
0 7 26 9.44931e-23
0 7 27 8.89903e-23
0 7 28 8.05217e-23
0 7 29 7.00022e-23
0 7 30 5.84708e-23
0 7 31 4.69239e-23
0 7 32 3.61807e-23
0 7 33 2.68034e-23
0 7 34 1.90778e-23
0 7 35 1.30466e-23
0 7 36 8.57222e-24
0 7 37 5.4115e-24
0 7 38 3.28224e-24
0 7 39 1.91272e-24
0 7 40 1.07093e-24
0 7 41 5.76101e-25
0 7 42 2.97758e-25
0 7 43 1.47862e-25
0 7 44 7.05472e-26
0 7 45 3.23393e-26
0 7 46 1.42432e-26
0 7 47 6.0272e-27
0 7 48 2.45048e-27
0 7 49 1.61439e-41
0 8 0 1.22013e-41
0 8 1 1.92761e-27
0 8 2 4.93465e-27
0 8 3 1.21373e-26
0 8 4 2.86824e-26
0 8 5 6.51233e-26
0 8 6 1.42065e-25
0 8 7 2.97758e-25
0 8 8 5.99612e-25
0 8 9 1.16012e-24
0 8 10 2.15659e-24
0 8 11 3.85175e-24
0 8 12 6.60963e-24
0 8 13 1.08974e-23
0 8 14 1.72623e-23
0 8 15 2.62726e-23
0 8 16 3.8418e-23
0 8 17 5.39753e-23
0 8 18 7.28591e-23
0 8 19 9.44931e-23
0 8 20 1.17746e-22
0 8 21 1.40967e-22
0 8 22 1.62151e-22
0 8 23 1.79204e-22
0 8 24 1.90286e-22
0 8 25 1.9413e-22
0 8 26 1.90286e-22
0 8 27 1.79204e-22
0 8 28 1.62151e-22
0 8 29 1.40967e-22
0 8 30 1.17746e-22
0 8 31 9.44931e-23
0 8 32 7.28591e-23
0 8 33 5.39753e-23
0 8 34 3.8418e-23
0 8 35 2.62726e-23
0 8 36 1.72623e-23
0 8 37 1.08974e-23
0 8 38 6.60963e-24
0 8 39 3.85175e-24
0 8 40 2.15659e-24
0 8 41 1.16012e-24
0 8 42 5.99612e-25
0 8 43 2.97758e-25
0 8 44 1.42065e-25
0 8 45 6.51233e-26
0 8 46 2.86824e-26
0 8 47 1.21373e-26
0 8 48 4.93465e-27
0 8 49 3.25099e-41
0 9 0 2.3607e-41
0 9 1 3.72953e-27
0 9 2 9.54753e-27
0 9 3 2.34831e-26
0 9 4 5.54944e-26
0 9 5 1.26e-25
0 9 6 2.74866e-25
0 9 7 5.76101e-25
0 9 8 1.16012e-24
0 9 9 2.2446e-24
0 9 10 4.17255e-24
0 9 11 7.45233e-24
0 9 12 1.27883e-23
0 9 13 2.10843e-23
0 9 14 3.3399e-23
0 9 15 5.0832e-23
0 9 16 7.43309e-23
0 9 17 1.04431e-22
0 9 18 1.40967e-22
0 9 19 1.82825e-22
0 9 20 2.27813e-22
0 9 21 2.72742e-22
0 9 22 3.13728e-22
0 9 23 3.46723e-22
0 9 24 3.68163e-22
0 9 25 3.75601e-22
0 9 26 3.68163e-22
0 9 27 3.46723e-22
0 9 28 3.13728e-22
0 9 29 2.72742e-22
0 9 30 2.27813e-22
0 9 31 1.82825e-22
0 9 32 1.40967e-22
0 9 33 1.04431e-22
0 9 34 7.43309e-23
0 9 35 5.0832e-23
0 9 36 3.3399e-23
0 9 37 2.10843e-23
0 9 38 1.27883e-23
0 9 39 7.45233e-24
0 9 40 4.17255e-24
0 9 41 2.2446e-24
0 9 42 1.16012e-24
0 9 43 5.76101e-25
0 9 44 2.74866e-25
0 9 45 1.26e-25
0 9 46 5.54944e-26
0 9 47 2.34831e-26
0 9 48 9.54753e-27
0 9 49 6.28998e-41
0 10 0 4.38837e-41
0 10 1 6.93293e-27
0 10 2 1.77482e-26
0 10 3 4.36534e-26
0 10 4 1.0316e-25
0 10 5 2.34225e-25
0 10 6 5.10955e-25
0 10 7 1.07093e-24
0 10 8 2.15659e-24
0 10 9 4.17255e-24
0 10 10 7.75647e-24
0 10 11 1.38533e-23
0 10 12 2.37724e-23
0 10 13 3.91941e-23
0 10 14 6.20864e-23
0 10 15 9.44931e-23
0 10 16 1.38176e-22
0 10 17 1.9413e-22
0 10 18 2.62048e-22
0 10 19 3.39858e-22
0 10 20 4.23489e-22
0 10 21 5.07008e-22
0 10 22 5.83198e-22
0 10 23 6.44534e-22
0 10 24 6.84389e-22
0 10 25 6.98215e-22
0 10 26 6.84389e-22
0 10 27 6.44534e-22
0 10 28 5.83198e-22
0 10 29 5.07008e-22
0 10 30 4.23489e-22
0 10 31 3.39858e-22
0 10 32 2.62048e-22
0 10 33 1.9413e-22
0 10 34 1.38176e-22
0 10 35 9.44931e-23
0 10 36 6.20864e-23
0 10 37 3.91941e-23
0 10 38 2.37724e-23
0 10 39 1.38533e-23
0 10 40 7.75647e-24
0 10 41 4.17255e-24
0 10 42 2.15659e-24
0 10 43 1.07093e-24
0 10 44 5.10955e-25
0 10 45 2.34225e-25
0 10 46 1.0316e-25
0 10 47 4.36534e-26
0 10 48 1.77482e-26
0 10 49 1.16926e-40
0 11 0 7.8378e-41
0 11 1 1.23825e-26
0 11 2 3.16989e-26
0 11 3 7.79667e-26
0 11 4 1.84248e-25
0 11 5 4.18335e-25
0 11 6 9.12586e-25
0 11 7 1.91272e-24
0 11 8 3.85175e-24
0 11 9 7.45233e-24
0 11 10 1.38533e-23
0 11 11 2.47426e-23
0 11 12 4.24585e-23
0 11 13 7.00022e-23
0 11 14 1.10889e-22
0 11 15 1.68768e-22
0 11 16 2.46787e-22
0 11 17 3.46723e-22
0 11 18 4.68027e-22
0 11 19 6.06999e-22
0 11 20 7.56367e-22
0 11 21 9.05536e-22
0 11 22 1.04161e-21
0 11 23 1.15116e-21
0 11 24 1.22235e-21
0 11 25 1.24704e-21
0 11 26 1.22235e-21
0 11 27 1.15116e-21
0 11 28 1.04161e-21
0 11 29 9.05536e-22
0 11 30 7.56367e-22
0 11 31 6.06999e-22
0 11 32 4.68027e-22
0 11 33 3.46723e-22
0 11 34 2.46787e-22
0 11 35 1.68768e-22
0 11 36 1.10889e-22
0 11 37 7.00022e-23
0 11 38 4.24585e-23
0 11 39 2.47426e-23
0 11 40 1.38533e-23
0 11 41 7.45233e-24
0 11 42 3.85175e-24
0 11 43 1.91272e-24
0 11 44 9.12586e-25
0 11 45 4.18335e-25
0 11 46 1.84248e-25
0 11 47 7.79667e-26
0 11 48 3.16989e-26
0 11 49 2.08835e-40
0 12 0 1.34497e-40
0 12 1 2.12484e-26
0 12 2 5.43955e-26
0 12 3 1.33791e-25
0 12 4 3.16171e-25
0 12 5 7.17866e-25
0 12 6 1.566e-24
0 12 7 3.28224e-24
0 12 8 6.60963e-24
0 12 9 1.27883e-23
0 12 10 2.37724e-23
0 12 11 4.24585e-23
0 12 12 7.28591e-23
0 12 13 1.20124e-22
0 12 14 1.90286e-22
0 12 15 2.89608e-22
0 12 16 4.23489e-22
0 12 17 5.9498e-22
0 12 18 8.03138e-22
0 12 19 1.04161e-21
0 12 20 1.29793e-21
0 12 21 1.55391e-21
0 12 22 1.78742e-21
0 12 23 1.9754e-21
0 12 24 2.09755e-21
0 12 25 2.13993e-21
0 12 26 2.09755e-21
0 12 27 1.9754e-21
0 12 28 1.78742e-21
0 12 29 1.55391e-21
0 12 30 1.29793e-21
0 12 31 1.04161e-21
0 12 32 8.03138e-22
0 12 33 5.9498e-22
0 12 34 4.23489e-22
0 12 35 2.89608e-22
0 12 36 1.90286e-22
0 12 37 1.20124e-22
0 12 38 7.28591e-23
0 12 39 4.24585e-23
0 12 40 2.37724e-23
0 12 41 1.27883e-23
0 12 42 6.60963e-24
0 12 43 3.28224e-24
0 12 44 1.566e-24
0 12 45 7.17866e-25
0 12 46 3.16171e-25
0 12 47 1.33791e-25
0 12 48 5.43955e-26
0 12 49 3.58362e-40
0 13 0 2.21748e-40
0 13 1 3.50327e-26
0 13 2 8.96831e-26
0 13 3 2.20585e-25
0 13 4 5.21277e-25
0 13 5 1.18356e-24
0 13 6 2.5819e-24
0 13 7 5.4115e-24
0 13 8 1.08974e-23
0 13 9 2.10843e-23
0 13 10 3.91941e-23
0 13 11 7.00022e-23
0 13 12 1.20124e-22
0 13 13 1.98051e-22
0 13 14 3.13728e-22
0 13 15 4.77482e-22
0 13 16 6.98215e-22
0 13 17 9.80955e-22
0 13 18 1.32415e-21
0 13 19 1.71733e-21
0 13 20 2.13993e-21
0 13 21 2.56196e-21
0 13 22 2.94695e-21
0 13 23 3.25689e-21
0 13 24 3.45828e-21
0 13 25 3.52814e-21
0 13 26 3.45828e-21
0 13 27 3.25689e-21
0 13 28 2.94695e-21
0 13 29 2.56196e-21
0 13 30 2.13993e-21
0 13 31 1.71733e-21
0 13 32 1.32415e-21
0 13 33 9.80955e-22
0 13 34 6.98215e-22
0 13 35 4.77482e-22
0 13 36 3.13728e-22
0 13 37 1.98051e-22
0 13 38 1.20124e-22
0 13 39 7.00022e-23
0 13 40 3.91941e-23
0 13 41 2.10843e-23
0 13 42 1.08974e-23
0 13 43 5.4115e-24
0 13 44 2.5819e-24
0 13 45 1.18356e-24
0 13 46 5.21277e-25
0 13 47 2.20585e-25
0 13 48 8.96831e-26
0 13 49 5.90839e-40
0 14 0 3.51266e-40
0 14 1 5.54944e-26
0 14 2 1.42065e-25
0 14 3 3.49423e-25
0 14 4 8.25742e-25
0 14 5 1.87485e-24
0 14 6 4.08993e-24
0 14 7 8.57222e-24
0 14 8 1.72623e-23
0 14 9 3.3399e-23
0 14 10 6.20864e-23
0 14 11 1.10889e-22
0 14 12 1.90286e-22
0 14 13 3.13728e-22
0 14 14 4.96969e-22
0 14 15 7.56367e-22
0 14 16 1.10602e-21
0 14 17 1.55391e-21
0 14 18 2.09755e-21
0 14 19 2.72038e-21
0 14 20 3.3898e-21
0 14 21 4.05833e-21
0 14 22 4.66819e-21
0 14 23 5.15915e-21
0 14 24 5.47817e-21
0 14 25 5.58884e-21
0 14 26 5.47817e-21
0 14 27 5.15915e-21
0 14 28 4.66819e-21
0 14 29 4.05833e-21
0 14 30 3.3898e-21
0 14 31 2.72038e-21
0 14 32 2.09755e-21
0 14 33 1.55391e-21
0 14 34 1.10602e-21
0 14 35 7.56367e-22
0 14 36 4.96969e-22
0 14 37 3.13728e-22
0 14 38 1.90286e-22
0 14 39 1.10889e-22
0 14 40 6.20864e-23
0 14 41 3.3399e-23
0 14 42 1.72623e-23
0 14 43 8.57222e-24
0 14 44 4.08993e-24
0 14 45 1.87485e-24
0 14 46 8.25742e-25
0 14 47 3.49423e-25
0 14 48 1.42065e-25
0 14 49 9.35933e-40
0 15 0 5.34613e-40
0 15 1 8.44604e-26
0 15 2 2.16217e-25
0 15 3 5.31808e-25
0 15 4 1.25675e-24
0 15 5 2.85344e-24
0 15 6 6.22471e-24
0 15 7 1.30466e-23
0 15 8 2.62726e-23
0 15 9 5.0832e-23
0 15 10 9.44931e-23
0 15 11 1.68768e-22
0 15 12 2.89608e-22
0 15 13 4.77482e-22
0 15 14 7.56367e-22
0 15 15 1.15116e-21
0 15 16 1.68333e-21
0 15 17 2.36499e-21
0 15 18 3.1924e-21
0 15 19 4.14031e-21
0 15 20 5.15915e-21
0 15 21 6.17662e-21
0 15 22 7.10481e-21
0 15 23 7.85203e-21
0 15 24 8.33757e-21
0 15 25 8.506e-21
0 15 26 8.33757e-21
0 15 27 7.85203e-21
0 15 28 7.10481e-21
0 15 29 6.17662e-21
0 15 30 5.15915e-21
0 15 31 4.14031e-21
0 15 32 3.1924e-21
0 15 33 2.36499e-21
0 15 34 1.68333e-21
0 15 35 1.15116e-21
0 15 36 7.56367e-22
0 15 37 4.77482e-22
0 15 38 2.89608e-22
0 15 39 1.68768e-22
0 15 40 9.44931e-23
0 15 41 5.0832e-23
0 15 42 2.62726e-23
0 15 43 1.30466e-23
0 15 44 6.22471e-24
0 15 45 2.85344e-24
0 15 46 1.25675e-24
0 15 47 5.31808e-25
0 15 48 2.16217e-25
0 15 49 1.42445e-39
0 16 0 7.81757e-40
0 16 1 1.23505e-25
0 16 2 3.16171e-25
0 16 3 7.77654e-25
0 16 4 1.83772e-24
0 16 5 4.17255e-24
0 16 6 9.1023e-24
0 16 7 1.90778e-23
0 16 8 3.8418e-23
0 16 9 7.43309e-23
0 16 10 1.38176e-22
0 16 11 2.46787e-22
0 16 12 4.23489e-22
0 16 13 6.98215e-22
0 16 14 1.10602e-21
0 16 15 1.68333e-21
0 16 16 2.4615e-21
0 16 17 3.45828e-21
0 16 18 4.66819e-21
0 16 19 6.05432e-21
0 16 20 7.54414e-21
0 16 21 9.03198e-21
0 16 22 1.03893e-20
0 16 23 1.14819e-20
0 16 24 1.21919e-20
0 16 25 1.24382e-20
0 16 26 1.21919e-20
0 16 27 1.14819e-20
0 16 28 1.03893e-20
0 16 29 9.03198e-21
0 16 30 7.54414e-21
0 16 31 6.05432e-21
0 16 32 4.66819e-21
0 16 33 3.45828e-21
0 16 34 2.4615e-21
0 16 35 1.68333e-21
0 16 36 1.10602e-21
0 16 37 6.98215e-22
0 16 38 4.23489e-22
0 16 39 2.46787e-22
0 16 40 1.38176e-22
0 16 41 7.43309e-23
0 16 42 3.8418e-23
0 16 43 1.90778e-23
0 16 44 9.1023e-24
0 16 45 4.17255e-24
0 16 46 1.83772e-24
0 16 47 7.77654e-25
0 16 48 3.16171e-25
0 16 49 2.08296e-39
0 17 0 1.09833e-39
0 17 1 1.73518e-25
0 17 2 4.44203e-25
0 17 3 1.09256e-24
0 17 4 2.5819e-24
0 17 5 5.86221e-24
0 17 6 1.27883e-23
0 17 7 2.68034e-23
0 17 8 5.39753e-23
0 17 9 1.04431e-22
0 17 10 1.9413e-22
0 17 11 3.46723e-22
0 17 12 5.9498e-22
0 17 13 9.80955e-22
0 17 14 1.55391e-21
0 17 15 2.36499e-21
0 17 16 3.45828e-21
0 17 17 4.8587e-21
0 17 18 6.55856e-21
0 17 19 8.506e-21
0 17 20 1.05991e-20
0 17 21 1.26895e-20
0 17 22 1.45964e-20
0 17 23 1.61315e-20
0 17 24 1.7129e-20
0 17 25 1.7475e-20
0 17 26 1.7129e-20
0 17 27 1.61315e-20
0 17 28 1.45964e-20
0 17 29 1.26895e-20
0 17 30 1.05991e-20
0 17 31 8.506e-21
0 17 32 6.55856e-21
0 17 33 4.8587e-21
0 17 34 3.45828e-21
0 17 35 2.36499e-21
0 17 36 1.55391e-21
0 17 37 9.80955e-22
0 17 38 5.9498e-22
0 17 39 3.46723e-22
0 17 40 1.9413e-22
0 17 41 1.04431e-22
0 17 42 5.39753e-23
0 17 43 2.68034e-23
0 17 44 1.27883e-23
0 17 45 5.86221e-24
0 17 46 2.5819e-24
0 17 47 1.09256e-24
0 17 48 4.44203e-25
0 17 49 2.92644e-39
0 18 0 1.48259e-39
0 18 1 2.34225e-25
0 18 2 5.99612e-25
0 18 3 1.47481e-24
0 18 4 3.48521e-24
0 18 5 7.91316e-24
0 18 6 1.72623e-23
0 18 7 3.61807e-23
0 18 8 7.28591e-23
0 18 9 1.40967e-22
0 18 10 2.62048e-22
0 18 11 4.68027e-22
0 18 12 8.03138e-22
0 18 13 1.32415e-21
0 18 14 2.09755e-21
0 18 15 3.1924e-21
0 18 16 4.66819e-21
0 18 17 6.55856e-21
0 18 18 8.85314e-21
0 18 19 1.14819e-20
0 18 20 1.43073e-20
0 18 21 1.7129e-20
0 18 22 1.9703e-20
0 18 23 2.17752e-20
0 18 24 2.31217e-20
0 18 25 2.35888e-20
0 18 26 2.31217e-20
0 18 27 2.17752e-20
0 18 28 1.9703e-20
0 18 29 1.7129e-20
0 18 30 1.43073e-20
0 18 31 1.14819e-20
0 18 32 8.85314e-21
0 18 33 6.55856e-21
0 18 34 4.66819e-21
0 18 35 3.1924e-21
0 18 36 2.09755e-21
0 18 37 1.32415e-21
0 18 38 8.03138e-22
0 18 39 4.68027e-22
0 18 40 2.62048e-22
0 18 41 1.40967e-22
0 18 42 7.28591e-23
0 18 43 3.61807e-23
0 18 44 1.72623e-23
0 18 45 7.91316e-24
0 18 46 3.48521e-24
0 18 47 1.47481e-24
0 18 48 5.99612e-25
0 18 49 3.95029e-39
0 19 0 1.92281e-39
0 19 1 3.03773e-25
0 19 2 7.77654e-25
0 19 3 1.91272e-24
0 19 4 4.52007e-24
0 19 5 1.02628e-23
0 19 6 2.2388e-23
0 19 7 4.69239e-23
0 19 8 9.44931e-23
0 19 9 1.82825e-22
0 19 10 3.39858e-22
0 19 11 6.06999e-22
0 19 12 1.04161e-21
0 19 13 1.71733e-21
0 19 14 2.72038e-21
0 19 15 4.14031e-21
0 19 16 6.05432e-21
0 19 17 8.506e-21
0 19 18 1.14819e-20
0 19 19 1.48912e-20
0 19 20 1.85556e-20
0 19 21 2.22151e-20
0 19 22 2.55534e-20
0 19 23 2.82409e-20
0 19 24 2.99872e-20
0 19 25 3.0593e-20
0 19 26 2.99872e-20
0 19 27 2.82409e-20
0 19 28 2.55534e-20
0 19 29 2.22151e-20
0 19 30 1.85556e-20
0 19 31 1.48912e-20
0 19 32 1.14819e-20
0 19 33 8.506e-21
0 19 34 6.05432e-21
0 19 35 4.14031e-21
0 19 36 2.72038e-21
0 19 37 1.71733e-21
0 19 38 1.04161e-21
0 19 39 6.06999e-22
0 19 40 3.39858e-22
0 19 41 1.82825e-22
0 19 42 9.44931e-23
0 19 43 4.69239e-23
0 19 44 2.2388e-23
0 19 45 1.02628e-23
0 19 46 4.52007e-24
0 19 47 1.91272e-24
0 19 48 7.77654e-25
0 19 49 5.12325e-39
0 20 0 2.39597e-39
0 20 1 3.78525e-25
0 20 2 9.69017e-25
0 20 3 2.3834e-24
0 20 4 5.63235e-24
0 20 5 1.27883e-23
0 20 6 2.78972e-23
0 20 7 5.84708e-23
0 20 8 1.17746e-22
0 20 9 2.27813e-22
0 20 10 4.23489e-22
0 20 11 7.56367e-22
0 20 12 1.29793e-21
0 20 13 2.13993e-21
0 20 14 3.3898e-21
0 20 15 5.15915e-21
0 20 16 7.54414e-21
0 20 17 1.05991e-20
0 20 18 1.43073e-20
0 20 19 1.85556e-20
0 20 20 2.31217e-20
0 20 21 2.76817e-20
0 20 22 3.18415e-20
0 20 23 3.51903e-20
0 20 24 3.73664e-20
0 20 25 3.81212e-20
0 20 26 3.73664e-20
0 20 27 3.51903e-20
0 20 28 3.18415e-20
0 20 29 2.76817e-20
0 20 30 2.31217e-20
0 20 31 1.85556e-20
0 20 32 1.43073e-20
0 20 33 1.05991e-20
0 20 34 7.54414e-21
0 20 35 5.15915e-21
0 20 36 3.3898e-21
0 20 37 2.13993e-21
0 20 38 1.29793e-21
0 20 39 7.56367e-22
0 20 40 4.23489e-22
0 20 41 2.27813e-22
0 20 42 1.17746e-22
0 20 43 5.84708e-23
0 20 44 2.78972e-23
0 20 45 1.27883e-23
0 20 46 5.63235e-24
0 20 47 2.3834e-24
0 20 48 9.69017e-25
0 20 49 6.38396e-39
0 21 0 2.8685e-39
0 21 1 4.53177e-25
0 21 2 1.16012e-24
0 21 3 2.85344e-24
0 21 4 6.74315e-24
0 21 5 1.53103e-23
0 21 6 3.3399e-23
0 21 7 7.00022e-23
0 21 8 1.40967e-22
0 21 9 2.72742e-22
0 21 10 5.07008e-22
0 21 11 9.05536e-22
0 21 12 1.55391e-21
0 21 13 2.56196e-21
0 21 14 4.05833e-21
0 21 15 6.17662e-21
0 21 16 9.03198e-21
0 21 17 1.26895e-20
0 21 18 1.7129e-20
0 21 19 2.22151e-20
0 21 20 2.76817e-20
0 21 21 3.3141e-20
0 21 22 3.81212e-20
0 21 23 4.21305e-20
0 21 24 4.47357e-20
0 21 25 4.56394e-20
0 21 26 4.47357e-20
0 21 27 4.21305e-20
0 21 28 3.81212e-20
0 21 29 3.3141e-20
0 21 30 2.76817e-20
0 21 31 2.22151e-20
0 21 32 1.7129e-20
0 21 33 1.26895e-20
0 21 34 9.03198e-21
0 21 35 6.17662e-21
0 21 36 4.05833e-21
0 21 37 2.56196e-21
0 21 38 1.55391e-21
0 21 39 9.05536e-22
0 21 40 5.07008e-22
0 21 41 2.72742e-22
0 21 42 1.40967e-22
0 21 43 7.00022e-23
0 21 44 3.3399e-23
0 21 45 1.53103e-23
0 21 46 6.74315e-24
0 21 47 2.85344e-24
0 21 48 1.16012e-24
0 21 49 7.64298e-39
0 22 0 3.29956e-39
0 22 1 5.21277e-25
0 22 2 1.33446e-24
0 22 3 3.28224e-24
0 22 4 7.75647e-24
0 22 5 1.76111e-23
0 22 6 3.8418e-23
0 22 7 8.05217e-23
0 22 8 1.62151e-22
0 22 9 3.13728e-22
0 22 10 5.83198e-22
0 22 11 1.04161e-21
0 22 12 1.78742e-21
0 22 13 2.94695e-21
0 22 14 4.66819e-21
0 22 15 7.10481e-21
0 22 16 1.03893e-20
0 22 17 1.45964e-20
0 22 18 1.9703e-20
0 22 19 2.55534e-20
0 22 20 3.18415e-20
0 22 21 3.81212e-20
0 22 22 4.38499e-20
0 22 23 4.84616e-20
0 22 24 5.14583e-20
0 22 25 5.24978e-20
0 22 26 5.14583e-20
0 22 27 4.84616e-20
0 22 28 4.38499e-20
0 22 29 3.81212e-20
0 22 30 3.18415e-20
0 22 31 2.55534e-20
0 22 32 1.9703e-20
0 22 33 1.45964e-20
0 22 34 1.03893e-20
0 22 35 7.10481e-21
0 22 36 4.66819e-21
0 22 37 2.94695e-21
0 22 38 1.78742e-21
0 22 39 1.04161e-21
0 22 40 5.83198e-22
0 22 41 3.13728e-22
0 22 42 1.62151e-22
0 22 43 8.05217e-23
0 22 44 3.8418e-23
0 22 45 1.76111e-23
0 22 46 7.75647e-24
0 22 47 3.28224e-24
0 22 48 1.33446e-24
0 22 49 8.79153e-39
0 23 0 3.64657e-39
0 23 1 5.76101e-25
0 23 2 1.47481e-24
0 23 3 3.62744e-24
0 23 4 8.57222e-24
0 23 5 1.94632e-23
0 23 6 4.24585e-23
0 23 7 8.89903e-23
0 23 8 1.79204e-22
0 23 9 3.46723e-22
0 23 10 6.44534e-22
0 23 11 1.15116e-21
0 23 12 1.9754e-21
0 23 13 3.25689e-21
0 23 14 5.15915e-21
0 23 15 7.85203e-21
0 23 16 1.14819e-20
0 23 17 1.61315e-20
0 23 18 2.17752e-20
0 23 19 2.82409e-20
0 23 20 3.51903e-20
0 23 21 4.21305e-20
0 23 22 4.84616e-20
0 23 23 5.35584e-20
0 23 24 5.68702e-20
0 23 25 5.80191e-20
0 23 26 5.68702e-20
0 23 27 5.35584e-20
0 23 28 4.84616e-20
0 23 29 4.21305e-20
0 23 30 3.51903e-20
0 23 31 2.82409e-20
0 23 32 2.17752e-20
0 23 33 1.61315e-20
0 23 34 1.14819e-20
0 23 35 7.85203e-21
0 23 36 5.15915e-21
0 23 37 3.25689e-21
0 23 38 1.9754e-21
0 23 39 1.15116e-21
0 23 40 6.44534e-22
0 23 41 3.46723e-22
0 23 42 1.79204e-22
0 23 43 8.89903e-23
0 23 44 4.24585e-23
0 23 45 1.94632e-23
0 23 46 8.57222e-24
0 23 47 3.62744e-24
0 23 48 1.47481e-24
0 23 49 9.71614e-39
0 24 0 3.87207e-39
0 24 1 6.11725e-25
0 24 2 1.566e-24
0 24 3 3.85175e-24
0 24 4 9.1023e-24
0 24 5 2.06668e-23
0 24 6 4.5084e-23
0 24 7 9.44931e-23
0 24 8 1.90286e-22
0 24 9 3.68163e-22
0 24 10 6.84389e-22
0 24 11 1.22235e-21
0 24 12 2.09755e-21
0 24 13 3.45828e-21
0 24 14 5.47817e-21
0 24 15 8.33757e-21
0 24 16 1.21919e-20
0 24 17 1.7129e-20
0 24 18 2.31217e-20
0 24 19 2.99872e-20
0 24 20 3.73664e-20
0 24 21 4.47357e-20
0 24 22 5.14583e-20
0 24 23 5.68702e-20
0 24 24 6.03869e-20
0 24 25 6.16068e-20
0 24 26 6.03869e-20
0 24 27 5.68702e-20
0 24 28 5.14583e-20
0 24 29 4.47357e-20
0 24 30 3.73664e-20
0 24 31 2.99872e-20
0 24 32 2.31217e-20
0 24 33 1.7129e-20
0 24 34 1.21919e-20
0 24 35 8.33757e-21
0 24 36 5.47817e-21
0 24 37 3.45828e-21
0 24 38 2.09755e-21
0 24 39 1.22235e-21
0 24 40 6.84389e-22
0 24 41 3.68163e-22
0 24 42 1.90286e-22
0 24 43 9.44931e-23
0 24 44 4.5084e-23
0 24 45 2.06668e-23
0 24 46 9.1023e-24
0 24 47 3.85175e-24
0 24 48 1.566e-24
0 24 49 1.0317e-38
0 25 0 3.95029e-39
0 25 1 6.24082e-25
0 25 2 1.59764e-24
0 25 3 3.92956e-24
0 25 4 9.28618e-24
0 25 5 2.10843e-23
0 25 6 4.59947e-23
0 25 7 9.6402e-23
0 25 8 1.9413e-22
0 25 9 3.75601e-22
0 25 10 6.98215e-22
0 25 11 1.24704e-21
0 25 12 2.13993e-21
0 25 13 3.52814e-21
0 25 14 5.58884e-21
0 25 15 8.506e-21
0 25 16 1.24382e-20
0 25 17 1.7475e-20
0 25 18 2.35888e-20
0 25 19 3.0593e-20
0 25 20 3.81212e-20
0 25 21 4.56394e-20
0 25 22 5.24978e-20
0 25 23 5.80191e-20
0 25 24 6.16068e-20
0 25 25 6.28513e-20
0 25 26 6.16068e-20
0 25 27 5.80191e-20
0 25 28 5.24978e-20
0 25 29 4.56394e-20
0 25 30 3.81212e-20
0 25 31 3.0593e-20
0 25 32 2.35888e-20
0 25 33 1.7475e-20
0 25 34 1.24382e-20
0 25 35 8.506e-21
0 25 36 5.58884e-21
0 25 37 3.52814e-21
0 25 38 2.13993e-21
0 25 39 1.24704e-21
0 25 40 6.98215e-22
0 25 41 3.75601e-22
0 25 42 1.9413e-22
0 25 43 9.6402e-23
0 25 44 4.59947e-23
0 25 45 2.10843e-23
0 25 46 9.28618e-24
0 25 47 3.92956e-24
0 25 48 1.59764e-24
0 25 49 1.05254e-38
0 26 0 3.87207e-39
0 26 1 6.11725e-25
0 26 2 1.566e-24
0 26 3 3.85175e-24
0 26 4 9.1023e-24
0 26 5 2.06668e-23
0 26 6 4.5084e-23
0 26 7 9.44931e-23
0 26 8 1.90286e-22
0 26 9 3.68163e-22
0 26 10 6.84389e-22
0 26 11 1.22235e-21
0 26 12 2.09755e-21
0 26 13 3.45828e-21
0 26 14 5.47817e-21
0 26 15 8.33757e-21
0 26 16 1.21919e-20
0 26 17 1.7129e-20
0 26 18 2.31217e-20
0 26 19 2.99872e-20
0 26 20 3.73664e-20
0 26 21 4.47357e-20
0 26 22 5.14583e-20
0 26 23 5.68702e-20
0 26 24 6.03869e-20
0 26 25 6.16068e-20
0 26 26 6.03869e-20
0 26 27 5.68702e-20
0 26 28 5.14583e-20
0 26 29 4.47357e-20
0 26 30 3.73664e-20
0 26 31 2.99872e-20
0 26 32 2.31217e-20
0 26 33 1.7129e-20
0 26 34 1.21919e-20
0 26 35 8.33757e-21
0 26 36 5.47817e-21
0 26 37 3.45828e-21
0 26 38 2.09755e-21
0 26 39 1.22235e-21
0 26 40 6.84389e-22
0 26 41 3.68163e-22
0 26 42 1.90286e-22
0 26 43 9.44931e-23
0 26 44 4.5084e-23
0 26 45 2.06668e-23
0 26 46 9.1023e-24
0 26 47 3.85175e-24
0 26 48 1.566e-24
0 26 49 1.0317e-38
0 27 0 3.64657e-39
0 27 1 5.76101e-25
0 27 2 1.47481e-24
0 27 3 3.62744e-24
0 27 4 8.57222e-24
0 27 5 1.94632e-23
0 27 6 4.24585e-23
0 27 7 8.89903e-23
0 27 8 1.79204e-22
0 27 9 3.46723e-22
0 27 10 6.44534e-22
0 27 11 1.15116e-21
0 27 12 1.9754e-21
0 27 13 3.25689e-21
0 27 14 5.15915e-21
0 27 15 7.85203e-21
0 27 16 1.14819e-20
0 27 17 1.61315e-20
0 27 18 2.17752e-20
0 27 19 2.82409e-20
0 27 20 3.51903e-20
0 27 21 4.21305e-20
0 27 22 4.84616e-20
0 27 23 5.35584e-20
0 27 24 5.68702e-20
0 27 25 5.80191e-20
0 27 26 5.68702e-20
0 27 27 5.35584e-20
0 27 28 4.84616e-20
0 27 29 4.21305e-20
0 27 30 3.51903e-20
0 27 31 2.82409e-20
0 27 32 2.17752e-20
0 27 33 1.61315e-20
0 27 34 1.14819e-20
0 27 35 7.85203e-21
0 27 36 5.15915e-21
0 27 37 3.25689e-21
0 27 38 1.9754e-21
0 27 39 1.15116e-21
0 27 40 6.44534e-22
0 27 41 3.46723e-22
0 27 42 1.79204e-22
0 27 43 8.89903e-23
0 27 44 4.24585e-23
0 27 45 1.94632e-23
0 27 46 8.57222e-24
0 27 47 3.62744e-24
0 27 48 1.47481e-24
0 27 49 9.71614e-39
0 28 0 3.29956e-39
0 28 1 5.21277e-25
0 28 2 1.33446e-24
0 28 3 3.28224e-24
0 28 4 7.75647e-24
0 28 5 1.76111e-23
0 28 6 3.8418e-23
0 28 7 8.05217e-23
0 28 8 1.62151e-22
0 28 9 3.13728e-22
0 28 10 5.83198e-22
0 28 11 1.04161e-21
0 28 12 1.78742e-21
0 28 13 2.94695e-21
0 28 14 4.66819e-21
0 28 15 7.10481e-21
0 28 16 1.03893e-20
0 28 17 1.45964e-20
0 28 18 1.9703e-20
0 28 19 2.55534e-20
0 28 20 3.18415e-20
0 28 21 3.81212e-20
0 28 22 4.38499e-20
0 28 23 4.84616e-20
0 28 24 5.14583e-20
0 28 25 5.24978e-20
0 28 26 5.14583e-20
0 28 27 4.84616e-20
0 28 28 4.38499e-20
0 28 29 3.81212e-20
0 28 30 3.18415e-20
0 28 31 2.55534e-20
0 28 32 1.9703e-20
0 28 33 1.45964e-20
0 28 34 1.03893e-20
0 28 35 7.10481e-21
0 28 36 4.66819e-21
0 28 37 2.94695e-21
0 28 38 1.78742e-21
0 28 39 1.04161e-21
0 28 40 5.83198e-22
0 28 41 3.13728e-22
0 28 42 1.62151e-22
0 28 43 8.05217e-23
0 28 44 3.8418e-23
0 28 45 1.76111e-23
0 28 46 7.75647e-24
0 28 47 3.28224e-24
0 28 48 1.33446e-24
0 28 49 8.79153e-39
0 29 0 2.8685e-39
0 29 1 4.53177e-25
0 29 2 1.16012e-24
0 29 3 2.85344e-24
0 29 4 6.74315e-24
0 29 5 1.53103e-23
0 29 6 3.3399e-23
0 29 7 7.00022e-23
0 29 8 1.40967e-22
0 29 9 2.72742e-22
0 29 10 5.07008e-22
0 29 11 9.05536e-22
0 29 12 1.55391e-21
0 29 13 2.56196e-21
0 29 14 4.05833e-21
0 29 15 6.17662e-21
0 29 16 9.03198e-21
0 29 17 1.26895e-20
0 29 18 1.7129e-20
0 29 19 2.22151e-20
0 29 20 2.76817e-20
0 29 21 3.3141e-20
0 29 22 3.81212e-20
0 29 23 4.21305e-20
0 29 24 4.47357e-20
0 29 25 4.56394e-20
0 29 26 4.47357e-20
0 29 27 4.21305e-20
0 29 28 3.81212e-20
0 29 29 3.3141e-20
0 29 30 2.76817e-20
0 29 31 2.22151e-20
0 29 32 1.7129e-20
0 29 33 1.26895e-20
0 29 34 9.03198e-21
0 29 35 6.17662e-21
0 29 36 4.05833e-21
0 29 37 2.56196e-21
0 29 38 1.55391e-21
0 29 39 9.05536e-22
0 29 40 5.07008e-22
0 29 41 2.72742e-22
0 29 42 1.40967e-22
0 29 43 7.00022e-23
0 29 44 3.3399e-23
0 29 45 1.53103e-23
0 29 46 6.74315e-24
0 29 47 2.85344e-24
0 29 48 1.16012e-24
0 29 49 7.64298e-39
0 30 0 2.39597e-39
0 30 1 3.78525e-25
0 30 2 9.69017e-25
0 30 3 2.3834e-24
0 30 4 5.63235e-24
0 30 5 1.27883e-23
0 30 6 2.78972e-23
0 30 7 5.84708e-23
0 30 8 1.17746e-22
0 30 9 2.27813e-22
0 30 10 4.23489e-22
0 30 11 7.56367e-22
0 30 12 1.29793e-21
0 30 13 2.13993e-21
0 30 14 3.3898e-21
0 30 15 5.15915e-21
0 30 16 7.54414e-21
0 30 17 1.05991e-20
0 30 18 1.43073e-20
0 30 19 1.85556e-20
0 30 20 2.31217e-20
0 30 21 2.76817e-20
0 30 22 3.18415e-20
0 30 23 3.51903e-20
0 30 24 3.73664e-20
0 30 25 3.81212e-20
0 30 26 3.73664e-20
0 30 27 3.51903e-20
0 30 28 3.18415e-20
0 30 29 2.76817e-20
0 30 30 2.31217e-20
0 30 31 1.85556e-20
0 30 32 1.43073e-20
0 30 33 1.05991e-20
0 30 34 7.54414e-21
0 30 35 5.15915e-21
0 30 36 3.3898e-21
0 30 37 2.13993e-21
0 30 38 1.29793e-21
0 30 39 7.56367e-22
0 30 40 4.23489e-22
0 30 41 2.27813e-22
0 30 42 1.17746e-22
0 30 43 5.84708e-23
0 30 44 2.78972e-23
0 30 45 1.27883e-23
0 30 46 5.63235e-24
0 30 47 2.3834e-24
0 30 48 9.69017e-25
0 30 49 6.38396e-39
0 31 0 1.92281e-39
0 31 1 3.03773e-25
0 31 2 7.77654e-25
0 31 3 1.91272e-24
0 31 4 4.52007e-24
0 31 5 1.02628e-23
0 31 6 2.2388e-23
0 31 7 4.69239e-23
0 31 8 9.44931e-23
0 31 9 1.82825e-22
0 31 10 3.39858e-22
0 31 11 6.06999e-22
0 31 12 1.04161e-21
0 31 13 1.71733e-21
0 31 14 2.72038e-21
0 31 15 4.14031e-21
0 31 16 6.05432e-21
0 31 17 8.506e-21
0 31 18 1.14819e-20
0 31 19 1.48912e-20
0 31 20 1.85556e-20
0 31 21 2.22151e-20
0 31 22 2.55534e-20
0 31 23 2.82409e-20
0 31 24 2.99872e-20
0 31 25 3.0593e-20
0 31 26 2.99872e-20
0 31 27 2.82409e-20
0 31 28 2.55534e-20
0 31 29 2.22151e-20
0 31 30 1.85556e-20
0 31 31 1.48912e-20
0 31 32 1.14819e-20
0 31 33 8.506e-21
0 31 34 6.05432e-21
0 31 35 4.14031e-21
0 31 36 2.72038e-21
0 31 37 1.71733e-21
0 31 38 1.04161e-21
0 31 39 6.06999e-22
0 31 40 3.39858e-22
0 31 41 1.82825e-22
0 31 42 9.44931e-23
0 31 43 4.69239e-23
0 31 44 2.2388e-23
0 31 45 1.02628e-23
0 31 46 4.52007e-24
0 31 47 1.91272e-24
0 31 48 7.77654e-25
0 31 49 5.12325e-39
0 32 0 1.48259e-39
0 32 1 2.34225e-25
0 32 2 5.99612e-25
0 32 3 1.47481e-24
0 32 4 3.48521e-24
0 32 5 7.91316e-24
0 32 6 1.72623e-23
0 32 7 3.61807e-23
0 32 8 7.28591e-23
0 32 9 1.40967e-22
0 32 10 2.62048e-22
0 32 11 4.68027e-22
0 32 12 8.03138e-22
0 32 13 1.32415e-21
0 32 14 2.09755e-21
0 32 15 3.1924e-21
0 32 16 4.66819e-21
0 32 17 6.55856e-21
0 32 18 8.85314e-21
0 32 19 1.14819e-20
0 32 20 1.43073e-20
0 32 21 1.7129e-20
0 32 22 1.9703e-20
0 32 23 2.17752e-20
0 32 24 2.31217e-20
0 32 25 2.35888e-20
0 32 26 2.31217e-20
0 32 27 2.17752e-20
0 32 28 1.9703e-20
0 32 29 1.7129e-20
0 32 30 1.43073e-20
0 32 31 1.14819e-20
0 32 32 8.85314e-21
0 32 33 6.55856e-21
0 32 34 4.66819e-21
0 32 35 3.1924e-21
0 32 36 2.09755e-21
0 32 37 1.32415e-21
0 32 38 8.03138e-22
0 32 39 4.68027e-22
0 32 40 2.62048e-22
0 32 41 1.40967e-22
0 32 42 7.28591e-23
0 32 43 3.61807e-23
0 32 44 1.72623e-23
0 32 45 7.91316e-24
0 32 46 3.48521e-24
0 32 47 1.47481e-24
0 32 48 5.99612e-25
0 32 49 3.95029e-39
0 33 0 1.09833e-39
0 33 1 1.73518e-25
0 33 2 4.44203e-25
0 33 3 1.09256e-24
0 33 4 2.5819e-24
0 33 5 5.86221e-24
0 33 6 1.27883e-23
0 33 7 2.68034e-23
0 33 8 5.39753e-23
0 33 9 1.04431e-22
0 33 10 1.9413e-22
0 33 11 3.46723e-22
0 33 12 5.9498e-22
0 33 13 9.80955e-22
0 33 14 1.55391e-21
0 33 15 2.36499e-21
0 33 16 3.45828e-21
0 33 17 4.8587e-21
0 33 18 6.55856e-21
0 33 19 8.506e-21
0 33 20 1.05991e-20
0 33 21 1.26895e-20
0 33 22 1.45964e-20
0 33 23 1.61315e-20
0 33 24 1.7129e-20
0 33 25 1.7475e-20
0 33 26 1.7129e-20
0 33 27 1.61315e-20
0 33 28 1.45964e-20
0 33 29 1.26895e-20
0 33 30 1.05991e-20
0 33 31 8.506e-21
0 33 32 6.55856e-21
0 33 33 4.8587e-21
0 33 34 3.45828e-21
0 33 35 2.36499e-21
0 33 36 1.55391e-21
0 33 37 9.80955e-22
0 33 38 5.9498e-22
0 33 39 3.46723e-22
0 33 40 1.9413e-22
0 33 41 1.04431e-22
0 33 42 5.39753e-23
0 33 43 2.68034e-23
0 33 44 1.27883e-23
0 33 45 5.86221e-24
0 33 46 2.5819e-24
0 33 47 1.09256e-24
0 33 48 4.44203e-25
0 33 49 2.92644e-39
0 34 0 7.81757e-40
0 34 1 1.23505e-25
0 34 2 3.16171e-25
0 34 3 7.77654e-25
0 34 4 1.83772e-24
0 34 5 4.17255e-24
0 34 6 9.1023e-24
0 34 7 1.90778e-23
0 34 8 3.8418e-23
0 34 9 7.43309e-23
0 34 10 1.38176e-22
0 34 11 2.46787e-22
0 34 12 4.23489e-22
0 34 13 6.98215e-22
0 34 14 1.10602e-21
0 34 15 1.68333e-21
0 34 16 2.4615e-21
0 34 17 3.45828e-21
0 34 18 4.66819e-21
0 34 19 6.05432e-21
0 34 20 7.54414e-21
0 34 21 9.03198e-21
0 34 22 1.03893e-20
0 34 23 1.14819e-20
0 34 24 1.21919e-20
0 34 25 1.24382e-20
0 34 26 1.21919e-20
0 34 27 1.14819e-20
0 34 28 1.03893e-20
0 34 29 9.03198e-21
0 34 30 7.54414e-21
0 34 31 6.05432e-21
0 34 32 4.66819e-21
0 34 33 3.45828e-21
0 34 34 2.4615e-21
0 34 35 1.68333e-21
0 34 36 1.10602e-21
0 34 37 6.98215e-22
0 34 38 4.23489e-22
0 34 39 2.46787e-22
0 34 40 1.38176e-22
0 34 41 7.43309e-23
0 34 42 3.8418e-23
0 34 43 1.90778e-23
0 34 44 9.1023e-24
0 34 45 4.17255e-24
0 34 46 1.83772e-24
0 34 47 7.77654e-25
0 34 48 3.16171e-25
0 34 49 2.08296e-39
0 35 0 5.34613e-40
0 35 1 8.44604e-26
0 35 2 2.16217e-25
0 35 3 5.31808e-25
0 35 4 1.25675e-24
0 35 5 2.85344e-24
0 35 6 6.22471e-24
0 35 7 1.30466e-23
0 35 8 2.62726e-23
0 35 9 5.0832e-23
0 35 10 9.44931e-23
0 35 11 1.68768e-22
0 35 12 2.89608e-22
0 35 13 4.77482e-22
0 35 14 7.56367e-22
0 35 15 1.15116e-21
0 35 16 1.68333e-21
0 35 17 2.36499e-21
0 35 18 3.1924e-21
0 35 19 4.14031e-21
0 35 20 5.15915e-21
0 35 21 6.17662e-21
0 35 22 7.10481e-21
0 35 23 7.85203e-21
0 35 24 8.33757e-21
0 35 25 8.506e-21
0 35 26 8.33757e-21
0 35 27 7.85203e-21
0 35 28 7.10481e-21
0 35 29 6.17662e-21
0 35 30 5.15915e-21
0 35 31 4.14031e-21
0 35 32 3.1924e-21
0 35 33 2.36499e-21
0 35 34 1.68333e-21
0 35 35 1.15116e-21
0 35 36 7.56367e-22
0 35 37 4.77482e-22
0 35 38 2.89608e-22
0 35 39 1.68768e-22
0 35 40 9.44931e-23
0 35 41 5.0832e-23
0 35 42 2.62726e-23
0 35 43 1.30466e-23
0 35 44 6.22471e-24
0 35 45 2.85344e-24
0 35 46 1.25675e-24
0 35 47 5.31808e-25
0 35 48 2.16217e-25
0 35 49 1.42445e-39
0 36 0 3.51266e-40
0 36 1 5.54944e-26
0 36 2 1.42065e-25
0 36 3 3.49423e-25
0 36 4 8.25742e-25
0 36 5 1.87485e-24
0 36 6 4.08993e-24
0 36 7 8.57222e-24
0 36 8 1.72623e-23
0 36 9 3.3399e-23
0 36 10 6.20864e-23
0 36 11 1.10889e-22
0 36 12 1.90286e-22
0 36 13 3.13728e-22
0 36 14 4.96969e-22
0 36 15 7.56367e-22
0 36 16 1.10602e-21
0 36 17 1.55391e-21
0 36 18 2.09755e-21
0 36 19 2.72038e-21
0 36 20 3.3898e-21
0 36 21 4.05833e-21
0 36 22 4.66819e-21
0 36 23 5.15915e-21
0 36 24 5.47817e-21
0 36 25 5.58884e-21
0 36 26 5.47817e-21
0 36 27 5.15915e-21
0 36 28 4.66819e-21
0 36 29 4.05833e-21
0 36 30 3.3898e-21
0 36 31 2.72038e-21
0 36 32 2.09755e-21
0 36 33 1.55391e-21
0 36 34 1.10602e-21
0 36 35 7.56367e-22
0 36 36 4.96969e-22
0 36 37 3.13728e-22
0 36 38 1.90286e-22
0 36 39 1.10889e-22
0 36 40 6.20864e-23
0 36 41 3.3399e-23
0 36 42 1.72623e-23
0 36 43 8.57222e-24
0 36 44 4.08993e-24
0 36 45 1.87485e-24
0 36 46 8.25742e-25
0 36 47 3.49423e-25
0 36 48 1.42065e-25
0 36 49 9.35933e-40
0 37 0 2.21748e-40
0 37 1 3.50327e-26
0 37 2 8.96831e-26
0 37 3 2.20585e-25
0 37 4 5.21277e-25
0 37 5 1.18356e-24
0 37 6 2.5819e-24
0 37 7 5.4115e-24
0 37 8 1.08974e-23
0 37 9 2.10843e-23
0 37 10 3.91941e-23
0 37 11 7.00022e-23
0 37 12 1.20124e-22
0 37 13 1.98051e-22
0 37 14 3.13728e-22
0 37 15 4.77482e-22
0 37 16 6.98215e-22
0 37 17 9.80955e-22
0 37 18 1.32415e-21
0 37 19 1.71733e-21
0 37 20 2.13993e-21
0 37 21 2.56196e-21
0 37 22 2.94695e-21
0 37 23 3.25689e-21
0 37 24 3.45828e-21
0 37 25 3.52814e-21
0 37 26 3.45828e-21
0 37 27 3.25689e-21
0 37 28 2.94695e-21
0 37 29 2.56196e-21
0 37 30 2.13993e-21
0 37 31 1.71733e-21
0 37 32 1.32415e-21
0 37 33 9.80955e-22
0 37 34 6.98215e-22
0 37 35 4.77482e-22
0 37 36 3.13728e-22
0 37 37 1.98051e-22
0 37 38 1.20124e-22
0 37 39 7.00022e-23
0 37 40 3.91941e-23
0 37 41 2.10843e-23
0 37 42 1.08974e-23
0 37 43 5.4115e-24
0 37 44 2.5819e-24
0 37 45 1.18356e-24
0 37 46 5.21277e-25
0 37 47 2.20585e-25
0 37 48 8.96831e-26
0 37 49 5.90839e-40
0 38 0 1.34497e-40
0 38 1 2.12484e-26
0 38 2 5.43955e-26
0 38 3 1.33791e-25
0 38 4 3.16171e-25
0 38 5 7.17866e-25
0 38 6 1.566e-24
0 38 7 3.28224e-24
0 38 8 6.60963e-24
0 38 9 1.27883e-23
0 38 10 2.37724e-23
0 38 11 4.24585e-23
0 38 12 7.28591e-23
0 38 13 1.20124e-22
0 38 14 1.90286e-22
0 38 15 2.89608e-22
0 38 16 4.23489e-22
0 38 17 5.9498e-22
0 38 18 8.03138e-22
0 38 19 1.04161e-21
0 38 20 1.29793e-21
0 38 21 1.55391e-21
0 38 22 1.78742e-21
0 38 23 1.9754e-21
0 38 24 2.09755e-21
0 38 25 2.13993e-21
0 38 26 2.09755e-21
0 38 27 1.9754e-21
0 38 28 1.78742e-21
0 38 29 1.55391e-21
0 38 30 1.29793e-21
0 38 31 1.04161e-21
0 38 32 8.03138e-22
0 38 33 5.9498e-22
0 38 34 4.23489e-22
0 38 35 2.89608e-22
0 38 36 1.90286e-22
0 38 37 1.20124e-22
0 38 38 7.28591e-23
0 38 39 4.24585e-23
0 38 40 2.37724e-23
0 38 41 1.27883e-23
0 38 42 6.60963e-24
0 38 43 3.28224e-24
0 38 44 1.566e-24
0 38 45 7.17866e-25
0 38 46 3.16171e-25
0 38 47 1.33791e-25
0 38 48 5.43955e-26
0 38 49 3.58362e-40
0 39 0 7.8378e-41
0 39 1 1.23825e-26
0 39 2 3.16989e-26
0 39 3 7.79667e-26
0 39 4 1.84248e-25
0 39 5 4.18335e-25
0 39 6 9.12586e-25
0 39 7 1.91272e-24
0 39 8 3.85175e-24
0 39 9 7.45233e-24
0 39 10 1.38533e-23
0 39 11 2.47426e-23
0 39 12 4.24585e-23
0 39 13 7.00022e-23
0 39 14 1.10889e-22
0 39 15 1.68768e-22
0 39 16 2.46787e-22
0 39 17 3.46723e-22
0 39 18 4.68027e-22
0 39 19 6.06999e-22
0 39 20 7.56367e-22
0 39 21 9.05536e-22
0 39 22 1.04161e-21
0 39 23 1.15116e-21
0 39 24 1.22235e-21
0 39 25 1.24704e-21
0 39 26 1.22235e-21
0 39 27 1.15116e-21
0 39 28 1.04161e-21
0 39 29 9.05536e-22
0 39 30 7.56367e-22
0 39 31 6.06999e-22
0 39 32 4.68027e-22
0 39 33 3.46723e-22
0 39 34 2.46787e-22
0 39 35 1.68768e-22
0 39 36 1.10889e-22
0 39 37 7.00022e-23
0 39 38 4.24585e-23
0 39 39 2.47426e-23
0 39 40 1.38533e-23
0 39 41 7.45233e-24
0 39 42 3.85175e-24
0 39 43 1.91272e-24
0 39 44 9.12586e-25
0 39 45 4.18335e-25
0 39 46 1.84248e-25
0 39 47 7.79667e-26
0 39 48 3.16989e-26
0 39 49 2.08835e-40
0 40 0 4.38837e-41
0 40 1 6.93293e-27
0 40 2 1.77482e-26
0 40 3 4.36534e-26
0 40 4 1.0316e-25
0 40 5 2.34225e-25
0 40 6 5.10955e-25
0 40 7 1.07093e-24
0 40 8 2.15659e-24
0 40 9 4.17255e-24
0 40 10 7.75647e-24
0 40 11 1.38533e-23
0 40 12 2.37724e-23
0 40 13 3.91941e-23
0 40 14 6.20864e-23
0 40 15 9.44931e-23
0 40 16 1.38176e-22
0 40 17 1.9413e-22
0 40 18 2.62048e-22
0 40 19 3.39858e-22
0 40 20 4.23489e-22
0 40 21 5.07008e-22
0 40 22 5.83198e-22
0 40 23 6.44534e-22
0 40 24 6.84389e-22
0 40 25 6.98215e-22
0 40 26 6.84389e-22
0 40 27 6.44534e-22
0 40 28 5.83198e-22
0 40 29 5.07008e-22
0 40 30 4.23489e-22
0 40 31 3.39858e-22
0 40 32 2.62048e-22
0 40 33 1.9413e-22
0 40 34 1.38176e-22
0 40 35 9.44931e-23
0 40 36 6.20864e-23
0 40 37 3.91941e-23
0 40 38 2.37724e-23
0 40 39 1.38533e-23
0 40 40 7.75647e-24
0 40 41 4.17255e-24
0 40 42 2.15659e-24
0 40 43 1.07093e-24
0 40 44 5.10955e-25
0 40 45 2.34225e-25
0 40 46 1.0316e-25
0 40 47 4.36534e-26
0 40 48 1.77482e-26
0 40 49 1.16926e-40
0 41 0 2.3607e-41
0 41 1 3.72953e-27
0 41 2 9.54753e-27
0 41 3 2.34831e-26
0 41 4 5.54944e-26
0 41 5 1.26e-25
0 41 6 2.74866e-25
0 41 7 5.76101e-25
