0 0 0 7.07029e-31
0 0 1 7.88048e-26
0 0 2 2.01739e-25
0 0 3 4.96197e-25
0 0 4 1.17259e-24
0 0 5 2.66237e-24
0 0 6 5.80789e-24
0 0 7 1.2173e-23
0 0 8 2.45134e-23
0 0 9 4.74283e-23
0 0 10 8.81657e-23
0 0 11 1.57467e-22
0 0 12 2.70215e-22
0 0 13 4.45509e-22
0 0 14 7.0572e-22
0 0 15 1.07408e-21
0 0 16 1.57061e-21
0 0 17 2.20662e-21
0 0 18 2.97863e-21
0 0 19 3.86307e-21
0 0 20 4.81368e-21
0 0 21 5.76303e-21
0 0 22 6.62906e-21
0 0 23 7.32624e-21
0 0 24 7.77927e-21
0 0 25 7.93642e-21
0 0 26 7.77927e-21
0 0 27 7.32624e-21
0 0 28 6.62906e-21
0 0 29 5.76303e-21
0 0 30 4.81368e-21
0 0 31 3.86307e-21
0 0 32 2.97863e-21
0 0 33 2.20662e-21
0 0 34 1.57061e-21
0 0 35 1.07408e-21
0 0 36 7.0572e-22
0 0 37 4.45509e-22
0 0 38 2.70215e-22
0 0 39 1.57467e-22
0 0 40 8.81657e-23
0 0 41 4.74283e-23
0 0 42 2.45134e-23
0 0 43 1.2173e-23
0 0 44 5.80789e-24
0 0 45 2.66237e-24
0 0 46 1.17259e-24
0 0 47 4.96197e-25
0 0 48 2.01739e-25
0 0 49 1.88385e-30
0 1 0 7.88048e-26
0 1 1 8.7835e-21
0 1 2 2.24856e-20
0 1 3 5.53056e-20
0 1 4 1.30696e-19
0 1 5 2.96746e-19
0 1 6 6.47342e-19
0 1 7 1.35679e-18
0 1 8 2.73223e-18
0 1 9 5.28631e-18
0 1 10 9.82686e-18
0 1 11 1.75512e-17
0 1 12 3.01179e-17
0 1 13 4.9656e-17
0 1 14 7.86588e-17
0 1 15 1.19716e-16
0 1 16 1.75058e-16
0 1 17 2.45948e-16
0 1 18 3.31995e-16
0 1 19 4.30574e-16
0 1 20 5.36528e-16
0 1 21 6.42341e-16
0 1 22 7.38868e-16
0 1 23 8.16576e-16
0 1 24 8.6707e-16
0 1 25 8.84586e-16
0 1 26 8.6707e-16
0 1 27 8.16576e-16
0 1 28 7.38868e-16
0 1 29 6.42341e-16
0 1 30 5.36528e-16
0 1 31 4.30574e-16
0 1 32 3.31995e-16
0 1 33 2.45948e-16
0 1 34 1.75058e-16
0 1 35 1.19716e-16
0 1 36 7.86588e-17
0 1 37 4.9656e-17
0 1 38 3.01179e-17
0 1 39 1.75512e-17
0 1 40 9.82686e-18
0 1 41 5.28631e-18
0 1 42 2.73223e-18
0 1 43 1.35679e-18
0 1 44 6.47342e-19
0 1 45 2.96746e-19
0 1 46 1.30696e-19
0 1 47 5.53056e-20
0 1 48 2.24856e-20
0 1 49 2.09972e-25
0 2 0 2.01739e-25
0 2 1 2.24856e-20
0 2 2 5.75627e-20
0 2 3 1.41581e-19
0 2 4 3.3458e-19
0 2 5 7.59663e-19
0 2 6 1.65718e-18
0 2 7 3.47335e-18
0 2 8 6.99447e-18
0 2 9 1.35328e-17
0 2 10 2.51566e-17
0 2 11 4.49306e-17
0 2 12 7.71013e-17
0 2 13 1.27118e-16
0 2 14 2.01365e-16
0 2 15 3.0647e-16
0 2 16 4.48146e-16
0 2 17 6.29622e-16
0 2 18 8.49901e-16
0 2 19 1.10226e-15
0 2 20 1.3735e-15
0 2 21 1.64438e-15
0 2 22 1.89149e-15
0 2 23 2.09042e-15
0 2 24 2.21968e-15
0 2 25 2.26452e-15
0 2 26 2.21968e-15
0 2 27 2.09042e-15
0 2 28 1.89149e-15
0 2 29 1.64438e-15
0 2 30 1.3735e-15
0 2 31 1.10226e-15
0 2 32 8.49901e-16
0 2 33 6.29622e-16
0 2 34 4.48146e-16
0 2 35 3.0647e-16
0 2 36 2.01365e-16
0 2 37 1.27118e-16
0 2 38 7.71013e-17
0 2 39 4.49306e-17
0 2 40 2.51566e-17
0 2 41 1.35328e-17
0 2 42 6.99447e-18
0 2 43 3.47335e-18
0 2 44 1.65718e-18
0 2 45 7.59663e-19
0 2 46 3.3458e-19
0 2 47 1.41581e-19
0 2 48 5.75627e-20
0 2 49 5.37524e-25
0 3 0 4.96197e-25
0 3 1 5.53056e-20
0 3 2 1.41581e-19
0 3 3 3.48234e-19
0 3 4 8.22933e-19
0 3 5 1.86847e-18
0 3 6 4.07601e-18
0 3 7 8.54306e-18
0 3 8 1.72036e-17
0 3 9 3.32854e-17
0 3 10 6.18752e-17
0 3 11 1.10512e-16
0 3 12 1.89638e-16
0 3 13 3.12661e-16
0 3 14 4.95278e-16
0 3 15 7.53794e-16
0 3 16 1.10226e-15
0 3 17 1.54862e-15
0 3 18 2.09042e-15
0 3 19 2.71113e-15
0 3 20 3.37827e-15
0 3 21 4.04453e-15
0 3 22 4.65231e-15
0 3 23 5.1416e-15
0 3 24 5.45954e-15
0 3 25 5.56983e-15
0 3 26 5.45954e-15
0 3 27 5.1416e-15
0 3 28 4.65231e-15
0 3 29 4.04453e-15
0 3 30 3.37827e-15
0 3 31 2.71113e-15
0 3 32 2.09042e-15
0 3 33 1.54862e-15
0 3 34 1.10226e-15
0 3 35 7.53794e-16
0 3 36 4.95278e-16
0 3 37 3.12661e-16
0 3 38 1.89638e-16
0 3 39 1.10512e-16
0 3 40 6.18752e-17
0 3 41 3.32854e-17
0 3 42 1.72036e-17
0 3 43 8.54306e-18
0 3 44 4.07601e-18
0 3 45 1.86847e-18
0 3 46 8.22933e-19
0 3 47 3.48234e-19
0 3 48 1.41581e-19
0 3 49 1.3221e-24
0 4 0 1.17259e-24
0 4 1 1.30696e-19
0 4 2 3.3458e-19
0 4 3 8.22933e-19
0 4 4 1.94472e-18
0 4 5 4.41549e-18
0 4 6 9.63228e-18
0 4 7 2.01886e-17
0 4 8 4.06549e-17
0 4 9 7.86588e-17
0 4 10 1.46221e-16
0 4 11 2.61156e-16
0 4 12 4.48146e-16
0 4 13 7.38868e-16
0 4 14 1.17042e-15
0 4 15 1.78134e-15
0 4 16 2.60482e-15
0 4 17 3.65964e-15
0 4 18 4.93999e-15
0 4 19 6.40683e-15
0 4 20 7.9834e-15
0 4 21 9.55786e-15
0 4 22 1.09942e-14
0 4 23 1.21504e-14
0 4 24 1.29018e-14
0 4 25 1.31624e-14
0 4 26 1.29018e-14
0 4 27 1.21504e-14
0 4 28 1.09942e-14
0 4 29 9.55786e-15
0 4 30 7.9834e-15
0 4 31 6.40683e-15
0 4 32 4.93999e-15
0 4 33 3.65964e-15
0 4 34 2.60482e-15
0 4 35 1.78134e-15
0 4 36 1.17042e-15
0 4 37 7.38868e-16
0 4 38 4.48146e-16
0 4 39 2.61156e-16
0 4 40 1.46221e-16
0 4 41 7.86588e-17
0 4 42 4.06549e-17
0 4 43 2.01886e-17
0 4 44 9.63228e-18
0 4 45 4.41549e-18
0 4 46 1.94472e-18
0 4 47 8.22933e-19
0 4 48 3.3458e-19
0 4 49 3.12432e-24
0 5 0 2.66237e-24
0 5 1 2.96746e-19
0 5 2 7.59663e-19
0 5 3 1.86847e-18
0 5 4 4.41549e-18
0 5 5 1.00254e-17
0 5 6 2.18701e-17
0 5 7 4.58383e-17
0 5 8 9.2307e-17
0 5 9 1.78595e-16
0 5 10 3.31995e-16
0 5 11 5.92956e-16
0 5 12 1.01752e-15
0 5 13 1.6776e-15
0 5 14 2.65744e-15
0 5 15 4.04453e-15
0 5 16 5.91425e-15
0 5 17 8.30921e-15
0 5 18 1.12163e-14
0 5 19 1.45467e-14
0 5 20 1.81263e-14
0 5 21 2.17011e-14
0 5 22 2.49622e-14
0 5 23 2.75875e-14
0 5 24 2.92935e-14
0 5 25 2.98852e-14
0 5 26 2.92935e-14
0 5 27 2.75875e-14
0 5 28 2.49622e-14
0 5 29 2.17011e-14
0 5 30 1.81263e-14
0 5 31 1.45467e-14
0 5 32 1.12163e-14
0 5 33 8.30921e-15
0 5 34 5.91425e-15
0 5 35 4.04453e-15
0 5 36 2.65744e-15
0 5 37 1.6776e-15
0 5 38 1.01752e-15
0 5 39 5.92956e-16
0 5 40 3.31995e-16
0 5 41 1.78595e-16
0 5 42 9.2307e-17
0 5 43 4.58383e-17
0 5 44 2.18701e-17
0 5 45 1.00254e-17
0 5 46 4.41549e-18
0 5 47 1.86847e-18
0 5 48 7.59663e-19
0 5 49 7.09378e-24
0 6 0 5.80789e-24
0 6 1 6.47342e-19
0 6 2 1.65718e-18
0 6 3 4.07601e-18
0 6 4 9.63228e-18
0 6 5 2.18701e-17
0 6 6 4.7709e-17
0 6 7 9.99949e-17
0 6 8 2.01365e-16
0 6 9 3.896e-16
0 6 10 7.24238e-16
0 6 11 1.29352e-15
0 6 12 2.21968e-15
0 6 13 3.65964e-15
0 6 14 5.79714e-15
0 6 15 8.82302e-15
0 6 16 1.29018e-14
0 6 17 1.81263e-14
0 6 18 2.4468e-14
0 6 19 3.17332e-14
0 6 20 3.9542e-14
0 6 21 4.73404e-14
0 6 22 5.44544e-14
0 6 23 6.01815e-14
0 6 24 6.39029e-14
0 6 25 6.51938e-14
0 6 26 6.39029e-14
0 6 27 6.01815e-14
0 6 28 5.44544e-14
0 6 29 4.73404e-14
0 6 30 3.9542e-14
0 6 31 3.17332e-14
0 6 32 2.4468e-14
0 6 33 1.81263e-14
0 6 34 1.29018e-14
0 6 35 8.82302e-15
0 6 36 5.79714e-15
0 6 37 3.65964e-15
0 6 38 2.21968e-15
0 6 39 1.29352e-15
0 6 40 7.24238e-16
0 6 41 3.896e-16
0 6 42 2.01365e-16
0 6 43 9.99949e-17
0 6 44 4.7709e-17
0 6 45 2.18701e-17
0 6 46 9.63228e-18
0 6 47 4.07601e-18
0 6 48 1.65718e-18
0 6 49 1.54749e-23
0 7 0 1.2173e-23
0 7 1 1.35679e-18
0 7 2 3.47335e-18
0 7 3 8.54306e-18
0 7 4 2.01886e-17
0 7 5 4.58383e-17
0 7 6 9.99949e-17
0 7 7 2.09583e-16
0 7 8 4.22048e-16
0 7 9 8.16576e-16
0 7 10 1.51796e-15
0 7 11 2.71113e-15
0 7 12 4.65231e-15
0 7 13 7.67037e-15
0 7 14 1.21504e-14
0 7 15 1.84925e-14
0 7 16 2.70413e-14
0 7 17 3.79916e-14
0 7 18 5.12833e-14
0 7 19 6.65108e-14
0 7 20 8.28776e-14
0 7 21 9.92225e-14
0 7 22 1.14133e-13
0 7 23 1.26136e-13
0 7 24 1.33936e-13
0 7 25 1.36642e-13
0 7 26 1.33936e-13
0 7 27 1.26136e-13
0 7 28 1.14133e-13
0 7 29 9.92225e-14
0 7 30 8.28776e-14
0 7 31 6.65108e-14
0 7 32 5.12833e-14
0 7 33 3.79916e-14
0 7 34 2.70413e-14
0 7 35 1.84925e-14
0 7 36 1.21504e-14
0 7 37 7.67037e-15
0 7 38 4.65231e-15
0 7 39 2.71113e-15
0 7 40 1.51796e-15
0 7 41 8.16576e-16
0 7 42 4.22048e-16
0 7 43 2.09583e-16
0 7 44 9.99949e-17
0 7 45 4.58383e-17
0 7 46 2.01886e-17
0 7 47 8.54306e-18
0 7 48 3.47335e-18
0 7 49 3.24344e-23
0 8 0 2.45134e-23
0 8 1 2.73223e-18
0 8 2 6.99447e-18
0 8 3 1.72036e-17
0 8 4 4.06549e-17
0 8 5 9.2307e-17
0 8 6 2.01365e-16
0 8 7 4.22048e-16
0 8 8 8.49901e-16
0 8 9 1.64438e-15
0 8 10 3.05679e-15
0 8 11 5.45954e-15
0 8 12 9.36861e-15
0 8 13 1.54462e-14
0 8 14 2.4468e-14
0 8 15 3.72393e-14
0 8 16 5.44544e-14
0 8 17 7.65056e-14
0 8 18 1.03272e-13
0 8 19 1.33936e-13
0 8 20 1.66895e-13
0 8 21 1.99809e-13
0 8 22 2.29836e-13
0 8 23 2.54008e-13
0 8 24 2.69715e-13
0 8 25 2.75163e-13
0 8 26 2.69715e-13
0 8 27 2.54008e-13
0 8 28 2.29836e-13
0 8 29 1.99809e-13
0 8 30 1.66895e-13
0 8 31 1.33936e-13
0 8 32 1.03272e-13
0 8 33 7.65056e-14
0 8 34 5.44544e-14
0 8 35 3.72393e-14
0 8 36 2.4468e-14
0 8 37 1.54462e-14
0 8 38 9.36861e-15
0 8 39 5.45954e-15
0 8 40 3.05679e-15
0 8 41 1.64438e-15
0 8 42 8.49901e-16
0 8 43 4.22048e-16
0 8 44 2.01365e-16
0 8 45 9.2307e-17
0 8 46 4.06549e-17
0 8 47 1.72036e-17
0 8 48 6.99447e-18
0 8 49 6.53148e-23
0 9 0 4.74283e-23
0 9 1 5.28631e-18
0 9 2 1.35328e-17
0 9 3 3.32854e-17
0 9 4 7.86588e-17
0 9 5 1.78595e-16
0 9 6 3.896e-16
0 9 7 8.16576e-16
0 9 8 1.64438e-15
0 9 9 3.18154e-15
0 9 10 5.91425e-15
0 9 11 1.05631e-14
0 9 12 1.81263e-14
0 9 13 2.98852e-14
0 9 14 4.73404e-14
0 9 15 7.20503e-14
0 9 16 1.05358e-13
0 9 17 1.48023e-13
0 9 18 1.99809e-13
0 9 19 2.59139e-13
0 9 20 3.22907e-13
0 9 21 3.8659e-13
0 9 22 4.44684e-13
0 9 23 4.91452e-13
0 9 24 5.21842e-13
0 9 25 5.32384e-13
0 9 26 5.21842e-13
0 9 27 4.91452e-13
0 9 28 4.44684e-13
0 9 29 3.8659e-13
0 9 30 3.22907e-13
0 9 31 2.59139e-13
0 9 32 1.99809e-13
0 9 33 1.48023e-13
0 9 34 1.05358e-13
0 9 35 7.20503e-14
0 9 36 4.73404e-14
0 9 37 2.98852e-14
0 9 38 1.81263e-14
0 9 39 1.05631e-14
0 9 40 5.91425e-15
0 9 41 3.18154e-15
0 9 42 1.64438e-15
0 9 43 8.16576e-16
0 9 44 3.896e-16
0 9 45 1.78595e-16
0 9 46 7.86588e-17
0 9 47 3.32854e-17
0 9 48 1.35328e-17
0 9 49 1.26371e-22
0 10 0 8.81657e-23
0 10 1 9.82686e-18
0 10 2 2.51566e-17
0 10 3 6.18752e-17
0 10 4 1.46221e-16
0 10 5 3.31995e-16
0 10 6 7.24238e-16
0 10 7 1.51796e-15
0 10 8 3.05679e-15
0 10 9 5.91425e-15
0 10 10 1.09942e-14
0 10 11 1.9636e-14
0 10 12 3.36955e-14
0 10 13 5.55545e-14
0 10 14 8.80024e-14
0 10 15 1.33936e-13
0 10 16 1.95853e-13
0 10 17 2.75163e-13
0 10 18 3.71431e-13
0 10 19 4.81721e-13
0 10 20 6.00261e-13
0 10 21 7.18643e-13
0 10 22 8.26636e-13
0 10 23 9.13574e-13
0 10 24 9.70066e-13
0 10 25 9.89663e-13
0 10 26 9.70066e-13
0 10 27 9.13574e-13
0 10 28 8.26636e-13
0 10 29 7.18643e-13
0 10 30 6.00261e-13
0 10 31 4.81721e-13
0 10 32 3.71431e-13
0 10 33 2.75163e-13
0 10 34 1.95853e-13
0 10 35 1.33936e-13
0 10 36 8.80024e-14
0 10 37 5.55545e-14
0 10 38 3.36955e-14
0 10 39 1.9636e-14
0 10 40 1.09942e-14
0 10 41 5.91425e-15
0 10 42 3.05679e-15
0 10 43 1.51796e-15
0 10 44 7.24238e-16
0 10 45 3.31995e-16
0 10 46 1.46221e-16
0 10 47 6.18752e-17
0 10 48 2.51566e-17
0 10 49 2.34914e-22
0 11 0 1.57467e-22
0 11 1 1.75512e-17
0 11 2 4.49306e-17
0 11 3 1.10512e-16
0 11 4 2.61156e-16
0 11 5 5.92956e-16
0 11 6 1.29352e-15
0 11 7 2.71113e-15
0 11 8 5.45954e-15
0 11 9 1.05631e-14
0 11 10 1.9636e-14
0 11 11 3.50706e-14
0 11 12 6.01815e-14
0 11 13 9.92225e-14
0 11 14 1.57176e-13
0 11 15 2.39215e-13
0 11 16 3.49801e-13
0 11 17 4.91452e-13
0 11 18 6.63391e-13
0 11 19 8.60372e-13
0 11 20 1.07209e-12
0 11 21 1.28352e-12
0 11 22 1.4764e-12
0 11 23 1.63168e-12
0 11 24 1.73258e-12
0 11 25 1.76758e-12
0 11 26 1.73258e-12
0 11 27 1.63168e-12
0 11 28 1.4764e-12
0 11 29 1.28352e-12
0 11 30 1.07209e-12
0 11 31 8.60372e-13
0 11 32 6.63391e-13
0 11 33 4.91452e-13
0 11 34 3.49801e-13
0 11 35 2.39215e-13
0 11 36 1.57176e-13
0 11 37 9.92225e-14
0 11 38 6.01815e-14
0 11 39 3.50706e-14
0 11 40 1.9636e-14
0 11 41 1.05631e-14
0 11 42 5.45954e-15
0 11 43 2.71113e-15
0 11 44 1.29352e-15
0 11 45 5.92956e-16
0 11 46 2.61156e-16
0 11 47 1.10512e-16
0 11 48 4.49306e-17
0 11 49 4.19565e-22
0 12 0 2.70215e-22
0 12 1 3.01179e-17
0 12 2 7.71013e-17
0 12 3 1.89638e-16
0 12 4 4.48146e-16
0 12 5 1.01752e-15
0 12 6 2.21968e-15
0 12 7 4.65231e-15
0 12 8 9.36861e-15
0 12 9 1.81263e-14
0 12 10 3.36955e-14
0 12 11 6.01815e-14
0 12 12 1.03272e-13
0 12 13 1.70266e-13
0 12 14 2.69715e-13
0 12 15 4.10495e-13
0 12 16 6.00261e-13
0 12 17 8.43335e-13
0 12 18 1.13838e-12
0 12 19 1.4764e-12
0 12 20 1.83971e-12
0 12 21 2.20254e-12
0 12 22 2.53352e-12
0 12 23 2.79997e-12
0 12 24 2.97311e-12
0 12 25 3.03317e-12
0 12 26 2.97311e-12
0 12 27 2.79997e-12
0 12 28 2.53352e-12
0 12 29 2.20254e-12
0 12 30 1.83971e-12
0 12 31 1.4764e-12
0 12 32 1.13838e-12
0 12 33 8.43335e-13
0 12 34 6.00261e-13
0 12 35 4.10495e-13
0 12 36 2.69715e-13
0 12 37 1.70266e-13
0 12 38 1.03272e-13
0 12 39 6.01815e-14
0 12 40 3.36955e-14
0 12 41 1.81263e-14
0 12 42 9.36861e-15
0 12 43 4.65231e-15
0 12 44 2.21968e-15
0 12 45 1.01752e-15
0 12 46 4.48146e-16
0 12 47 1.89638e-16
0 12 48 7.71013e-17
0 12 49 7.19976e-22
0 13 0 4.45509e-22
0 13 1 4.9656e-17
0 13 2 1.27118e-16
0 13 3 3.12661e-16
0 13 4 7.38868e-16
0 13 5 1.6776e-15
0 13 6 3.65964e-15
0 13 7 7.67037e-15
0 13 8 1.54462e-14
0 13 9 2.98852e-14
0 13 10 5.55545e-14
0 13 11 9.92225e-14
0 13 12 1.70266e-13
0 13 13 2.80722e-13
0 13 14 4.44684e-13
0 13 15 6.76792e-13
0 13 16 9.89663e-13
0 13 17 1.39042e-12
0 13 18 1.87688e-12
0 13 19 2.43418e-12
0 13 20 3.03317e-12
0 13 21 3.63137e-12
0 13 22 4.17707e-12
0 13 23 4.61637e-12
0 13 24 4.90183e-12
0 13 25 5.00086e-12
0 13 26 4.90183e-12
0 13 27 4.61637e-12
0 13 28 4.17707e-12
0 13 29 3.63137e-12
0 13 30 3.03317e-12
0 13 31 2.43418e-12
0 13 32 1.87688e-12
0 13 33 1.39042e-12
0 13 34 9.89663e-13
0 13 35 6.76792e-13
0 13 36 4.44684e-13
0 13 37 2.80722e-13
0 13 38 1.70266e-13
0 13 39 9.92225e-14
0 13 40 5.55545e-14
0 13 41 2.98852e-14
0 13 42 1.54462e-14
0 13 43 7.67037e-15
0 13 44 3.65964e-15
0 13 45 1.6776e-15
0 13 46 7.38868e-16
0 13 47 3.12661e-16
0 13 48 1.27118e-16
0 13 49 1.18704e-21
0 14 0 7.0572e-22
0 14 1 7.86588e-17
0 14 2 2.01365e-16
0 14 3 4.95278e-16
0 14 4 1.17042e-15
0 14 5 2.65744e-15
0 14 6 5.79714e-15
0 14 7 1.21504e-14
0 14 8 2.4468e-14
0 14 9 4.73404e-14
0 14 10 8.80024e-14
0 14 11 1.57176e-13
0 14 12 2.69715e-13
0 14 13 4.44684e-13
0 14 14 7.04413e-13
0 14 15 1.07209e-12
0 14 16 1.5677e-12
0 14 17 2.20254e-12
0 14 18 2.97311e-12
0 14 19 3.85592e-12
0 14 20 4.80477e-12
0 14 21 5.75235e-12
0 14 22 6.61678e-12
0 14 23 7.31267e-12
0 14 24 7.76486e-12
0 14 25 7.92173e-12
0 14 26 7.76486e-12
0 14 27 7.31267e-12
0 14 28 6.61678e-12
0 14 29 5.75235e-12
0 14 30 4.80477e-12
0 14 31 3.85592e-12
0 14 32 2.97311e-12
0 14 33 2.20254e-12
0 14 34 1.5677e-12
0 14 35 1.07209e-12
0 14 36 7.04413e-13
0 14 37 4.44684e-13
0 14 38 2.69715e-13
0 14 39 1.57176e-13
0 14 40 8.80024e-14
0 14 41 4.73404e-14
0 14 42 2.4468e-14
0 14 43 1.21504e-14
0 14 44 5.79714e-15
0 14 45 2.65744e-15
0 14 46 1.17042e-15
0 14 47 4.95278e-16
0 14 48 2.01365e-16
0 14 49 1.88036e-21
0 15 0 1.07408e-21
0 15 1 1.19716e-16
0 15 2 3.0647e-16
0 15 3 7.53794e-16
0 15 4 1.78134e-15
0 15 5 4.04453e-15
0 15 6 8.82302e-15
0 15 7 1.84925e-14
0 15 8 3.72393e-14
0 15 9 7.20503e-14
0 15 10 1.33936e-13
0 15 11 2.39215e-13
0 15 12 4.10495e-13
0 15 13 6.76792e-13
0 15 14 1.07209e-12
0 15 15 1.63168e-12
0 15 16 2.38598e-12
0 15 17 3.35217e-12
0 15 18 4.52496e-12
0 15 19 5.86856e-12
0 15 20 7.31267e-12
0 15 21 8.75486e-12
0 15 22 1.00705e-11
0 15 23 1.11296e-11
0 15 24 1.18178e-11
0 15 25 1.20566e-11
0 15 26 1.18178e-11
0 15 27 1.11296e-11
0 15 28 1.00705e-11
0 15 29 8.75486e-12
0 15 30 7.31267e-12
0 15 31 5.86856e-12
0 15 32 4.52496e-12
0 15 33 3.35217e-12
0 15 34 2.38598e-12
0 15 35 1.63168e-12
0 15 36 1.07209e-12
0 15 37 6.76792e-13
0 15 38 4.10495e-13
0 15 39 2.39215e-13
0 15 40 1.33936e-13
0 15 41 7.20503e-14
0 15 42 3.72393e-14
0 15 43 1.84925e-14
0 15 44 8.82302e-15
0 15 45 4.04453e-15
0 15 46 1.78134e-15
0 15 47 7.53794e-16
0 15 48 3.0647e-16
0 15 49 2.86183e-21
0 16 0 1.57061e-21
0 16 1 1.75058e-16
0 16 2 4.48146e-16
0 16 3 1.10226e-15
0 16 4 2.60482e-15
0 16 5 5.91425e-15
0 16 6 1.29018e-14
0 16 7 2.70413e-14
0 16 8 5.44544e-14
0 16 9 1.05358e-13
0 16 10 1.95853e-13
0 16 11 3.49801e-13
0 16 12 6.00261e-13
0 16 13 9.89663e-13
0 16 14 1.5677e-12
0 16 15 2.38598e-12
0 16 16 3.48898e-12
0 16 17 4.90183e-12
0 16 18 6.61678e-12
0 16 19 8.5815e-12
0 16 20 1.06932e-11
0 16 21 1.28021e-11
0 16 22 1.47259e-11
0 16 23 1.62747e-11
0 16 24 1.7281e-11
0 16 25 1.76301e-11
0 16 26 1.7281e-11
0 16 27 1.62747e-11
0 16 28 1.47259e-11
0 16 29 1.28021e-11
0 16 30 1.06932e-11
0 16 31 8.5815e-12
0 16 32 6.61678e-12
0 16 33 4.90183e-12
0 16 34 3.48898e-12
0 16 35 2.38598e-12
0 16 36 1.5677e-12
0 16 37 9.89663e-13
0 16 38 6.00261e-13
0 16 39 3.49801e-13
0 16 40 1.95853e-13
0 16 41 1.05358e-13
0 16 42 5.44544e-14
0 16 43 2.70413e-14
0 16 44 1.29018e-14
0 16 45 5.91425e-15
0 16 46 2.60482e-15
0 16 47 1.10226e-15
0 16 48 4.48146e-16
0 16 49 4.18482e-21
0 17 0 2.20662e-21
0 17 1 2.45948e-16
0 17 2 6.29622e-16
0 17 3 1.54862e-15
0 17 4 3.65964e-15
0 17 5 8.30921e-15
0 17 6 1.81263e-14
0 17 7 3.79916e-14
0 17 8 7.65056e-14
0 17 9 1.48023e-13
0 17 10 2.75163e-13
0 17 11 4.91452e-13
0 17 12 8.43335e-13
0 17 13 1.39042e-12
0 17 14 2.20254e-12
0 17 15 3.35217e-12
0 17 16 4.90183e-12
0 17 17 6.88682e-12
0 17 18 9.29623e-12
0 17 19 1.20566e-11
0 17 20 1.50234e-11
0 17 21 1.79863e-11
0 17 22 2.06891e-11
0 17 23 2.2865e-11
0 17 24 2.42789e-11
0 17 25 2.47694e-11
0 17 26 2.42789e-11
0 17 27 2.2865e-11
0 17 28 2.06891e-11
0 17 29 1.79863e-11
0 17 30 1.50234e-11
0 17 31 1.20566e-11
0 17 32 9.29623e-12
0 17 33 6.88682e-12
0 17 34 4.90183e-12
0 17 35 3.35217e-12
0 17 36 2.20254e-12
0 17 37 1.39042e-12
0 17 38 8.43335e-13
0 17 39 4.91452e-13
0 17 40 2.75163e-13
0 17 41 1.48023e-13
0 17 42 7.65056e-14
0 17 43 3.79916e-14
0 17 44 1.81263e-14
0 17 45 8.30921e-15
0 17 46 3.65964e-15
0 17 47 1.54862e-15
0 17 48 6.29622e-16
0 17 49 5.87945e-21
0 18 0 2.97863e-21
0 18 1 3.31995e-16
0 18 2 8.49901e-16
0 18 3 2.09042e-15
0 18 4 4.93999e-15
0 18 5 1.12163e-14
0 18 6 2.4468e-14
0 18 7 5.12833e-14
0 18 8 1.03272e-13
0 18 9 1.99809e-13
0 18 10 3.71431e-13
0 18 11 6.63391e-13
0 18 12 1.13838e-12
0 18 13 1.87688e-12
0 18 14 2.97311e-12
0 18 15 4.52496e-12
0 18 16 6.61678e-12
0 18 17 9.29623e-12
0 18 18 1.25486e-11
0 18 19 1.62747e-11
0 18 20 2.02795e-11
0 18 21 2.42789e-11
0 18 22 2.79274e-11
0 18 23 3.08646e-11
0 18 24 3.27731e-11
0 18 25 3.34352e-11
0 18 26 3.27731e-11
0 18 27 3.08646e-11
0 18 28 2.79274e-11
0 18 29 2.42789e-11
0 18 30 2.02795e-11
0 18 31 1.62747e-11
0 18 32 1.25486e-11
0 18 33 9.29623e-12
0 18 34 6.61678e-12
0 18 35 4.52496e-12
0 18 36 2.97311e-12
0 18 37 1.87688e-12
0 18 38 1.13838e-12
0 18 39 6.63391e-13
0 18 40 3.71431e-13
0 18 41 1.99809e-13
0 18 42 1.03272e-13
0 18 43 5.12833e-14
0 18 44 2.4468e-14
0 18 45 1.12163e-14
0 18 46 4.93999e-15
0 18 47 2.09042e-15
0 18 48 8.49901e-16
0 18 49 7.93642e-21
0 19 0 3.86307e-21
0 19 1 4.30574e-16
0 19 2 1.10226e-15
0 19 3 2.71113e-15
0 19 4 6.40683e-15
0 19 5 1.45467e-14
0 19 6 3.17332e-14
0 19 7 6.65108e-14
0 19 8 1.33936e-13
0 19 9 2.59139e-13
0 19 10 4.81721e-13
0 19 11 8.60372e-13
0 19 12 1.4764e-12
0 19 13 2.43418e-12
0 19 14 3.85592e-12
0 19 15 5.86856e-12
0 19 16 8.5815e-12
0 19 17 1.20566e-11
0 19 18 1.62747e-11
0 19 19 2.11071e-11
0 19 20 2.63011e-11
0 19 21 3.14881e-11
0 19 22 3.62199e-11
0 19 23 4.00292e-11
0 19 24 4.25045e-11
0 19 25 4.33631e-11
0 19 26 4.25045e-11
0 19 27 4.00292e-11
0 19 28 3.62199e-11
0 19 29 3.14881e-11
0 19 30 2.63011e-11
0 19 31 2.11071e-11
0 19 32 1.62747e-11
0 19 33 1.20566e-11
0 19 34 8.5815e-12
0 19 35 5.86856e-12
0 19 36 3.85592e-12
0 19 37 2.43418e-12
0 19 38 1.4764e-12
0 19 39 8.60372e-13
0 19 40 4.81721e-13
0 19 41 2.59139e-13
0 19 42 1.33936e-13
0 19 43 6.65108e-14
0 19 44 3.17332e-14
0 19 45 1.45467e-14
0 19 46 6.40683e-15
0 19 47 2.71113e-15
0 19 48 1.10226e-15
0 19 49 1.0293e-20
0 20 0 4.81368e-21
0 20 1 5.36528e-16
0 20 2 1.3735e-15
0 20 3 3.37827e-15
0 20 4 7.9834e-15
0 20 5 1.81263e-14
0 20 6 3.9542e-14
0 20 7 8.28776e-14
0 20 8 1.66895e-13
0 20 9 3.22907e-13
0 20 10 6.00261e-13
0 20 11 1.07209e-12
0 20 12 1.83971e-12
0 20 13 3.03317e-12
0 20 14 4.80477e-12
0 20 15 7.31267e-12
0 20 16 1.06932e-11
0 20 17 1.50234e-11
0 20 18 2.02795e-11
0 20 19 2.63011e-11
0 20 20 3.27731e-11
0 20 21 3.92366e-11
0 20 22 4.51328e-11
0 20 23 4.98794e-11
0 20 24 5.29638e-11
0 20 25 5.40338e-11
0 20 26 5.29638e-11
0 20 27 4.98794e-11
0 20 28 4.51328e-11
0 20 29 3.92366e-11
0 20 30 3.27731e-11
0 20 31 2.63011e-11
0 20 32 2.02795e-11
0 20 33 1.50234e-11
0 20 34 1.06932e-11
0 20 35 7.31267e-12
0 20 36 4.80477e-12
0 20 37 3.03317e-12
0 20 38 1.83971e-12
0 20 39 1.07209e-12
0 20 40 6.00261e-13
0 20 41 3.22907e-13
0 20 42 1.66895e-13
0 20 43 8.28776e-14
0 20 44 3.9542e-14
0 20 45 1.81263e-14
0 20 46 7.9834e-15
0 20 47 3.37827e-15
0 20 48 1.3735e-15
0 20 49 1.28259e-20
0 21 0 5.76303e-21
0 21 1 6.42341e-16
0 21 2 1.64438e-15
0 21 3 4.04453e-15
0 21 4 9.55786e-15
0 21 5 2.17011e-14
0 21 6 4.73404e-14
0 21 7 9.92225e-14
0 21 8 1.99809e-13
0 21 9 3.8659e-13
0 21 10 7.18643e-13
0 21 11 1.28352e-12
0 21 12 2.20254e-12
0 21 13 3.63137e-12
0 21 14 5.75235e-12
0 21 15 8.75486e-12
0 21 16 1.28021e-11
0 21 17 1.79863e-11
0 21 18 2.42789e-11
0 21 19 3.14881e-11
0 21 20 3.92366e-11
0 21 21 4.69747e-11
0 21 22 5.40338e-11
0 21 23 5.97165e-11
0 21 24 6.34092e-11
0 21 25 6.46902e-11
0 21 26 6.34092e-11
0 21 27 5.97165e-11
0 21 28 5.40338e-11
0 21 29 4.69747e-11
0 21 30 3.92366e-11
0 21 31 3.14881e-11
0 21 32 2.42789e-11
0 21 33 1.79863e-11
0 21 34 1.28021e-11
0 21 35 8.75486e-12
0 21 36 5.75235e-12
0 21 37 3.63137e-12
0 21 38 2.20254e-12
0 21 39 1.28352e-12
0 21 40 7.18643e-13
0 21 41 3.8659e-13
0 21 42 1.99809e-13
0 21 43 9.92225e-14
0 21 44 4.73404e-14
0 21 45 2.17011e-14
0 21 46 9.55786e-15
0 21 47 4.04453e-15
0 21 48 1.64438e-15
0 21 49 1.53553e-20
0 22 0 6.62906e-21
0 22 1 7.38868e-16
0 22 2 1.89149e-15
0 22 3 4.65231e-15
0 22 4 1.09942e-14
0 22 5 2.49622e-14
0 22 6 5.44544e-14
0 22 7 1.14133e-13
0 22 8 2.29836e-13
0 22 9 4.44684e-13
0 22 10 8.26636e-13
0 22 11 1.4764e-12
0 22 12 2.53352e-12
0 22 13 4.17707e-12
0 22 14 6.61678e-12
0 22 15 1.00705e-11
0 22 16 1.47259e-11
0 22 17 2.06891e-11
0 22 18 2.79274e-11
0 22 19 3.62199e-11
0 22 20 4.51328e-11
0 22 21 5.40338e-11
0 22 22 6.21536e-11
0 22 23 6.86904e-11
0 22 24 7.29379e-11
0 22 25 7.44114e-11
0 22 26 7.29379e-11
0 22 27 6.86904e-11
0 22 28 6.21536e-11
0 22 29 5.40338e-11
0 22 30 4.51328e-11
0 22 31 3.62199e-11
0 22 32 2.79274e-11
0 22 33 2.06891e-11
0 22 34 1.47259e-11
0 22 35 1.00705e-11
0 22 36 6.61678e-12
0 22 37 4.17707e-12
0 22 38 2.53352e-12
0 22 39 1.4764e-12
0 22 40 8.26636e-13
0 22 41 4.44684e-13
0 22 42 2.29836e-13
0 22 43 1.14133e-13
0 22 44 5.44544e-14
0 22 45 2.49622e-14
0 22 46 1.09942e-14
0 22 47 4.65231e-15
0 22 48 1.89149e-15
0 22 49 1.76628e-20
0 23 0 7.32624e-21
0 23 1 8.16576e-16
0 23 2 2.09042e-15
0 23 3 5.1416e-15
0 23 4 1.21504e-14
0 23 5 2.75875e-14
0 23 6 6.01815e-14
0 23 7 1.26136e-13
0 23 8 2.54008e-13
0 23 9 4.91452e-13
0 23 10 9.13574e-13
0 23 11 1.63168e-12
0 23 12 2.79997e-12
0 23 13 4.61637e-12
0 23 14 7.31267e-12
0 23 15 1.11296e-11
0 23 16 1.62747e-11
0 23 17 2.2865e-11
0 23 18 3.08646e-11
0 23 19 4.00292e-11
0 23 20 4.98794e-11
0 23 21 5.97165e-11
0 23 22 6.86904e-11
0 23 23 7.59146e-11
0 23 24 8.06089e-11
0 23 25 8.22373e-11
0 23 26 8.06089e-11
0 23 27 7.59146e-11
0 23 28 6.86904e-11
0 23 29 5.97165e-11
0 23 30 4.98794e-11
0 23 31 4.00292e-11
0 23 32 3.08646e-11
0 23 33 2.2865e-11
0 23 34 1.62747e-11
0 23 35 1.11296e-11
0 23 36 7.31267e-12
0 23 37 4.61637e-12
0 23 38 2.79997e-12
0 23 39 1.63168e-12
0 23 40 9.13574e-13
0 23 41 4.91452e-13
0 23 42 2.54008e-13
0 23 43 1.26136e-13
0 23 44 6.01815e-14
0 23 45 2.75875e-14
0 23 46 1.21504e-14
0 23 47 5.1416e-15
0 23 48 2.09042e-15
0 23 49 1.95205e-20
0 24 0 7.77927e-21
0 24 1 8.6707e-16
0 24 2 2.21968e-15
0 24 3 5.45954e-15
0 24 4 1.29018e-14
0 24 5 2.92935e-14
0 24 6 6.39029e-14
0 24 7 1.33936e-13
0 24 8 2.69715e-13
0 24 9 5.21842e-13
0 24 10 9.70066e-13
0 24 11 1.73258e-12
0 24 12 2.97311e-12
0 24 13 4.90183e-12
0 24 14 7.76486e-12
0 24 15 1.18178e-11
0 24 16 1.7281e-11
0 24 17 2.42789e-11
0 24 18 3.27731e-11
0 24 19 4.25045e-11
0 24 20 5.29638e-11
0 24 21 6.34092e-11
0 24 22 7.29379e-11
0 24 23 8.06089e-11
0 24 24 8.55935e-11
0 24 25 8.73226e-11
0 24 26 8.55935e-11
0 24 27 8.06089e-11
0 24 28 7.29379e-11
0 24 29 6.34092e-11
0 24 30 5.29638e-11
0 24 31 4.25045e-11
0 24 32 3.27731e-11
0 24 33 2.42789e-11
0 24 34 1.7281e-11
0 24 35 1.18178e-11
0 24 36 7.76486e-12
0 24 37 4.90183e-12
0 24 38 2.97311e-12
0 24 39 1.73258e-12
0 24 40 9.70066e-13
0 24 41 5.21842e-13
0 24 42 2.69715e-13
0 24 43 1.33936e-13
0 24 44 6.39029e-14
0 24 45 2.92935e-14
0 24 46 1.29018e-14
0 24 47 5.45954e-15
0 24 48 2.21968e-15
0 24 49 2.07275e-20
0 25 0 7.93642e-21
0 25 1 8.84586e-16
0 25 2 2.26452e-15
0 25 3 5.56983e-15
0 25 4 1.31624e-14
0 25 5 2.98852e-14
0 25 6 6.51938e-14
0 25 7 1.36642e-13
0 25 8 2.75163e-13
0 25 9 5.32384e-13
0 25 10 9.89663e-13
0 25 11 1.76758e-12
0 25 12 3.03317e-12
0 25 13 5.00086e-12
0 25 14 7.92173e-12
0 25 15 1.20566e-11
0 25 16 1.76301e-11
0 25 17 2.47694e-11
0 25 18 3.34352e-11
0 25 19 4.33631e-11
0 25 20 5.40338e-11
0 25 21 6.46902e-11
0 25 22 7.44114e-11
0 25 23 8.22373e-11
0 25 24 8.73226e-11
0 25 25 8.90866e-11
0 25 26 8.73226e-11
0 25 27 8.22373e-11
0 25 28 7.44114e-11
0 25 29 6.46902e-11
0 25 30 5.40338e-11
0 25 31 4.33631e-11
0 25 32 3.34352e-11
0 25 33 2.47694e-11
0 25 34 1.76301e-11
0 25 35 1.20566e-11
0 25 36 7.92173e-12
0 25 37 5.00086e-12
0 25 38 3.03317e-12
0 25 39 1.76758e-12
0 25 40 9.89663e-13
0 25 41 5.32384e-13
0 25 42 2.75163e-13
0 25 43 1.36642e-13
0 25 44 6.51938e-14
0 25 45 2.98852e-14
0 25 46 1.31624e-14
0 25 47 5.56983e-15
0 25 48 2.26452e-15
0 25 49 2.11463e-20
0 26 0 7.77927e-21
0 26 1 8.6707e-16
0 26 2 2.21968e-15
0 26 3 5.45954e-15
0 26 4 1.29018e-14
0 26 5 2.92935e-14
0 26 6 6.39029e-14
0 26 7 1.33936e-13
0 26 8 2.69715e-13
0 26 9 5.21842e-13
0 26 10 9.70066e-13
0 26 11 1.73258e-12
0 26 12 2.97311e-12
0 26 13 4.90183e-12
0 26 14 7.76486e-12
0 26 15 1.18178e-11
0 26 16 1.7281e-11
0 26 17 2.42789e-11
0 26 18 3.27731e-11
0 26 19 4.25045e-11
0 26 20 5.29638e-11
0 26 21 6.34092e-11
0 26 22 7.29379e-11
0 26 23 8.06089e-11
0 26 24 8.55935e-11
0 26 25 8.73226e-11
0 26 26 8.55935e-11
0 26 27 8.06089e-11
0 26 28 7.29379e-11
0 26 29 6.34092e-11
0 26 30 5.29638e-11
0 26 31 4.25045e-11
0 26 32 3.27731e-11
0 26 33 2.42789e-11
0 26 34 1.7281e-11
0 26 35 1.18178e-11
0 26 36 7.76486e-12
0 26 37 4.90183e-12
0 26 38 2.97311e-12
0 26 39 1.73258e-12
0 26 40 9.70066e-13
0 26 41 5.21842e-13
0 26 42 2.69715e-13
0 26 43 1.33936e-13
0 26 44 6.39029e-14
0 26 45 2.92935e-14
0 26 46 1.29018e-14
0 26 47 5.45954e-15
0 26 48 2.21968e-15
0 26 49 2.07275e-20
0 27 0 7.32624e-21
0 27 1 8.16576e-16
0 27 2 2.09042e-15
0 27 3 5.1416e-15
0 27 4 1.21504e-14
0 27 5 2.75875e-14
0 27 6 6.01815e-14
0 27 7 1.26136e-13
0 27 8 2.54008e-13
0 27 9 4.91452e-13
0 27 10 9.13574e-13
0 27 11 1.63168e-12
0 27 12 2.79997e-12
0 27 13 4.61637e-12
0 27 14 7.31267e-12
0 27 15 1.11296e-11
0 27 16 1.62747e-11
0 27 17 2.2865e-11
0 27 18 3.08646e-11
0 27 19 4.00292e-11
0 27 20 4.98794e-11
0 27 21 5.97165e-11
0 27 22 6.86904e-11
0 27 23 7.59146e-11
0 27 24 8.06089e-11
0 27 25 8.22373e-11
0 27 26 8.06089e-11
0 27 27 7.59146e-11
0 27 28 6.86904e-11
0 27 29 5.97165e-11
0 27 30 4.98794e-11
0 27 31 4.00292e-11
0 27 32 3.08646e-11
0 27 33 2.2865e-11
0 27 34 1.62747e-11
0 27 35 1.11296e-11
0 27 36 7.31267e-12
0 27 37 4.61637e-12
0 27 38 2.79997e-12
0 27 39 1.63168e-12
0 27 40 9.13574e-13
0 27 41 4.91452e-13
0 27 42 2.54008e-13
0 27 43 1.26136e-13
0 27 44 6.01815e-14
0 27 45 2.75875e-14
0 27 46 1.21504e-14
0 27 47 5.1416e-15
0 27 48 2.09042e-15
0 27 49 1.95205e-20
0 28 0 6.62906e-21
0 28 1 7.38868e-16
0 28 2 1.89149e-15
0 28 3 4.65231e-15
0 28 4 1.09942e-14
0 28 5 2.49622e-14
0 28 6 5.44544e-14
0 28 7 1.14133e-13
0 28 8 2.29836e-13
0 28 9 4.44684e-13
0 28 10 8.26636e-13
0 28 11 1.4764e-12
0 28 12 2.53352e-12
0 28 13 4.17707e-12
0 28 14 6.61678e-12
0 28 15 1.00705e-11
0 28 16 1.47259e-11
0 28 17 2.06891e-11
0 28 18 2.79274e-11
0 28 19 3.62199e-11
0 28 20 4.51328e-11
0 28 21 5.40338e-11
0 28 22 6.21536e-11
0 28 23 6.86904e-11
0 28 24 7.29379e-11
0 28 25 7.44114e-11
0 28 26 7.29379e-11
0 28 27 6.86904e-11
0 28 28 6.21536e-11
0 28 29 5.40338e-11
0 28 30 4.51328e-11
0 28 31 3.62199e-11
0 28 32 2.79274e-11
0 28 33 2.06891e-11
0 28 34 1.47259e-11
0 28 35 1.00705e-11
0 28 36 6.61678e-12
0 28 37 4.17707e-12
0 28 38 2.53352e-12
0 28 39 1.4764e-12
0 28 40 8.26636e-13
0 28 41 4.44684e-13
0 28 42 2.29836e-13
0 28 43 1.14133e-13
0 28 44 5.44544e-14
0 28 45 2.49622e-14
0 28 46 1.09942e-14
0 28 47 4.65231e-15
0 28 48 1.89149e-15
0 28 49 1.76628e-20
0 29 0 5.76303e-21
0 29 1 6.42341e-16
0 29 2 1.64438e-15
0 29 3 4.04453e-15
0 29 4 9.55786e-15
0 29 5 2.17011e-14
0 29 6 4.73404e-14
0 29 7 9.92225e-14
0 29 8 1.99809e-13
0 29 9 3.8659e-13
0 29 10 7.18643e-13
0 29 11 1.28352e-12
0 29 12 2.20254e-12
0 29 13 3.63137e-12
0 29 14 5.75235e-12
0 29 15 8.75486e-12
0 29 16 1.28021e-11
0 29 17 1.79863e-11
0 29 18 2.42789e-11
0 29 19 3.14881e-11
0 29 20 3.92366e-11
0 29 21 4.69747e-11
0 29 22 5.40338e-11
0 29 23 5.97165e-11
0 29 24 6.34092e-11
0 29 25 6.46902e-11
0 29 26 6.34092e-11
0 29 27 5.97165e-11
0 29 28 5.40338e-11
0 29 29 4.69747e-11
0 29 30 3.92366e-11
0 29 31 3.14881e-11
0 29 32 2.42789e-11
0 29 33 1.79863e-11
0 29 34 1.28021e-11
0 29 35 8.75486e-12
0 29 36 5.75235e-12
0 29 37 3.63137e-12
0 29 38 2.20254e-12
0 29 39 1.28352e-12
0 29 40 7.18643e-13
0 29 41 3.8659e-13
0 29 42 1.99809e-13
0 29 43 9.92225e-14
0 29 44 4.73404e-14
0 29 45 2.17011e-14
0 29 46 9.55786e-15
0 29 47 4.04453e-15
0 29 48 1.64438e-15
0 29 49 1.53553e-20
0 30 0 4.81368e-21
0 30 1 5.36528e-16
0 30 2 1.3735e-15
0 30 3 3.37827e-15
0 30 4 7.9834e-15
0 30 5 1.81263e-14
0 30 6 3.9542e-14
0 30 7 8.28776e-14
0 30 8 1.66895e-13
0 30 9 3.22907e-13
0 30 10 6.00261e-13
0 30 11 1.07209e-12
0 30 12 1.83971e-12
0 30 13 3.03317e-12
0 30 14 4.80477e-12
0 30 15 7.31267e-12
0 30 16 1.06932e-11
0 30 17 1.50234e-11
0 30 18 2.02795e-11
0 30 19 2.63011e-11
0 30 20 3.27731e-11
0 30 21 3.92366e-11
0 30 22 4.51328e-11
0 30 23 4.98794e-11
0 30 24 5.29638e-11
0 30 25 5.40338e-11
0 30 26 5.29638e-11
0 30 27 4.98794e-11
0 30 28 4.51328e-11
0 30 29 3.92366e-11
0 30 30 3.27731e-11
0 30 31 2.63011e-11
0 30 32 2.02795e-11
0 30 33 1.50234e-11
0 30 34 1.06932e-11
0 30 35 7.31267e-12
0 30 36 4.80477e-12
0 30 37 3.03317e-12
0 30 38 1.83971e-12
0 30 39 1.07209e-12
0 30 40 6.00261e-13
0 30 41 3.22907e-13
0 30 42 1.66895e-13
0 30 43 8.28776e-14
0 30 44 3.9542e-14
0 30 45 1.81263e-14
0 30 46 7.9834e-15
0 30 47 3.37827e-15
0 30 48 1.3735e-15
0 30 49 1.28259e-20
0 31 0 3.86307e-21
0 31 1 4.30574e-16
0 31 2 1.10226e-15
0 31 3 2.71113e-15
0 31 4 6.40683e-15
0 31 5 1.45467e-14
0 31 6 3.17332e-14
0 31 7 6.65108e-14
0 31 8 1.33936e-13
0 31 9 2.59139e-13
0 31 10 4.81721e-13
0 31 11 8.60372e-13
0 31 12 1.4764e-12
0 31 13 2.43418e-12
0 31 14 3.85592e-12
0 31 15 5.86856e-12
0 31 16 8.5815e-12
0 31 17 1.20566e-11
0 31 18 1.62747e-11
0 31 19 2.11071e-11
0 31 20 2.63011e-11
0 31 21 3.14881e-11
0 31 22 3.62199e-11
0 31 23 4.00292e-11
0 31 24 4.25045e-11
0 31 25 4.33631e-11
0 31 26 4.25045e-11
0 31 27 4.00292e-11
0 31 28 3.62199e-11
0 31 29 3.14881e-11
0 31 30 2.63011e-11
0 31 31 2.11071e-11
0 31 32 1.62747e-11
0 31 33 1.20566e-11
0 31 34 8.5815e-12
0 31 35 5.86856e-12
0 31 36 3.85592e-12
0 31 37 2.43418e-12
0 31 38 1.4764e-12
0 31 39 8.60372e-13
0 31 40 4.81721e-13
0 31 41 2.59139e-13
0 31 42 1.33936e-13
0 31 43 6.65108e-14
0 31 44 3.17332e-14
0 31 45 1.45467e-14
0 31 46 6.40683e-15
0 31 47 2.71113e-15
0 31 48 1.10226e-15
0 31 49 1.0293e-20
0 32 0 2.97863e-21
0 32 1 3.31995e-16
0 32 2 8.49901e-16
0 32 3 2.09042e-15
0 32 4 4.93999e-15
0 32 5 1.12163e-14
0 32 6 2.4468e-14
0 32 7 5.12833e-14
0 32 8 1.03272e-13
0 32 9 1.99809e-13
0 32 10 3.71431e-13
0 32 11 6.63391e-13
0 32 12 1.13838e-12
0 32 13 1.87688e-12
0 32 14 2.97311e-12
0 32 15 4.52496e-12
0 32 16 6.61678e-12
0 32 17 9.29623e-12
0 32 18 1.25486e-11
0 32 19 1.62747e-11
0 32 20 2.02795e-11
0 32 21 2.42789e-11
0 32 22 2.79274e-11
0 32 23 3.08646e-11
0 32 24 3.27731e-11
0 32 25 3.34352e-11
0 32 26 3.27731e-11
0 32 27 3.08646e-11
0 32 28 2.79274e-11
0 32 29 2.42789e-11
0 32 30 2.02795e-11
0 32 31 1.62747e-11
0 32 32 1.25486e-11
0 32 33 9.29623e-12
0 32 34 6.61678e-12
0 32 35 4.52496e-12
0 32 36 2.97311e-12
0 32 37 1.87688e-12
0 32 38 1.13838e-12
0 32 39 6.63391e-13
0 32 40 3.71431e-13
0 32 41 1.99809e-13
0 32 42 1.03272e-13
0 32 43 5.12833e-14
0 32 44 2.4468e-14
0 32 45 1.12163e-14
0 32 46 4.93999e-15
0 32 47 2.09042e-15
0 32 48 8.49901e-16
0 32 49 7.93642e-21
0 33 0 2.20662e-21
0 33 1 2.45948e-16
0 33 2 6.29622e-16
0 33 3 1.54862e-15
0 33 4 3.65964e-15
0 33 5 8.30921e-15
0 33 6 1.81263e-14
0 33 7 3.79916e-14
0 33 8 7.65056e-14
0 33 9 1.48023e-13
0 33 10 2.75163e-13
0 33 11 4.91452e-13
0 33 12 8.43335e-13
0 33 13 1.39042e-12
0 33 14 2.20254e-12
0 33 15 3.35217e-12
0 33 16 4.90183e-12
0 33 17 6.88682e-12
0 33 18 9.29623e-12
0 33 19 1.20566e-11
0 33 20 1.50234e-11
0 33 21 1.79863e-11
0 33 22 2.06891e-11
0 33 23 2.2865e-11
0 33 24 2.42789e-11
0 33 25 2.47694e-11
0 33 26 2.42789e-11
0 33 27 2.2865e-11
0 33 28 2.06891e-11
0 33 29 1.79863e-11
0 33 30 1.50234e-11
0 33 31 1.20566e-11
0 33 32 9.29623e-12
0 33 33 6.88682e-12
0 33 34 4.90183e-12
0 33 35 3.35217e-12
0 33 36 2.20254e-12
0 33 37 1.39042e-12
0 33 38 8.43335e-13
0 33 39 4.91452e-13
0 33 40 2.75163e-13
0 33 41 1.48023e-13
0 33 42 7.65056e-14
0 33 43 3.79916e-14
0 33 44 1.81263e-14
0 33 45 8.30921e-15
0 33 46 3.65964e-15
0 33 47 1.54862e-15
0 33 48 6.29622e-16
0 33 49 5.87945e-21
0 34 0 1.57061e-21
0 34 1 1.75058e-16
0 34 2 4.48146e-16
0 34 3 1.10226e-15
0 34 4 2.60482e-15
0 34 5 5.91425e-15
0 34 6 1.29018e-14
0 34 7 2.70413e-14
0 34 8 5.44544e-14
0 34 9 1.05358e-13
0 34 10 1.95853e-13
0 34 11 3.49801e-13
0 34 12 6.00261e-13
0 34 13 9.89663e-13
0 34 14 1.5677e-12
0 34 15 2.38598e-12
0 34 16 3.48898e-12
0 34 17 4.90183e-12
0 34 18 6.61678e-12
0 34 19 8.5815e-12
0 34 20 1.06932e-11
0 34 21 1.28021e-11
0 34 22 1.47259e-11
0 34 23 1.62747e-11
0 34 24 1.7281e-11
0 34 25 1.76301e-11
0 34 26 1.7281e-11
0 34 27 1.62747e-11
0 34 28 1.47259e-11
0 34 29 1.28021e-11
0 34 30 1.06932e-11
0 34 31 8.5815e-12
0 34 32 6.61678e-12
0 34 33 4.90183e-12
0 34 34 3.48898e-12
0 34 35 2.38598e-12
0 34 36 1.5677e-12
0 34 37 9.89663e-13
0 34 38 6.00261e-13
0 34 39 3.49801e-13
0 34 40 1.95853e-13
0 34 41 1.05358e-13
0 34 42 5.44544e-14
0 34 43 2.70413e-14
0 34 44 1.29018e-14
0 34 45 5.91425e-15
0 34 46 2.60482e-15
0 34 47 1.10226e-15
0 34 48 4.48146e-16
0 34 49 4.18482e-21
0 35 0 1.07408e-21
0 35 1 1.19716e-16
0 35 2 3.0647e-16
0 35 3 7.53794e-16
0 35 4 1.78134e-15
0 35 5 4.04453e-15
0 35 6 8.82302e-15
0 35 7 1.84925e-14
0 35 8 3.72393e-14
0 35 9 7.20503e-14
0 35 10 1.33936e-13
0 35 11 2.39215e-13
0 35 12 4.10495e-13
0 35 13 6.76792e-13
0 35 14 1.07209e-12
0 35 15 1.63168e-12
0 35 16 2.38598e-12
0 35 17 3.35217e-12
0 35 18 4.52496e-12
0 35 19 5.86856e-12
0 35 20 7.31267e-12
0 35 21 8.75486e-12
0 35 22 1.00705e-11
0 35 23 1.11296e-11
0 35 24 1.18178e-11
0 35 25 1.20566e-11
0 35 26 1.18178e-11
0 35 27 1.11296e-11
0 35 28 1.00705e-11
0 35 29 8.75486e-12
0 35 30 7.31267e-12
0 35 31 5.86856e-12
0 35 32 4.52496e-12
0 35 33 3.35217e-12
0 35 34 2.38598e-12
0 35 35 1.63168e-12
0 35 36 1.07209e-12
0 35 37 6.76792e-13
0 35 38 4.10495e-13
0 35 39 2.39215e-13
0 35 40 1.33936e-13
0 35 41 7.20503e-14
0 35 42 3.72393e-14
0 35 43 1.84925e-14
0 35 44 8.82302e-15
0 35 45 4.04453e-15
0 35 46 1.78134e-15
0 35 47 7.53794e-16
0 35 48 3.0647e-16
0 35 49 2.86183e-21
0 36 0 7.0572e-22
0 36 1 7.86588e-17
0 36 2 2.01365e-16
0 36 3 4.95278e-16
0 36 4 1.17042e-15
0 36 5 2.65744e-15
0 36 6 5.79714e-15
0 36 7 1.21504e-14
0 36 8 2.4468e-14
0 36 9 4.73404e-14
0 36 10 8.80024e-14
0 36 11 1.57176e-13
0 36 12 2.69715e-13
0 36 13 4.44684e-13
0 36 14 7.04413e-13
0 36 15 1.07209e-12
0 36 16 1.5677e-12
0 36 17 2.20254e-12
0 36 18 2.97311e-12
0 36 19 3.85592e-12
0 36 20 4.80477e-12
0 36 21 5.75235e-12
0 36 22 6.61678e-12
0 36 23 7.31267e-12
0 36 24 7.76486e-12
0 36 25 7.92173e-12
0 36 26 7.76486e-12
0 36 27 7.31267e-12
0 36 28 6.61678e-12
0 36 29 5.75235e-12
0 36 30 4.80477e-12
0 36 31 3.85592e-12
0 36 32 2.97311e-12
0 36 33 2.20254e-12
0 36 34 1.5677e-12
0 36 35 1.07209e-12
0 36 36 7.04413e-13
0 36 37 4.44684e-13
0 36 38 2.69715e-13
0 36 39 1.57176e-13
0 36 40 8.80024e-14
0 36 41 4.73404e-14
0 36 42 2.4468e-14
0 36 43 1.21504e-14
0 36 44 5.79714e-15
0 36 45 2.65744e-15
0 36 46 1.17042e-15
0 36 47 4.95278e-16
0 36 48 2.01365e-16
0 36 49 1.88036e-21
0 37 0 4.45509e-22
0 37 1 4.9656e-17
0 37 2 1.27118e-16
0 37 3 3.12661e-16
0 37 4 7.38868e-16
0 37 5 1.6776e-15
0 37 6 3.65964e-15
0 37 7 7.67037e-15
0 37 8 1.54462e-14
0 37 9 2.98852e-14
0 37 10 5.55545e-14
0 37 11 9.92225e-14
0 37 12 1.70266e-13
0 37 13 2.80722e-13
0 37 14 4.44684e-13
0 37 15 6.76792e-13
0 37 16 9.89663e-13
0 37 17 1.39042e-12
0 37 18 1.87688e-12
0 37 19 2.43418e-12
0 37 20 3.03317e-12
0 37 21 3.63137e-12
0 37 22 4.17707e-12
0 37 23 4.61637e-12
0 37 24 4.90183e-12
0 37 25 5.00086e-12
0 37 26 4.90183e-12
0 37 27 4.61637e-12
0 37 28 4.17707e-12
0 37 29 3.63137e-12
0 37 30 3.03317e-12
0 37 31 2.43418e-12
0 37 32 1.87688e-12
0 37 33 1.39042e-12
0 37 34 9.89663e-13
0 37 35 6.76792e-13
0 37 36 4.44684e-13
0 37 37 2.80722e-13
0 37 38 1.70266e-13
0 37 39 9.92225e-14
0 37 40 5.55545e-14
0 37 41 2.98852e-14
0 37 42 1.54462e-14
0 37 43 7.67037e-15
0 37 44 3.65964e-15
0 37 45 1.6776e-15
0 37 46 7.38868e-16
0 37 47 3.12661e-16
0 37 48 1.27118e-16
0 37 49 1.18704e-21
0 38 0 2.70215e-22
0 38 1 3.01179e-17
0 38 2 7.71013e-17
0 38 3 1.89638e-16
0 38 4 4.48146e-16
0 38 5 1.01752e-15
0 38 6 2.21968e-15
0 38 7 4.65231e-15
0 38 8 9.36861e-15
0 38 9 1.81263e-14
0 38 10 3.36955e-14
0 38 11 6.01815e-14
0 38 12 1.03272e-13
0 38 13 1.70266e-13
0 38 14 2.69715e-13
0 38 15 4.10495e-13
0 38 16 6.00261e-13
0 38 17 8.43335e-13
0 38 18 1.13838e-12
0 38 19 1.4764e-12
0 38 20 1.83971e-12
0 38 21 2.20254e-12
0 38 22 2.53352e-12
0 38 23 2.79997e-12
0 38 24 2.97311e-12
0 38 25 3.03317e-12
0 38 26 2.97311e-12
0 38 27 2.79997e-12
0 38 28 2.53352e-12
0 38 29 2.20254e-12
0 38 30 1.83971e-12
0 38 31 1.4764e-12
0 38 32 1.13838e-12
0 38 33 8.43335e-13
0 38 34 6.00261e-13
0 38 35 4.10495e-13
0 38 36 2.69715e-13
0 38 37 1.70266e-13
0 38 38 1.03272e-13
0 38 39 6.01815e-14
0 38 40 3.36955e-14
0 38 41 1.81263e-14
0 38 42 9.36861e-15
0 38 43 4.65231e-15
0 38 44 2.21968e-15
0 38 45 1.01752e-15
0 38 46 4.48146e-16
0 38 47 1.89638e-16
0 38 48 7.71013e-17
0 38 49 7.19976e-22
0 39 0 1.57467e-22
0 39 1 1.75512e-17
0 39 2 4.49306e-17
0 39 3 1.10512e-16
0 39 4 2.61156e-16
0 39 5 5.92956e-16
0 39 6 1.29352e-15
0 39 7 2.71113e-15
0 39 8 5.45954e-15
0 39 9 1.05631e-14
0 39 10 1.9636e-14
0 39 11 3.50706e-14
0 39 12 6.01815e-14
0 39 13 9.92225e-14
0 39 14 1.57176e-13
0 39 15 2.39215e-13
0 39 16 3.49801e-13
0 39 17 4.91452e-13
0 39 18 6.63391e-13
0 39 19 8.60372e-13
0 39 20 1.07209e-12
0 39 21 1.28352e-12
0 39 22 1.4764e-12
0 39 23 1.63168e-12
0 39 24 1.73258e-12
0 39 25 1.76758e-12
0 39 26 1.73258e-12
0 39 27 1.63168e-12
0 39 28 1.4764e-12
0 39 29 1.28352e-12
0 39 30 1.07209e-12
0 39 31 8.60372e-13
0 39 32 6.63391e-13
0 39 33 4.91452e-13
0 39 34 3.49801e-13
0 39 35 2.39215e-13
0 39 36 1.57176e-13
0 39 37 9.92225e-14
0 39 38 6.01815e-14
0 39 39 3.50706e-14
0 39 40 1.9636e-14
0 39 41 1.05631e-14
0 39 42 5.45954e-15
0 39 43 2.71113e-15
0 39 44 1.29352e-15
0 39 45 5.92956e-16
0 39 46 2.61156e-16
0 39 47 1.10512e-16
0 39 48 4.49306e-17
0 39 49 4.19565e-22
0 40 0 8.81657e-23
0 40 1 9.82686e-18
0 40 2 2.51566e-17
0 40 3 6.18752e-17
0 40 4 1.46221e-16
0 40 5 3.31995e-16
0 40 6 7.24238e-16
0 40 7 1.51796e-15
0 40 8 3.05679e-15
0 40 9 5.91425e-15
0 40 10 1.09942e-14
0 40 11 1.9636e-14
0 40 12 3.36955e-14
0 40 13 5.55545e-14
0 40 14 8.80024e-14
0 40 15 1.33936e-13
0 40 16 1.95853e-13
0 40 17 2.75163e-13
0 40 18 3.71431e-13
0 40 19 4.81721e-13
0 40 20 6.00261e-13
0 40 21 7.18643e-13
0 40 22 8.26636e-13
0 40 23 9.13574e-13
0 40 24 9.70066e-13
0 40 25 9.89663e-13
0 40 26 9.70066e-13
0 40 27 9.13574e-13
0 40 28 8.26636e-13
0 40 29 7.18643e-13
0 40 30 6.00261e-13
0 40 31 4.81721e-13
0 40 32 3.71431e-13
0 40 33 2.75163e-13
0 40 34 1.95853e-13
0 40 35 1.33936e-13
0 40 36 8.80024e-14
0 40 37 5.55545e-14
0 40 38 3.36955e-14
0 40 39 1.9636e-14
0 40 40 1.09942e-14
0 40 41 5.91425e-15
0 40 42 3.05679e-15
0 40 43 1.51796e-15
0 40 44 7.24238e-16
0 40 45 3.31995e-16
0 40 46 1.46221e-16
0 40 47 6.18752e-17
0 40 48 2.51566e-17
0 40 49 2.34914e-22
0 41 0 4.74283e-23
0 41 1 5.28631e-18
0 41 2 1.35328e-17
