0 0 0 9.67863e-38
0 0 1 2.09316e-30
0 0 2 5.35846e-30
0 0 3 1.31797e-29
0 0 4 3.11457e-29
0 0 5 7.07164e-29
0 0 6 1.54266e-28
0 0 7 3.23331e-28
0 0 8 6.51109e-28
0 0 9 1.25976e-27
0 0 10 2.3418e-27
0 0 11 4.18255e-27
0 0 12 7.17729e-27
0 0 13 1.18333e-26
0 0 14 1.87449e-26
0 0 15 2.8529e-26
0 0 16 4.17175e-26
0 0 17 5.8611e-26
0 0 18 7.91165e-26
0 0 19 1.02609e-25
0 0 20 1.27858e-25
0 0 21 1.53074e-25
0 0 22 1.76077e-25
0 0 23 1.94595e-25
0 0 24 2.06628e-25
0 0 25 2.10803e-25
0 0 26 2.06628e-25
0 0 27 1.94595e-25
0 0 28 1.76077e-25
0 0 29 1.53074e-25
0 0 30 1.27858e-25
0 0 31 1.02609e-25
0 0 32 7.91165e-26
0 0 33 5.8611e-26
0 0 34 4.17175e-26
0 0 35 2.8529e-26
0 0 36 1.87449e-26
0 0 37 1.18333e-26
0 0 38 7.17729e-27
0 0 39 4.18255e-27
0 0 40 2.3418e-27
0 0 41 1.25976e-27
0 0 42 6.51109e-28
0 0 43 3.23331e-28
0 0 44 1.54266e-28
0 0 45 7.07164e-29
0 0 46 3.11457e-29
0 0 47 1.31797e-29
0 0 48 5.35846e-30
0 0 49 2.57883e-37
0 1 0 2.09316e-30
0 1 1 4.52682e-23
0 1 2 1.15886e-22
0 1 3 2.85033e-22
0 1 4 6.73578e-22
0 1 5 1.52936e-21
0 1 6 3.33626e-21
0 1 7 6.99258e-21
0 1 8 1.40813e-20
0 1 9 2.72444e-20
0 1 10 5.06454e-20
0 1 11 9.04547e-20
0 1 12 1.55221e-19
0 1 13 2.55916e-19
0 1 14 4.0539e-19
0 1 15 6.16988e-19
0 1 16 9.02212e-19
0 1 17 1.26756e-18
0 1 18 1.71103e-18
0 1 19 2.21908e-18
0 1 20 2.76515e-18
0 1 21 3.31048e-18
0 1 22 3.80796e-18
0 1 23 4.20845e-18
0 1 24 4.46868e-18
0 1 25 4.55896e-18
0 1 26 4.46868e-18
0 1 27 4.20845e-18
0 1 28 3.80796e-18
0 1 29 3.31048e-18
0 1 30 2.76515e-18
0 1 31 2.21908e-18
0 1 32 1.71103e-18
0 1 33 1.26756e-18
0 1 34 9.02212e-19
0 1 35 6.16988e-19
0 1 36 4.0539e-19
0 1 37 2.55916e-19
0 1 38 1.55221e-19
0 1 39 9.04547e-20
0 1 40 5.06454e-20
0 1 41 2.72444e-20
0 1 42 1.40813e-20
0 1 43 6.99258e-21
0 1 44 3.33626e-21
0 1 45 1.52936e-21
0 1 46 6.73578e-22
0 1 47 2.85033e-22
0 1 48 1.15886e-22
0 1 49 5.57715e-30
0 2 0 5.35846e-30
0 2 1 1.15886e-22
0 2 2 2.96665e-22
0 2 3 7.29679e-22
0 2 4 1.72435e-21
0 2 5 3.91513e-21
0 2 6 8.54075e-21
0 2 7 1.79009e-20
0 2 8 3.60479e-20
0 2 9 6.97452e-20
0 2 10 1.29651e-19
0 2 11 2.31562e-19
0 2 12 3.97363e-19
0 2 13 6.5514e-19
0 2 14 1.03779e-18
0 2 15 1.57948e-18
0 2 16 2.30964e-18
0 2 17 3.24493e-18
0 2 18 4.3802e-18
0 2 19 5.68081e-18
0 2 20 7.07873e-18
0 2 21 8.47477e-18
0 2 22 9.74831e-18
0 2 23 1.07735e-17
0 2 24 1.14397e-17
0 2 25 1.16708e-17
0 2 26 1.14397e-17
0 2 27 1.07735e-17
0 2 28 9.74831e-18
0 2 29 8.47477e-18
0 2 30 7.07873e-18
0 2 31 5.68081e-18
0 2 32 4.3802e-18
0 2 33 3.24493e-18
0 2 34 2.30964e-18
0 2 35 1.57948e-18
0 2 36 1.03779e-18
0 2 37 6.5514e-19
0 2 38 3.97363e-19
0 2 39 2.31562e-19
0 2 40 1.29651e-19
0 2 41 6.97452e-20
0 2 42 3.60479e-20
0 2 43 1.79009e-20
0 2 44 8.54075e-21
0 2 45 3.91513e-21
0 2 46 1.72435e-21
0 2 47 7.29679e-22
0 2 48 2.96665e-22
0 2 49 1.42774e-29
0 3 0 1.31797e-29
0 3 1 2.85033e-22
0 3 2 7.29679e-22
0 3 3 1.79472e-21
0 3 4 4.24121e-21
0 3 5 9.62967e-21
0 3 6 2.10069e-20
0 3 7 4.4029e-20
0 3 8 8.86636e-20
0 3 9 1.71546e-19
0 3 10 3.18891e-19
0 3 11 5.69551e-19
0 3 12 9.77354e-19
0 3 13 1.61138e-18
0 3 14 2.55255e-18
0 3 15 3.88489e-18
0 3 16 5.68081e-18
0 3 17 7.98124e-18
0 3 18 1.07735e-17
0 3 19 1.39725e-17
0 3 20 1.74109e-17
0 3 21 2.08446e-17
0 3 22 2.3977e-17
0 3 23 2.64987e-17
0 3 24 2.81372e-17
0 3 25 2.87056e-17
0 3 26 2.81372e-17
0 3 27 2.64987e-17
0 3 28 2.3977e-17
0 3 29 2.08446e-17
0 3 30 1.74109e-17
0 3 31 1.39725e-17
0 3 32 1.07735e-17
0 3 33 7.98124e-18
0 3 34 5.68081e-18
0 3 35 3.88489e-18
0 3 36 2.55255e-18
0 3 37 1.61138e-18
0 3 38 9.77354e-19
0 3 39 5.69551e-19
0 3 40 3.18891e-19
0 3 41 1.71546e-19
0 3 42 8.86636e-20
0 3 43 4.4029e-20
0 3 44 2.10069e-20
0 3 45 9.62967e-21
0 3 46 4.24121e-21
0 3 47 1.79472e-21
0 3 48 7.29679e-22
0 3 49 3.51167e-29
0 4 0 3.11457e-29
0 4 1 6.73578e-22
0 4 2 1.72435e-21
0 4 3 4.24121e-21
0 4 4 1.00227e-20
0 4 5 2.27565e-20
0 4 6 4.96426e-20
0 4 7 1.04048e-19
0 4 8 2.09526e-19
0 4 9 4.0539e-19
0 4 10 7.5359e-19
0 4 11 1.34594e-18
0 4 12 2.30964e-18
0 4 13 3.80796e-18
0 4 14 6.03209e-18
0 4 15 9.18061e-18
0 4 16 1.34247e-17
0 4 17 1.8861e-17
0 4 18 2.54596e-17
0 4 19 3.30194e-17
0 4 20 4.11446e-17
0 4 21 4.92591e-17
0 4 22 5.66614e-17
0 4 23 6.26206e-17
0 4 24 6.64928e-17
0 4 25 6.78361e-17
0 4 26 6.64928e-17
0 4 27 6.26206e-17
0 4 28 5.66614e-17
0 4 29 4.92591e-17
0 4 30 4.11446e-17
0 4 31 3.30194e-17
0 4 32 2.54596e-17
0 4 33 1.8861e-17
0 4 34 1.34247e-17
0 4 35 9.18061e-18
0 4 36 6.03209e-18
0 4 37 3.80796e-18
0 4 38 2.30964e-18
0 4 39 1.34594e-18
0 4 40 7.5359e-19
0 4 41 4.0539e-19
0 4 42 2.09526e-19
0 4 43 1.04048e-19
0 4 44 4.96426e-20
0 4 45 2.27565e-20
0 4 46 1.00227e-20
0 4 47 4.24121e-21
0 4 48 1.72435e-21
0 4 49 8.29864e-29
0 5 0 7.07164e-29
0 5 1 1.52936e-21
0 5 2 3.91513e-21
0 5 3 9.62967e-21
0 5 4 2.27565e-20
0 5 5 5.16685e-20
0 5 6 1.12713e-19
0 5 7 2.3624e-19
0 5 8 4.75729e-19
0 5 9 9.20437e-19
0 5 10 1.71103e-18
0 5 11 3.05596e-18
0 5 12 5.24405e-18
0 5 13 8.64597e-18
0 5 14 1.36959e-17
0 5 15 2.08446e-17
0 5 16 3.04807e-17
0 5 17 4.28238e-17
0 5 18 5.78061e-17
0 5 19 7.49704e-17
0 5 20 9.34189e-17
0 5 21 1.11843e-16
0 5 22 1.2865e-16
0 5 23 1.4218e-16
0 5 24 1.50972e-16
0 5 25 1.54022e-16
0 5 26 1.50972e-16
0 5 27 1.4218e-16
0 5 28 1.2865e-16
0 5 29 1.11843e-16
0 5 30 9.34189e-17
0 5 31 7.49704e-17
0 5 32 5.78061e-17
0 5 33 4.28238e-17
0 5 34 3.04807e-17
0 5 35 2.08446e-17
0 5 36 1.36959e-17
0 5 37 8.64597e-18
0 5 38 5.24405e-18
0 5 39 3.05596e-18
0 5 40 1.71103e-18
0 5 41 9.20437e-19
0 5 42 4.75729e-19
0 5 43 2.3624e-19
0 5 44 1.12713e-19
0 5 45 5.16685e-20
0 5 46 2.27565e-20
0 5 47 9.62967e-21
0 5 48 3.91513e-21
0 5 49 1.88421e-28
0 6 0 1.54266e-28
0 6 1 3.33626e-21
0 6 2 8.54075e-21
0 6 3 2.10069e-20
0 6 4 4.96426e-20
0 6 5 1.12713e-19
0 6 6 2.45881e-19
0 6 7 5.15351e-19
0 6 8 1.03779e-18
0 6 9 2.00791e-18
0 6 10 3.73256e-18
0 6 11 6.66649e-18
0 6 12 1.14397e-17
0 6 13 1.8861e-17
0 6 14 2.98771e-17
0 6 15 4.54719e-17
0 6 16 6.64928e-17
0 6 17 9.34189e-17
0 6 18 1.26102e-16
0 6 19 1.63546e-16
0 6 20 2.03791e-16
0 6 21 2.43982e-16
0 6 22 2.80646e-16
0 6 23 3.10162e-16
0 6 24 3.29341e-16
0 6 25 3.35994e-16
0 6 26 3.29341e-16
0 6 27 3.10162e-16
0 6 28 2.80646e-16
0 6 29 2.43982e-16
0 6 30 2.03791e-16
0 6 31 1.63546e-16
0 6 32 1.26102e-16
0 6 33 9.34189e-17
0 6 34 6.64928e-17
0 6 35 4.54719e-17
0 6 36 2.98771e-17
0 6 37 1.8861e-17
0 6 38 1.14397e-17
0 6 39 6.66649e-18
0 6 40 3.73256e-18
0 6 41 2.00791e-18
0 6 42 1.03779e-18
0 6 43 5.15351e-19
0 6 44 2.45881e-19
0 6 45 1.12713e-19
0 6 46 4.96426e-20
0 6 47 2.10069e-20
0 6 48 8.54075e-21
0 6 49 4.11034e-28
0 7 0 3.23331e-28
0 7 1 6.99258e-21
0 7 2 1.79009e-20
0 7 3 4.4029e-20
0 7 4 1.04048e-19
0 7 5 2.3624e-19
0 7 6 5.15351e-19
0 7 7 1.08014e-18
0 7 8 2.17514e-18
0 7 9 4.20845e-18
0 7 10 7.8232e-18
0 7 11 1.39725e-17
0 7 12 2.3977e-17
0 7 13 3.95313e-17
0 7 14 6.26206e-17
0 7 15 9.53061e-17
0 7 16 1.39365e-16
0 7 17 1.958e-16
0 7 18 2.64302e-16
0 7 19 3.42782e-16
0 7 20 4.27132e-16
0 7 21 5.1137e-16
0 7 22 5.88216e-16
0 7 23 6.50079e-16
0 7 24 6.90278e-16
0 7 25 7.04222e-16
0 7 26 6.90278e-16
0 7 27 6.50079e-16
0 7 28 5.88216e-16
0 7 29 5.1137e-16
0 7 30 4.27132e-16
0 7 31 3.42782e-16
0 7 32 2.64302e-16
0 7 33 1.958e-16
0 7 34 1.39365e-16
0 7 35 9.53061e-17
0 7 36 6.26206e-17
0 7 37 3.95313e-17
0 7 38 2.3977e-17
0 7 39 1.39725e-17
0 7 40 7.8232e-18
0 7 41 4.20845e-18
0 7 42 2.17514e-18
0 7 43 1.08014e-18
0 7 44 5.15351e-19
0 7 45 2.3624e-19
0 7 46 1.04048e-19
0 7 47 4.4029e-20
0 7 48 1.79009e-20
0 7 49 8.61502e-28
0 8 0 6.51109e-28
0 8 1 1.40813e-20
0 8 2 3.60479e-20
0 8 3 8.86636e-20
0 8 4 2.09526e-19
0 8 5 4.75729e-19
0 8 6 1.03779e-18
0 8 7 2.17514e-18
0 8 8 4.3802e-18
0 8 9 8.47477e-18
0 8 10 1.5754e-17
0 8 11 2.81372e-17
0 8 12 4.82837e-17
0 8 13 7.96063e-17
0 8 14 1.26102e-16
0 8 15 1.91923e-16
0 8 16 2.80646e-16
0 8 17 3.94293e-16
0 8 18 5.3224e-16
0 8 19 6.90278e-16
0 8 20 8.60139e-16
0 8 21 1.02977e-15
0 8 22 1.18452e-15
0 8 23 1.3091e-15
0 8 24 1.39005e-15
0 8 25 1.41813e-15
0 8 26 1.39005e-15
0 8 27 1.3091e-15
0 8 28 1.18452e-15
0 8 29 1.02977e-15
0 8 30 8.60139e-16
0 8 31 6.90278e-16
0 8 32 5.3224e-16
0 8 33 3.94293e-16
0 8 34 2.80646e-16
0 8 35 1.91923e-16
0 8 36 1.26102e-16
0 8 37 7.96063e-17
0 8 38 4.82837e-17
0 8 39 2.81372e-17
0 8 40 1.5754e-17
0 8 41 8.47477e-18
0 8 42 4.3802e-18
0 8 43 2.17514e-18
0 8 44 1.03779e-18
0 8 45 4.75729e-19
0 8 46 2.09526e-19
0 8 47 8.86636e-20
0 8 48 3.60479e-20
0 8 49 1.73485e-27
0 9 0 1.25976e-27
0 9 1 2.72444e-20
0 9 2 6.97452e-20
0 9 3 1.71546e-19
0 9 4 4.0539e-19
0 9 5 9.20437e-19
0 9 6 2.00791e-18
0 9 7 4.20845e-18
0 9 8 8.47477e-18
0 9 9 1.63969e-17
0 9 10 3.04807e-17
0 9 11 5.44397e-17
0 9 12 9.34189e-17
0 9 13 1.54022e-16
0 9 14 2.43982e-16
0 9 15 3.71331e-16
0 9 16 5.42992e-16
0 9 17 7.62875e-16
0 9 18 1.02977e-15
0 9 19 1.33554e-15
0 9 20 1.66419e-15
0 9 21 1.9924e-15
0 9 22 2.2918e-15
0 9 23 2.53283e-15
0 9 24 2.68945e-15
0 9 25 2.74379e-15
0 9 26 2.68945e-15
0 9 27 2.53283e-15
0 9 28 2.2918e-15
0 9 29 1.9924e-15
0 9 30 1.66419e-15
0 9 31 1.33554e-15
0 9 32 1.02977e-15
0 9 33 7.62875e-16
0 9 34 5.42992e-16
0 9 35 3.71331e-16
0 9 36 2.43982e-16
0 9 37 1.54022e-16
0 9 38 9.34189e-17
0 9 39 5.44397e-17
0 9 40 3.04807e-17
0 9 41 1.63969e-17
0 9 42 8.47477e-18
0 9 43 4.20845e-18
0 9 44 2.00791e-18
0 9 45 9.20437e-19
0 9 46 4.0539e-19
0 9 47 1.71546e-19
0 9 48 6.97452e-20
0 9 49 3.35658e-27
0 10 0 2.3418e-27
0 10 1 5.06454e-20
0 10 2 1.29651e-19
0 10 3 3.18891e-19
0 10 4 7.5359e-19
0 10 5 1.71103e-18
0 10 6 3.73256e-18
0 10 7 7.8232e-18
0 10 8 1.5754e-17
0 10 9 3.04807e-17
0 10 10 5.66614e-17
0 10 11 1.01199e-16
0 10 12 1.73659e-16
0 10 13 2.86315e-16
0 10 14 4.53545e-16
0 10 15 6.90278e-16
0 10 16 1.00938e-15
0 10 17 1.41813e-15
0 10 18 1.91427e-15
0 10 19 2.48268e-15
0 10 20 3.09361e-15
0 10 21 3.70372e-15
0 10 22 4.2603e-15
0 10 23 4.70835e-15
0 10 24 4.9995e-15
0 10 25 5.1005e-15
0 10 26 4.9995e-15
0 10 27 4.70835e-15
0 10 28 4.2603e-15
0 10 29 3.70372e-15
0 10 30 3.09361e-15
0 10 31 2.48268e-15
0 10 32 1.91427e-15
0 10 33 1.41813e-15
0 10 34 1.00938e-15
0 10 35 6.90278e-16
0 10 36 4.53545e-16
0 10 37 2.86315e-16
0 10 38 1.73659e-16
0 10 39 1.01199e-16
0 10 40 5.66614e-17
0 10 41 3.04807e-17
0 10 42 1.5754e-17
0 10 43 7.8232e-18
0 10 44 3.73256e-18
0 10 45 1.71103e-18
0 10 46 7.5359e-19
0 10 47 3.18891e-19
0 10 48 1.29651e-19
0 10 49 6.23964e-27
0 11 0 4.18255e-27
0 11 1 9.04547e-20
0 11 2 2.31562e-19
0 11 3 5.69551e-19
0 11 4 1.34594e-18
0 11 5 3.05596e-18
0 11 6 6.66649e-18
0 11 7 1.39725e-17
0 11 8 2.81372e-17
0 11 9 5.44397e-17
0 11 10 1.01199e-16
0 11 11 1.80746e-16
0 11 12 3.10162e-16
0 11 13 5.1137e-16
0 11 14 8.10048e-16
0 11 15 1.23286e-15
0 11 16 1.8028e-15
0 11 17 2.53283e-15
0 11 18 3.41897e-15
0 11 19 4.43416e-15
0 11 20 5.52531e-15
0 11 21 6.61499e-15
0 11 22 7.60905e-15
0 11 23 8.4093e-15
0 11 24 8.9293e-15
0 11 25 9.10969e-15
0 11 26 8.9293e-15
0 11 27 8.4093e-15
0 11 28 7.60905e-15
0 11 29 6.61499e-15
0 11 30 5.52531e-15
0 11 31 4.43416e-15
0 11 32 3.41897e-15
0 11 33 2.53283e-15
0 11 34 1.8028e-15
0 11 35 1.23286e-15
0 11 36 8.10048e-16
0 11 37 5.1137e-16
0 11 38 3.10162e-16
0 11 39 1.80746e-16
0 11 40 1.01199e-16
0 11 41 5.44397e-17
0 11 42 2.81372e-17
0 11 43 1.39725e-17
0 11 44 6.66649e-18
0 11 45 3.05596e-18
0 11 46 1.34594e-18
0 11 47 5.69551e-19
0 11 48 2.31562e-19
0 11 49 1.11442e-26
0 12 0 7.17729e-27
0 12 1 1.55221e-19
0 12 2 3.97363e-19
0 12 3 9.77354e-19
0 12 4 2.30964e-18
0 12 5 5.24405e-18
0 12 6 1.14397e-17
0 12 7 2.3977e-17
0 12 8 4.82837e-17
0 12 9 9.34189e-17
0 12 10 1.73659e-16
0 12 11 3.10162e-16
0 12 12 5.3224e-16
0 12 13 8.77515e-16
0 12 14 1.39005e-15
0 12 15 2.1156e-15
0 12 16 3.09361e-15
0 12 17 4.34636e-15
0 12 18 5.86697e-15
0 12 19 7.60905e-15
0 12 20 9.48146e-15
0 12 21 1.13514e-14
0 12 22 1.30572e-14
0 12 23 1.44304e-14
0 12 24 1.53227e-14
0 12 25 1.56323e-14
0 12 26 1.53227e-14
0 12 27 1.44304e-14
0 12 28 1.30572e-14
0 12 29 1.13514e-14
0 12 30 9.48146e-15
0 12 31 7.60905e-15
0 12 32 5.86697e-15
0 12 33 4.34636e-15
0 12 34 3.09361e-15
0 12 35 2.1156e-15
0 12 36 1.39005e-15
0 12 37 8.77515e-16
0 12 38 5.3224e-16
0 12 39 3.10162e-16
0 12 40 1.73659e-16
0 12 41 9.34189e-17
0 12 42 4.82837e-17
0 12 43 2.3977e-17
0 12 44 1.14397e-17
0 12 45 5.24405e-18
0 12 46 2.30964e-18
0 12 47 9.77354e-19
0 12 48 3.97363e-19
0 12 49 1.91236e-26
0 13 0 1.18333e-26
0 13 1 2.55916e-19
0 13 2 6.5514e-19
0 13 3 1.61138e-18
0 13 4 3.80796e-18
0 13 5 8.64597e-18
0 13 6 1.8861e-17
0 13 7 3.95313e-17
0 13 8 7.96063e-17
0 13 9 1.54022e-16
0 13 10 2.86315e-16
0 13 11 5.1137e-16
0 13 12 8.77515e-16
0 13 13 1.44678e-15
0 13 14 2.2918e-15
0 13 15 3.48803e-15
0 13 16 5.1005e-15
0 13 17 7.16593e-15
0 13 18 9.673e-15
0 13 19 1.25452e-14
0 13 20 1.56323e-14
0 13 21 1.87152e-14
0 13 22 2.15277e-14
0 13 23 2.37917e-14
0 13 24 2.52629e-14
0 13 25 2.57733e-14
0 13 26 2.52629e-14
0 13 27 2.37917e-14
0 13 28 2.15277e-14
0 13 29 1.87152e-14
0 13 30 1.56323e-14
0 13 31 1.25452e-14
0 13 32 9.673e-15
0 13 33 7.16593e-15
0 13 34 5.1005e-15
0 13 35 3.48803e-15
0 13 36 2.2918e-15
0 13 37 1.44678e-15
0 13 38 8.77515e-16
0 13 39 5.1137e-16
0 13 40 2.86315e-16
0 13 41 1.54022e-16
0 13 42 7.96063e-17
0 13 43 3.95313e-17
0 13 44 1.8861e-17
0 13 45 8.64597e-18
0 13 46 3.80796e-18
0 13 47 1.61138e-18
0 13 48 6.5514e-19
0 13 49 3.15294e-26
0 14 0 1.87449e-26
0 14 1 4.0539e-19
0 14 2 1.03779e-18
0 14 3 2.55255e-18
0 14 4 6.03209e-18
0 14 5 1.36959e-17
0 14 6 2.98771e-17
0 14 7 6.26206e-17
0 14 8 1.26102e-16
0 14 9 2.43982e-16
0 14 10 4.53545e-16
0 14 11 8.10048e-16
0 14 12 1.39005e-15
0 14 13 2.2918e-15
0 14 14 3.63038e-15
0 14 15 5.52531e-15
0 14 16 8.07957e-15
0 14 17 1.13514e-14
0 14 18 1.53227e-14
0 14 19 1.98725e-14
0 14 20 2.47627e-14
0 14 21 2.96463e-14
0 14 22 3.41014e-14
0 14 23 3.76879e-14
0 14 24 4.00184e-14
0 14 25 4.08268e-14
0 14 26 4.00184e-14
0 14 27 3.76879e-14
0 14 28 3.41014e-14
0 14 29 2.96463e-14
0 14 30 2.47627e-14
0 14 31 1.98725e-14
0 14 32 1.53227e-14
0 14 33 1.13514e-14
0 14 34 8.07957e-15
0 14 35 5.52531e-15
0 14 36 3.63038e-15
0 14 37 2.2918e-15
0 14 38 1.39005e-15
0 14 39 8.10048e-16
0 14 40 4.53545e-16
0 14 41 2.43982e-16
0 14 42 1.26102e-16
0 14 43 6.26206e-17
0 14 44 2.98771e-17
0 14 45 1.36959e-17
0 14 46 6.03209e-18
0 14 47 2.55255e-18
0 14 48 1.03779e-18
0 14 49 4.9945e-26
0 15 0 2.8529e-26
0 15 1 6.16988e-19
0 15 2 1.57948e-18
0 15 3 3.88489e-18
0 15 4 9.18061e-18
0 15 5 2.08446e-17
0 15 6 4.54719e-17
0 15 7 9.53061e-17
0 15 8 1.91923e-16
0 15 9 3.71331e-16
0 15 10 6.90278e-16
0 15 11 1.23286e-15
0 15 12 2.1156e-15
0 15 13 3.48803e-15
0 15 14 5.52531e-15
0 15 15 8.4093e-15
0 15 16 1.22968e-14
0 15 17 1.72764e-14
0 15 18 2.33206e-14
0 15 19 3.02452e-14
0 15 20 3.76879e-14
0 15 21 4.51206e-14
0 15 22 5.1901e-14
0 15 23 5.73595e-14
0 15 24 6.09064e-14
0 15 25 6.21368e-14
0 15 26 6.09064e-14
0 15 27 5.73595e-14
0 15 28 5.1901e-14
0 15 29 4.51206e-14
0 15 30 3.76879e-14
0 15 31 3.02452e-14
0 15 32 2.33206e-14
0 15 33 1.72764e-14
0 15 34 1.22968e-14
0 15 35 8.4093e-15
0 15 36 5.52531e-15
0 15 37 3.48803e-15
0 15 38 2.1156e-15
0 15 39 1.23286e-15
0 15 40 6.90278e-16
0 15 41 3.71331e-16
0 15 42 1.91923e-16
0 15 43 9.53061e-17
0 15 44 4.54719e-17
0 15 45 2.08446e-17
0 15 46 9.18061e-18
0 15 47 3.88489e-18
0 15 48 1.57948e-18
0 15 49 7.60143e-26
0 16 0 4.17175e-26
0 16 1 9.02212e-19
0 16 2 2.30964e-18
0 16 3 5.68081e-18
0 16 4 1.34247e-17
0 16 5 3.04807e-17
0 16 6 6.64928e-17
0 16 7 1.39365e-16
0 16 8 2.80646e-16
0 16 9 5.42992e-16
0 16 10 1.00938e-15
0 16 11 1.8028e-15
0 16 12 3.09361e-15
0 16 13 5.1005e-15
0 16 14 8.07957e-15
0 16 15 1.22968e-14
0 16 16 1.79814e-14
0 16 17 2.52629e-14
0 16 18 3.41014e-14
0 16 19 4.42271e-14
0 16 20 5.51104e-14
0 16 21 6.59791e-14
0 16 22 7.58941e-14
0 16 23 8.38759e-14
0 16 24 8.90625e-14
0 16 25 9.08617e-14
0 16 26 8.90625e-14
0 16 27 8.38759e-14
0 16 28 7.58941e-14
0 16 29 6.59791e-14
0 16 30 5.51104e-14
0 16 31 4.42271e-14
0 16 32 3.41014e-14
0 16 33 2.52629e-14
0 16 34 1.79814e-14
0 16 35 1.22968e-14
0 16 36 8.07957e-15
0 16 37 5.1005e-15
0 16 38 3.09361e-15
0 16 39 1.8028e-15
0 16 40 1.00938e-15
0 16 41 5.42992e-16
0 16 42 2.80646e-16
0 16 43 1.39365e-16
0 16 44 6.64928e-17
0 16 45 3.04807e-17
0 16 46 1.34247e-17
0 16 47 5.68081e-18
0 16 48 2.30964e-18
0 16 49 1.11155e-25
0 17 0 5.8611e-26
0 17 1 1.26756e-18
0 17 2 3.24493e-18
0 17 3 7.98124e-18
0 17 4 1.8861e-17
0 17 5 4.28238e-17
0 17 6 9.34189e-17
0 17 7 1.958e-16
0 17 8 3.94293e-16
0 17 9 7.62875e-16
0 17 10 1.41813e-15
0 17 11 2.53283e-15
0 17 12 4.34636e-15
0 17 13 7.16593e-15
0 17 14 1.13514e-14
0 17 15 1.72764e-14
0 17 16 2.52629e-14
0 17 17 3.54931e-14
0 17 18 4.79107e-14
0 17 19 6.21368e-14
0 17 20 7.74272e-14
0 17 21 9.26972e-14
0 17 22 1.06627e-13
0 17 23 1.17841e-13
0 17 24 1.25128e-13
0 17 25 1.27656e-13
0 17 26 1.25128e-13
0 17 27 1.17841e-13
0 17 28 1.06627e-13
0 17 29 9.26972e-14
0 17 30 7.74272e-14
0 17 31 6.21368e-14
0 17 32 4.79107e-14
0 17 33 3.54931e-14
0 17 34 2.52629e-14
0 17 35 1.72764e-14
0 17 36 1.13514e-14
0 17 37 7.16593e-15
0 17 38 4.34636e-15
0 17 39 2.53283e-15
0 17 40 1.41813e-15
0 17 41 7.62875e-16
0 17 42 3.94293e-16
0 17 43 1.958e-16
0 17 44 9.34189e-17
0 17 45 4.28238e-17
0 17 46 1.8861e-17
0 17 47 7.98124e-18
0 17 48 3.24493e-18
0 17 49 1.56166e-25
0 18 0 7.91165e-26
0 18 1 1.71103e-18
0 18 2 4.3802e-18
0 18 3 1.07735e-17
0 18 4 2.54596e-17
0 18 5 5.78061e-17
0 18 6 1.26102e-16
0 18 7 2.64302e-16
0 18 8 5.3224e-16
0 18 9 1.02977e-15
0 18 10 1.91427e-15
0 18 11 3.41897e-15
0 18 12 5.86697e-15
0 18 13 9.673e-15
0 18 14 1.53227e-14
0 18 15 2.33206e-14
0 18 16 3.41014e-14
0 18 17 4.79107e-14
0 18 18 6.46727e-14
0 18 19 8.38759e-14
0 18 20 1.04516e-13
0 18 21 1.25128e-13
0 18 22 1.43932e-13
0 18 23 1.59069e-13
0 18 24 1.68905e-13
0 18 25 1.72317e-13
0 18 26 1.68905e-13
0 18 27 1.59069e-13
0 18 28 1.43932e-13
0 18 29 1.25128e-13
0 18 30 1.04516e-13
0 18 31 8.38759e-14
0 18 32 6.46727e-14
0 18 33 4.79107e-14
0 18 34 3.41014e-14
0 18 35 2.33206e-14
0 18 36 1.53227e-14
0 18 37 9.673e-15
0 18 38 5.86697e-15
0 18 39 3.41897e-15
0 18 40 1.91427e-15
0 18 41 1.02977e-15
0 18 42 5.3224e-16
0 18 43 2.64302e-16
0 18 44 1.26102e-16
0 18 45 5.78061e-17
0 18 46 2.54596e-17
0 18 47 1.07735e-17
0 18 48 4.3802e-18
0 18 49 2.10803e-25
0 19 0 1.02609e-25
0 19 1 2.21908e-18
0 19 2 5.68081e-18
0 19 3 1.39725e-17
0 19 4 3.30194e-17
0 19 5 7.49704e-17
0 19 6 1.63546e-16
0 19 7 3.42782e-16
0 19 8 6.90278e-16
0 19 9 1.33554e-15
0 19 10 2.48268e-15
0 19 11 4.43416e-15
0 19 12 7.60905e-15
0 19 13 1.25452e-14
0 19 14 1.98725e-14
0 19 15 3.02452e-14
0 19 16 4.42271e-14
0 19 17 6.21368e-14
0 19 18 8.38759e-14
0 19 19 1.08781e-13
0 19 20 1.3555e-13
0 19 21 1.62282e-13
0 19 22 1.86669e-13
0 19 23 2.06301e-13
0 19 24 2.19058e-13
0 19 25 2.23484e-13
0 19 26 2.19058e-13
0 19 27 2.06301e-13
0 19 28 1.86669e-13
0 19 29 1.62282e-13
0 19 30 1.3555e-13
0 19 31 1.08781e-13
0 19 32 8.38759e-14
0 19 33 6.21368e-14
0 19 34 4.42271e-14
0 19 35 3.02452e-14
0 19 36 1.98725e-14
0 19 37 1.25452e-14
0 19 38 7.60905e-15
0 19 39 4.43416e-15
0 19 40 2.48268e-15
0 19 41 1.33554e-15
0 19 42 6.90278e-16
0 19 43 3.42782e-16
0 19 44 1.63546e-16
0 19 45 7.49704e-17
0 19 46 3.30194e-17
0 19 47 1.39725e-17
0 19 48 5.68081e-18
0 19 49 2.73396e-25
0 20 0 1.27858e-25
0 20 1 2.76515e-18
0 20 2 7.07873e-18
0 20 3 1.74109e-17
0 20 4 4.11446e-17
0 20 5 9.34189e-17
0 20 6 2.03791e-16
0 20 7 4.27132e-16
0 20 8 8.60139e-16
0 20 9 1.66419e-15
0 20 10 3.09361e-15
0 20 11 5.52531e-15
0 20 12 9.48146e-15
0 20 13 1.56323e-14
0 20 14 2.47627e-14
0 20 15 3.76879e-14
0 20 16 5.51104e-14
0 20 17 7.74272e-14
0 20 18 1.04516e-13
0 20 19 1.3555e-13
0 20 20 1.68905e-13
0 20 21 2.02216e-13
0 20 22 2.32604e-13
0 20 23 2.57067e-13
0 20 24 2.72964e-13
0 20 25 2.78478e-13
0 20 26 2.72964e-13
0 20 27 2.57067e-13
0 20 28 2.32604e-13
0 20 29 2.02216e-13
0 20 30 1.68905e-13
0 20 31 1.3555e-13
0 20 32 1.04516e-13
0 20 33 7.74272e-14
0 20 34 5.51104e-14
0 20 35 3.76879e-14
0 20 36 2.47627e-14
0 20 37 1.56323e-14
0 20 38 9.48146e-15
0 20 39 5.52531e-15
0 20 40 3.09361e-15
0 20 41 1.66419e-15
0 20 42 8.60139e-16
0 20 43 4.27132e-16
0 20 44 2.03791e-16
0 20 45 9.34189e-17
0 20 46 4.11446e-17
0 20 47 1.74109e-17
0 20 48 7.07873e-18
0 20 49 3.40673e-25
0 21 0 1.53074e-25
0 21 1 3.31048e-18
0 21 2 8.47477e-18
0 21 3 2.08446e-17
0 21 4 4.92591e-17
0 21 5 1.11843e-16
0 21 6 2.43982e-16
0 21 7 5.1137e-16
0 21 8 1.02977e-15
0 21 9 1.9924e-15
0 21 10 3.70372e-15
0 21 11 6.61499e-15
0 21 12 1.13514e-14
0 21 13 1.87152e-14
0 21 14 2.96463e-14
0 21 15 4.51206e-14
0 21 16 6.59791e-14
0 21 17 9.26972e-14
0 21 18 1.25128e-13
0 21 19 1.62282e-13
0 21 20 2.02216e-13
0 21 21 2.42097e-13
0 21 22 2.78478e-13
0 21 23 3.07766e-13
0 21 24 3.26797e-13
0 21 25 3.33399e-13
0 21 26 3.26797e-13
0 21 27 3.07766e-13
0 21 28 2.78478e-13
0 21 29 2.42097e-13
0 21 30 2.02216e-13
0 21 31 1.62282e-13
0 21 32 1.25128e-13
0 21 33 9.26972e-14
0 21 34 6.59791e-14
0 21 35 4.51206e-14
0 21 36 2.96463e-14
0 21 37 1.87152e-14
0 21 38 1.13514e-14
0 21 39 6.61499e-15
0 21 40 3.70372e-15
0 21 41 1.9924e-15
0 21 42 1.02977e-15
0 21 43 5.1137e-16
0 21 44 2.43982e-16
0 21 45 1.11843e-16
0 21 46 4.92591e-17
0 21 47 2.08446e-17
0 21 48 8.47477e-18
0 21 49 4.07859e-25
0 22 0 1.76077e-25
0 22 1 3.80796e-18
0 22 2 9.74831e-18
0 22 3 2.3977e-17
0 22 4 5.66614e-17
0 22 5 1.2865e-16
0 22 6 2.80646e-16
0 22 7 5.88216e-16
0 22 8 1.18452e-15
0 22 9 2.2918e-15
0 22 10 4.2603e-15
0 22 11 7.60905e-15
0 22 12 1.30572e-14
0 22 13 2.15277e-14
0 22 14 3.41014e-14
0 22 15 5.1901e-14
0 22 16 7.58941e-14
0 22 17 1.06627e-13
0 22 18 1.43932e-13
0 22 19 1.86669e-13
0 22 20 2.32604e-13
0 22 21 2.78478e-13
0 22 22 3.20326e-13
0 22 23 3.54015e-13
0 22 24 3.75906e-13
0 22 25 3.835e-13
0 22 26 3.75906e-13
0 22 27 3.54015e-13
0 22 28 3.20326e-13
0 22 29 2.78478e-13
0 22 30 2.32604e-13
0 22 31 1.86669e-13
0 22 32 1.43932e-13
0 22 33 1.06627e-13
0 22 34 7.58941e-14
0 22 35 5.1901e-14
0 22 36 3.41014e-14
0 22 37 2.15277e-14
0 22 38 1.30572e-14
0 22 39 7.60905e-15
0 22 40 4.2603e-15
0 22 41 2.2918e-15
0 22 42 1.18452e-15
0 22 43 5.88216e-16
0 22 44 2.80646e-16
0 22 45 1.2865e-16
0 22 46 5.66614e-17
0 22 47 2.3977e-17
0 22 48 9.74831e-18
0 22 49 4.6915e-25
0 23 0 1.94595e-25
0 23 1 4.20845e-18
0 23 2 1.07735e-17
0 23 3 2.64987e-17
0 23 4 6.26206e-17
0 23 5 1.4218e-16
0 23 6 3.10162e-16
0 23 7 6.50079e-16
0 23 8 1.3091e-15
0 23 9 2.53283e-15
0 23 10 4.70835e-15
0 23 11 8.4093e-15
0 23 12 1.44304e-14
0 23 13 2.37917e-14
0 23 14 3.76879e-14
0 23 15 5.73595e-14
0 23 16 8.38759e-14
0 23 17 1.17841e-13
0 23 18 1.59069e-13
0 23 19 2.06301e-13
0 23 20 2.57067e-13
0 23 21 3.07766e-13
0 23 22 3.54015e-13
0 23 23 3.91247e-13
0 23 24 4.1544e-13
0 23 25 4.23833e-13
0 23 26 4.1544e-13
0 23 27 3.91247e-13
0 23 28 3.54015e-13
0 23 29 3.07766e-13
0 23 30 2.57067e-13
0 23 31 2.06301e-13
0 23 32 1.59069e-13
0 23 33 1.17841e-13
0 23 34 8.38759e-14
0 23 35 5.73595e-14
0 23 36 3.76879e-14
0 23 37 2.37917e-14
0 23 38 1.44304e-14
0 23 39 8.4093e-15
0 23 40 4.70835e-15
0 23 41 2.53283e-15
0 23 42 1.3091e-15
0 23 43 6.50079e-16
0 23 44 3.10162e-16
0 23 45 1.4218e-16
0 23 46 6.26206e-17
0 23 47 2.64987e-17
0 23 48 1.07735e-17
0 23 49 5.18491e-25
0 24 0 2.06628e-25
0 24 1 4.46868e-18
0 24 2 1.14397e-17
0 24 3 2.81372e-17
0 24 4 6.64928e-17
0 24 5 1.50972e-16
0 24 6 3.29341e-16
0 24 7 6.90278e-16
0 24 8 1.39005e-15
0 24 9 2.68945e-15
0 24 10 4.9995e-15
0 24 11 8.9293e-15
0 24 12 1.53227e-14
0 24 13 2.52629e-14
0 24 14 4.00184e-14
0 24 15 6.09064e-14
0 24 16 8.90625e-14
0 24 17 1.25128e-13
0 24 18 1.68905e-13
0 24 19 2.19058e-13
0 24 20 2.72964e-13
0 24 21 3.26797e-13
0 24 22 3.75906e-13
0 24 23 4.1544e-13
0 24 24 4.4113e-13
0 24 25 4.50041e-13
0 24 26 4.4113e-13
0 24 27 4.1544e-13
0 24 28 3.75906e-13
0 24 29 3.26797e-13
0 24 30 2.72964e-13
0 24 31 2.19058e-13
0 24 32 1.68905e-13
0 24 33 1.25128e-13
0 24 34 8.90625e-14
0 24 35 6.09064e-14
0 24 36 4.00184e-14
0 24 37 2.52629e-14
0 24 38 1.53227e-14
0 24 39 8.9293e-15
0 24 40 4.9995e-15
0 24 41 2.68945e-15
0 24 42 1.39005e-15
0 24 43 6.90278e-16
0 24 44 3.29341e-16
0 24 45 1.50972e-16
0 24 46 6.64928e-17
0 24 47 2.81372e-17
0 24 48 1.14397e-17
0 24 49 5.50552e-25
0 25 0 2.10803e-25
0 25 1 4.55896e-18
0 25 2 1.16708e-17
0 25 3 2.87056e-17
0 25 4 6.78361e-17
0 25 5 1.54022e-16
0 25 6 3.35994e-16
0 25 7 7.04222e-16
0 25 8 1.41813e-15
0 25 9 2.74379e-15
0 25 10 5.1005e-15
0 25 11 9.10969e-15
0 25 12 1.56323e-14
0 25 13 2.57733e-14
0 25 14 4.08268e-14
0 25 15 6.21368e-14
0 25 16 9.08617e-14
0 25 17 1.27656e-13
0 25 18 1.72317e-13
0 25 19 2.23484e-13
0 25 20 2.78478e-13
0 25 21 3.33399e-13
0 25 22 3.835e-13
0 25 23 4.23833e-13
0 25 24 4.50041e-13
0 25 25 4.59132e-13
0 25 26 4.50041e-13
0 25 27 4.23833e-13
0 25 28 3.835e-13
0 25 29 3.33399e-13
0 25 30 2.78478e-13
0 25 31 2.23484e-13
0 25 32 1.72317e-13
0 25 33 1.27656e-13
0 25 34 9.08617e-14
0 25 35 6.21368e-14
0 25 36 4.08268e-14
0 25 37 2.57733e-14
0 25 38 1.56323e-14
0 25 39 9.10969e-15
0 25 40 5.1005e-15
0 25 41 2.74379e-15
0 25 42 1.41813e-15
0 25 43 7.04222e-16
0 25 44 3.35994e-16
0 25 45 1.54022e-16
0 25 46 6.78361e-17
0 25 47 2.87056e-17
0 25 48 1.16708e-17
0 25 49 5.61674e-25
0 26 0 2.06628e-25
0 26 1 4.46868e-18
0 26 2 1.14397e-17
0 26 3 2.81372e-17
0 26 4 6.64928e-17
0 26 5 1.50972e-16
0 26 6 3.29341e-16
0 26 7 6.90278e-16
0 26 8 1.39005e-15
0 26 9 2.68945e-15
0 26 10 4.9995e-15
0 26 11 8.9293e-15
0 26 12 1.53227e-14
0 26 13 2.52629e-14
0 26 14 4.00184e-14
0 26 15 6.09064e-14
0 26 16 8.90625e-14
0 26 17 1.25128e-13
0 26 18 1.68905e-13
0 26 19 2.19058e-13
0 26 20 2.72964e-13
0 26 21 3.26797e-13
0 26 22 3.75906e-13
0 26 23 4.1544e-13
0 26 24 4.4113e-13
0 26 25 4.50041e-13
0 26 26 4.4113e-13
0 26 27 4.1544e-13
0 26 28 3.75906e-13
0 26 29 3.26797e-13
0 26 30 2.72964e-13
0 26 31 2.19058e-13
0 26 32 1.68905e-13
0 26 33 1.25128e-13
0 26 34 8.90625e-14
0 26 35 6.09064e-14
0 26 36 4.00184e-14
0 26 37 2.52629e-14
0 26 38 1.53227e-14
0 26 39 8.9293e-15
0 26 40 4.9995e-15
0 26 41 2.68945e-15
0 26 42 1.39005e-15
0 26 43 6.90278e-16
0 26 44 3.29341e-16
0 26 45 1.50972e-16
0 26 46 6.64928e-17
0 26 47 2.81372e-17
0 26 48 1.14397e-17
0 26 49 5.50552e-25
0 27 0 1.94595e-25
0 27 1 4.20845e-18
0 27 2 1.07735e-17
0 27 3 2.64987e-17
0 27 4 6.26206e-17
0 27 5 1.4218e-16
0 27 6 3.10162e-16
0 27 7 6.50079e-16
0 27 8 1.3091e-15
0 27 9 2.53283e-15
0 27 10 4.70835e-15
0 27 11 8.4093e-15
0 27 12 1.44304e-14
0 27 13 2.37917e-14
0 27 14 3.76879e-14
0 27 15 5.73595e-14
0 27 16 8.38759e-14
0 27 17 1.17841e-13
0 27 18 1.59069e-13
0 27 19 2.06301e-13
0 27 20 2.57067e-13
0 27 21 3.07766e-13
0 27 22 3.54015e-13
0 27 23 3.91247e-13
0 27 24 4.1544e-13
0 27 25 4.23833e-13
0 27 26 4.1544e-13
0 27 27 3.91247e-13
0 27 28 3.54015e-13
0 27 29 3.07766e-13
0 27 30 2.57067e-13
0 27 31 2.06301e-13
0 27 32 1.59069e-13
0 27 33 1.17841e-13
0 27 34 8.38759e-14
0 27 35 5.73595e-14
0 27 36 3.76879e-14
0 27 37 2.37917e-14
0 27 38 1.44304e-14
0 27 39 8.4093e-15
0 27 40 4.70835e-15
0 27 41 2.53283e-15
0 27 42 1.3091e-15
0 27 43 6.50079e-16
0 27 44 3.10162e-16
0 27 45 1.4218e-16
0 27 46 6.26206e-17
0 27 47 2.64987e-17
0 27 48 1.07735e-17
0 27 49 5.18491e-25
0 28 0 1.76077e-25
0 28 1 3.80796e-18
0 28 2 9.74831e-18
0 28 3 2.3977e-17
0 28 4 5.66614e-17
0 28 5 1.2865e-16
0 28 6 2.80646e-16
0 28 7 5.88216e-16
0 28 8 1.18452e-15
0 28 9 2.2918e-15
0 28 10 4.2603e-15
0 28 11 7.60905e-15
0 28 12 1.30572e-14
0 28 13 2.15277e-14
0 28 14 3.41014e-14
0 28 15 5.1901e-14
0 28 16 7.58941e-14
0 28 17 1.06627e-13
0 28 18 1.43932e-13
0 28 19 1.86669e-13
0 28 20 2.32604e-13
0 28 21 2.78478e-13
0 28 22 3.20326e-13
0 28 23 3.54015e-13
0 28 24 3.75906e-13
0 28 25 3.835e-13
0 28 26 3.75906e-13
0 28 27 3.54015e-13
0 28 28 3.20326e-13
0 28 29 2.78478e-13
0 28 30 2.32604e-13
0 28 31 1.86669e-13
0 28 32 1.43932e-13
0 28 33 1.06627e-13
0 28 34 7.58941e-14
0 28 35 5.1901e-14
0 28 36 3.41014e-14
0 28 37 2.15277e-14
0 28 38 1.30572e-14
0 28 39 7.60905e-15
0 28 40 4.2603e-15
0 28 41 2.2918e-15
0 28 42 1.18452e-15
0 28 43 5.88216e-16
0 28 44 2.80646e-16
0 28 45 1.2865e-16
0 28 46 5.66614e-17
0 28 47 2.3977e-17
0 28 48 9.74831e-18
0 28 49 4.6915e-25
0 29 0 1.53074e-25
0 29 1 3.31048e-18
0 29 2 8.47477e-18
0 29 3 2.08446e-17
0 29 4 4.92591e-17
0 29 5 1.11843e-16
0 29 6 2.43982e-16
0 29 7 5.1137e-16
0 29 8 1.02977e-15
0 29 9 1.9924e-15
0 29 10 3.70372e-15
0 29 11 6.61499e-15
0 29 12 1.13514e-14
0 29 13 1.87152e-14
0 29 14 2.96463e-14
0 29 15 4.51206e-14
0 29 16 6.59791e-14
0 29 17 9.26972e-14
0 29 18 1.25128e-13
0 29 19 1.62282e-13
0 29 20 2.02216e-13
0 29 21 2.42097e-13
0 29 22 2.78478e-13
0 29 23 3.07766e-13
0 29 24 3.26797e-13
0 29 25 3.33399e-13
0 29 26 3.26797e-13
0 29 27 3.07766e-13
0 29 28 2.78478e-13
0 29 29 2.42097e-13
0 29 30 2.02216e-13
0 29 31 1.62282e-13
0 29 32 1.25128e-13
0 29 33 9.26972e-14
0 29 34 6.59791e-14
0 29 35 4.51206e-14
0 29 36 2.96463e-14
0 29 37 1.87152e-14
0 29 38 1.13514e-14
0 29 39 6.61499e-15
0 29 40 3.70372e-15
0 29 41 1.9924e-15
0 29 42 1.02977e-15
0 29 43 5.1137e-16
0 29 44 2.43982e-16
0 29 45 1.11843e-16
0 29 46 4.92591e-17
0 29 47 2.08446e-17
0 29 48 8.47477e-18
0 29 49 4.07859e-25
0 30 0 1.27858e-25
0 30 1 2.76515e-18
0 30 2 7.07873e-18
0 30 3 1.74109e-17
0 30 4 4.11446e-17
0 30 5 9.34189e-17
0 30 6 2.03791e-16
0 30 7 4.27132e-16
0 30 8 8.60139e-16
0 30 9 1.66419e-15
0 30 10 3.09361e-15
0 30 11 5.52531e-15
0 30 12 9.48146e-15
0 30 13 1.56323e-14
0 30 14 2.47627e-14
0 30 15 3.76879e-14
0 30 16 5.51104e-14
0 30 17 7.74272e-14
0 30 18 1.04516e-13
0 30 19 1.3555e-13
0 30 20 1.68905e-13
0 30 21 2.02216e-13
0 30 22 2.32604e-13
0 30 23 2.57067e-13
0 30 24 2.72964e-13
0 30 25 2.78478e-13
0 30 26 2.72964e-13
0 30 27 2.57067e-13
0 30 28 2.32604e-13
0 30 29 2.02216e-13
0 30 30 1.68905e-13
0 30 31 1.3555e-13
0 30 32 1.04516e-13
0 30 33 7.74272e-14
0 30 34 5.51104e-14
0 30 35 3.76879e-14
0 30 36 2.47627e-14
0 30 37 1.56323e-14
0 30 38 9.48146e-15
0 30 39 5.52531e-15
0 30 40 3.09361e-15
0 30 41 1.66419e-15
0 30 42 8.60139e-16
0 30 43 4.27132e-16
0 30 44 2.03791e-16
0 30 45 9.34189e-17
0 30 46 4.11446e-17
0 30 47 1.74109e-17
0 30 48 7.07873e-18
0 30 49 3.40673e-25
0 31 0 1.02609e-25
0 31 1 2.21908e-18
0 31 2 5.68081e-18
0 31 3 1.39725e-17
0 31 4 3.30194e-17
0 31 5 7.49704e-17
0 31 6 1.63546e-16
0 31 7 3.42782e-16
0 31 8 6.90278e-16
0 31 9 1.33554e-15
0 31 10 2.48268e-15
0 31 11 4.43416e-15
0 31 12 7.60905e-15
0 31 13 1.25452e-14
0 31 14 1.98725e-14
0 31 15 3.02452e-14
0 31 16 4.42271e-14
0 31 17 6.21368e-14
0 31 18 8.38759e-14
0 31 19 1.08781e-13
0 31 20 1.3555e-13
0 31 21 1.62282e-13
0 31 22 1.86669e-13
0 31 23 2.06301e-13
0 31 24 2.19058e-13
0 31 25 2.23484e-13
0 31 26 2.19058e-13
0 31 27 2.06301e-13
0 31 28 1.86669e-13
0 31 29 1.62282e-13
0 31 30 1.3555e-13
0 31 31 1.08781e-13
0 31 32 8.38759e-14
0 31 33 6.21368e-14
0 31 34 4.42271e-14
0 31 35 3.02452e-14
0 31 36 1.98725e-14
0 31 37 1.25452e-14
0 31 38 7.60905e-15
0 31 39 4.43416e-15
0 31 40 2.48268e-15
0 31 41 1.33554e-15
0 31 42 6.90278e-16
0 31 43 3.42782e-16
0 31 44 1.63546e-16
0 31 45 7.49704e-17
0 31 46 3.30194e-17
0 31 47 1.39725e-17
0 31 48 5.68081e-18
0 31 49 2.73396e-25
0 32 0 7.91165e-26
0 32 1 1.71103e-18
0 32 2 4.3802e-18
0 32 3 1.07735e-17
0 32 4 2.54596e-17
0 32 5 5.78061e-17
0 32 6 1.26102e-16
0 32 7 2.64302e-16
0 32 8 5.3224e-16
0 32 9 1.02977e-15
0 32 10 1.91427e-15
0 32 11 3.41897e-15
0 32 12 5.86697e-15
0 32 13 9.673e-15
0 32 14 1.53227e-14
0 32 15 2.33206e-14
0 32 16 3.41014e-14
0 32 17 4.79107e-14
0 32 18 6.46727e-14
0 32 19 8.38759e-14
0 32 20 1.04516e-13
0 32 21 1.25128e-13
0 32 22 1.43932e-13
0 32 23 1.59069e-13
0 32 24 1.68905e-13
0 32 25 1.72317e-13
0 32 26 1.68905e-13
0 32 27 1.59069e-13
0 32 28 1.43932e-13
0 32 29 1.25128e-13
0 32 30 1.04516e-13
0 32 31 8.38759e-14
0 32 32 6.46727e-14
0 32 33 4.79107e-14
0 32 34 3.41014e-14
0 32 35 2.33206e-14
0 32 36 1.53227e-14
0 32 37 9.673e-15
0 32 38 5.86697e-15
0 32 39 3.41897e-15
0 32 40 1.91427e-15
0 32 41 1.02977e-15
0 32 42 5.3224e-16
0 32 43 2.64302e-16
0 32 44 1.26102e-16
0 32 45 5.78061e-17
0 32 46 2.54596e-17
0 32 47 1.07735e-17
0 32 48 4.3802e-18
0 32 49 2.10803e-25
0 33 0 5.8611e-26
0 33 1 1.26756e-18
0 33 2 3.24493e-18
0 33 3 7.98124e-18
0 33 4 1.8861e-17
0 33 5 4.28238e-17
0 33 6 9.34189e-17
0 33 7 1.958e-16
0 33 8 3.94293e-16
0 33 9 7.62875e-16
0 33 10 1.41813e-15
0 33 11 2.53283e-15
0 33 12 4.34636e-15
0 33 13 7.16593e-15
0 33 14 1.13514e-14
0 33 15 1.72764e-14
0 33 16 2.52629e-14
0 33 17 3.54931e-14
0 33 18 4.79107e-14
0 33 19 6.21368e-14
0 33 20 7.74272e-14
0 33 21 9.26972e-14
0 33 22 1.06627e-13
0 33 23 1.17841e-13
0 33 24 1.25128e-13
0 33 25 1.27656e-13
0 33 26 1.25128e-13
0 33 27 1.17841e-13
0 33 28 1.06627e-13
0 33 29 9.26972e-14
0 33 30 7.74272e-14
0 33 31 6.21368e-14
0 33 32 4.79107e-14
0 33 33 3.54931e-14
0 33 34 2.52629e-14
0 33 35 1.72764e-14
0 33 36 1.13514e-14
0 33 37 7.16593e-15
0 33 38 4.34636e-15
0 33 39 2.53283e-15
0 33 40 1.41813e-15
0 33 41 7.62875e-16
0 33 42 3.94293e-16
0 33 43 1.958e-16
0 33 44 9.34189e-17
0 33 45 4.28238e-17
0 33 46 1.8861e-17
0 33 47 7.98124e-18
0 33 48 3.24493e-18
0 33 49 1.56166e-25
0 34 0 4.17175e-26
0 34 1 9.02212e-19
0 34 2 2.30964e-18
0 34 3 5.68081e-18
0 34 4 1.34247e-17
0 34 5 3.04807e-17
0 34 6 6.64928e-17
0 34 7 1.39365e-16
0 34 8 2.80646e-16
0 34 9 5.42992e-16
0 34 10 1.00938e-15
0 34 11 1.8028e-15
0 34 12 3.09361e-15
0 34 13 5.1005e-15
0 34 14 8.07957e-15
0 34 15 1.22968e-14
0 34 16 1.79814e-14
0 34 17 2.52629e-14
0 34 18 3.41014e-14
0 34 19 4.42271e-14
0 34 20 5.51104e-14
0 34 21 6.59791e-14
0 34 22 7.58941e-14
0 34 23 8.38759e-14
0 34 24 8.90625e-14
0 34 25 9.08617e-14
0 34 26 8.90625e-14
0 34 27 8.38759e-14
0 34 28 7.58941e-14
0 34 29 6.59791e-14
0 34 30 5.51104e-14
0 34 31 4.42271e-14
0 34 32 3.41014e-14
0 34 33 2.52629e-14
0 34 34 1.79814e-14
0 34 35 1.22968e-14
0 34 36 8.07957e-15
0 34 37 5.1005e-15
0 34 38 3.09361e-15
0 34 39 1.8028e-15
0 34 40 1.00938e-15
0 34 41 5.42992e-16
0 34 42 2.80646e-16
0 34 43 1.39365e-16
0 34 44 6.64928e-17
0 34 45 3.04807e-17
0 34 46 1.34247e-17
0 34 47 5.68081e-18
0 34 48 2.30964e-18
0 34 49 1.11155e-25
0 35 0 2.8529e-26
0 35 1 6.16988e-19
0 35 2 1.57948e-18
0 35 3 3.88489e-18
0 35 4 9.18061e-18
0 35 5 2.08446e-17
0 35 6 4.54719e-17
0 35 7 9.53061e-17
0 35 8 1.91923e-16
0 35 9 3.71331e-16
0 35 10 6.90278e-16
0 35 11 1.23286e-15
0 35 12 2.1156e-15
0 35 13 3.48803e-15
0 35 14 5.52531e-15
0 35 15 8.4093e-15
0 35 16 1.22968e-14
0 35 17 1.72764e-14
0 35 18 2.33206e-14
0 35 19 3.02452e-14
0 35 20 3.76879e-14
0 35 21 4.51206e-14
0 35 22 5.1901e-14
0 35 23 5.73595e-14
0 35 24 6.09064e-14
0 35 25 6.21368e-14
0 35 26 6.09064e-14
0 35 27 5.73595e-14
0 35 28 5.1901e-14
0 35 29 4.51206e-14
0 35 30 3.76879e-14
0 35 31 3.02452e-14
0 35 32 2.33206e-14
0 35 33 1.72764e-14
0 35 34 1.22968e-14
0 35 35 8.4093e-15
0 35 36 5.52531e-15
0 35 37 3.48803e-15
0 35 38 2.1156e-15
0 35 39 1.23286e-15
0 35 40 6.90278e-16
0 35 41 3.71331e-16
0 35 42 1.91923e-16
0 35 43 9.53061e-17
0 35 44 4.54719e-17
0 35 45 2.08446e-17
0 35 46 9.18061e-18
0 35 47 3.88489e-18
0 35 48 1.57948e-18
0 35 49 7.60143e-26
0 36 0 1.87449e-26
0 36 1 4.0539e-19
0 36 2 1.03779e-18
0 36 3 2.55255e-18
0 36 4 6.03209e-18
0 36 5 1.36959e-17
0 36 6 2.98771e-17
0 36 7 6.26206e-17
0 36 8 1.26102e-16
0 36 9 2.43982e-16
0 36 10 4.53545e-16
0 36 11 8.10048e-16
0 36 12 1.39005e-15
0 36 13 2.2918e-15
0 36 14 3.63038e-15
0 36 15 5.52531e-15
0 36 16 8.07957e-15
0 36 17 1.13514e-14
0 36 18 1.53227e-14
0 36 19 1.98725e-14
0 36 20 2.47627e-14
0 36 21 2.96463e-14
0 36 22 3.41014e-14
0 36 23 3.76879e-14
0 36 24 4.00184e-14
0 36 25 4.08268e-14
0 36 26 4.00184e-14
0 36 27 3.76879e-14
0 36 28 3.41014e-14
0 36 29 2.96463e-14
0 36 30 2.47627e-14
0 36 31 1.98725e-14
0 36 32 1.53227e-14
0 36 33 1.13514e-14
0 36 34 8.07957e-15
0 36 35 5.52531e-15
0 36 36 3.63038e-15
0 36 37 2.2918e-15
0 36 38 1.39005e-15
0 36 39 8.10048e-16
0 36 40 4.53545e-16
0 36 41 2.43982e-16
0 36 42 1.26102e-16
0 36 43 6.26206e-17
0 36 44 2.98771e-17
0 36 45 1.36959e-17
0 36 46 6.03209e-18
0 36 47 2.55255e-18
0 36 48 1.03779e-18
0 36 49 4.9945e-26
0 37 0 1.18333e-26
0 37 1 2.55916e-19
0 37 2 6.5514e-19
0 37 3 1.61138e-18
0 37 4 3.80796e-18
0 37 5 8.64597e-18
0 37 6 1.8861e-17
0 37 7 3.95313e-17
0 37 8 7.96063e-17
0 37 9 1.54022e-16
0 37 10 2.86315e-16
0 37 11 5.1137e-16
0 37 12 8.77515e-16
0 37 13 1.44678e-15
0 37 14 2.2918e-15
0 37 15 3.48803e-15
0 37 16 5.1005e-15
0 37 17 7.16593e-15
0 37 18 9.673e-15
0 37 19 1.25452e-14
0 37 20 1.56323e-14
0 37 21 1.87152e-14
0 37 22 2.15277e-14
0 37 23 2.37917e-14
0 37 24 2.52629e-14
0 37 25 2.57733e-14
0 37 26 2.52629e-14
0 37 27 2.37917e-14
0 37 28 2.15277e-14
0 37 29 1.87152e-14
0 37 30 1.56323e-14
0 37 31 1.25452e-14
0 37 32 9.673e-15
0 37 33 7.16593e-15
0 37 34 5.1005e-15
0 37 35 3.48803e-15
0 37 36 2.2918e-15
0 37 37 1.44678e-15
0 37 38 8.77515e-16
0 37 39 5.1137e-16
0 37 40 2.86315e-16
0 37 41 1.54022e-16
0 37 42 7.96063e-17
0 37 43 3.95313e-17
0 37 44 1.8861e-17
0 37 45 8.64597e-18
0 37 46 3.80796e-18
0 37 47 1.61138e-18
0 37 48 6.5514e-19
0 37 49 3.15294e-26
0 38 0 7.17729e-27
0 38 1 1.55221e-19
0 38 2 3.97363e-19
0 38 3 9.77354e-19
0 38 4 2.30964e-18
0 38 5 5.24405e-18
0 38 6 1.14397e-17
0 38 7 2.3977e-17
0 38 8 4.82837e-17
0 38 9 9.34189e-17
0 38 10 1.73659e-16
0 38 11 3.10162e-16
0 38 12 5.3224e-16
0 38 13 8.77515e-16
0 38 14 1.39005e-15
0 38 15 2.1156e-15
0 38 16 3.09361e-15
0 38 17 4.34636e-15
0 38 18 5.86697e-15
0 38 19 7.60905e-15
0 38 20 9.48146e-15
0 38 21 1.13514e-14
0 38 22 1.30572e-14
0 38 23 1.44304e-14
0 38 24 1.53227e-14
0 38 25 1.56323e-14
0 38 26 1.53227e-14
0 38 27 1.44304e-14
0 38 28 1.30572e-14
0 38 29 1.13514e-14
0 38 30 9.48146e-15
0 38 31 7.60905e-15
0 38 32 5.86697e-15
0 38 33 4.34636e-15
0 38 34 3.09361e-15
0 38 35 2.1156e-15
0 38 36 1.39005e-15
0 38 37 8.77515e-16
0 38 38 5.3224e-16
0 38 39 3.10162e-16
0 38 40 1.73659e-16
0 38 41 9.34189e-17
0 38 42 4.82837e-17
0 38 43 2.3977e-17
0 38 44 1.14397e-17
0 38 45 5.24405e-18
0 38 46 2.30964e-18
0 38 47 9.77354e-19
0 38 48 3.97363e-19
0 38 49 1.91236e-26
0 39 0 4.18255e-27
0 39 1 9.04547e-20
0 39 2 2.31562e-19
0 39 3 5.69551e-19
0 39 4 1.34594e-18
0 39 5 3.05596e-18
0 39 6 6.66649e-18
0 39 7 1.39725e-17
0 39 8 2.81372e-17
0 39 9 5.44397e-17
0 39 10 1.01199e-16
0 39 11 1.80746e-16
0 39 12 3.10162e-16
0 39 13 5.1137e-16
0 39 14 8.10048e-16
0 39 15 1.23286e-15
0 39 16 1.8028e-15
0 39 17 2.53283e-15
0 39 18 3.41897e-15
0 39 19 4.43416e-15
0 39 20 5.52531e-15
0 39 21 6.61499e-15
0 39 22 7.60905e-15
0 39 23 8.4093e-15
0 39 24 8.9293e-15
0 39 25 9.10969e-15
0 39 26 8.9293e-15
0 39 27 8.4093e-15
0 39 28 7.60905e-15
0 39 29 6.61499e-15
0 39 30 5.52531e-15
0 39 31 4.43416e-15
0 39 32 3.41897e-15
0 39 33 2.53283e-15
0 39 34 1.8028e-15
0 39 35 1.23286e-15
0 39 36 8.10048e-16
0 39 37 5.1137e-16
0 39 38 3.10162e-16
0 39 39 1.80746e-16
0 39 40 1.01199e-16
0 39 41 5.44397e-17
0 39 42 2.81372e-17
0 39 43 1.39725e-17
0 39 44 6.66649e-18
0 39 45 3.05596e-18
0 39 46 1.34594e-18
0 39 47 5.69551e-19
0 39 48 2.31562e-19
0 39 49 1.11442e-26
0 40 0 2.3418e-27
0 40 1 5.06454e-20
0 40 2 1.29651e-19
0 40 3 3.18891e-19
0 40 4 7.5359e-19
0 40 5 1.71103e-18
0 40 6 3.73256e-18
0 40 7 7.8232e-18
0 40 8 1.5754e-17
0 40 9 3.04807e-17
0 40 10 5.66614e-17
0 40 11 1.01199e-16
0 40 12 1.73659e-16
0 40 13 2.86315e-16
0 40 14 4.53545e-16
0 40 15 6.90278e-16
0 40 16 1.00938e-15
0 40 17 1.41813e-15
0 40 18 1.91427e-15
0 40 19 2.48268e-15
0 40 20 3.09361e-15
0 40 21 3.70372e-15
0 40 22 4.2603e-15
0 40 23 4.70835e-15
0 40 24 4.9995e-15
0 40 25 5.1005e-15
0 40 26 4.9995e-15
0 40 27 4.70835e-15
0 40 28 4.2603e-15
0 40 29 3.70372e-15
0 40 30 3.09361e-15
0 40 31 2.48268e-15
0 40 32 1.91427e-15
0 40 33 1.41813e-15
0 40 34 1.00938e-15
0 40 35 6.90278e-16
0 40 36 4.53545e-16
0 40 37 2.86315e-16
0 40 38 1.73659e-16
0 40 39 1.01199e-16
0 40 40 5.66614e-17
0 40 41 3.04807e-17
0 40 42 1.5754e-17
0 40 43 7.8232e-18
0 40 44 3.73256e-18
0 40 45 1.71103e-18
0 40 46 7.5359e-19
0 40 47 3.18891e-19
0 40 48 1.29651e-19
0 40 49 6.23964e-27
0 41 0 1.25976e-27
0 41 1 2.72444e-20
0 41 2 6.97452e-20
0 41 3 1.71546e-19
0 41 4 4.0539e-19
0 41 5 9.20437e-19
0 41 6 2.00791e-18
0 41 7 4.20845e-18
0 41 8 8.47477e-18
