0 0 0 3.39875e-65
0 0 1 1.04185e-48
0 0 2 2.66713e-48
0 0 3 6.56008e-48
0 0 4 1.55025e-47
0 0 5 3.51985e-47
0 0 6 7.67845e-47
0 0 7 1.60935e-46
0 0 8 3.24084e-46
0 0 9 6.27035e-46
0 0 10 1.16561e-45
0 0 11 2.08183e-45
0 0 12 3.57243e-45
0 0 13 5.88995e-45
0 0 14 9.33011e-45
0 0 15 1.42001e-44
0 0 16 2.07645e-44
0 0 17 2.91731e-44
0 0 18 3.93796e-44
0 0 19 5.10726e-44
0 0 20 6.36403e-44
0 0 21 7.61913e-44
0 0 22 8.76408e-44
0 0 23 9.68581e-44
0 0 24 1.02847e-43
0 0 25 1.04925e-43
0 0 26 1.02847e-43
0 0 27 9.68581e-44
0 0 28 8.76408e-44
0 0 29 7.61913e-44
0 0 30 6.36403e-44
0 0 31 5.10726e-44
0 0 32 3.93796e-44
0 0 33 2.91731e-44
0 0 34 2.07645e-44
0 0 35 1.42001e-44
0 0 36 9.33011e-45
0 0 37 5.88995e-45
0 0 38 3.57243e-45
0 0 39 2.08183e-45
0 0 40 1.16561e-45
0 0 41 6.27035e-46
0 0 42 3.24084e-46
0 0 43 1.60935e-46
0 0 44 7.67845e-47
0 0 45 3.51985e-47
0 0 46 1.55025e-47
0 0 47 6.56008e-48
0 0 48 2.66713e-48
0 0 49 9.05582e-65
0 1 0 1.04185e-48
0 1 1 3.19371e-32
0 1 2 8.17583e-32
0 1 3 2.01093e-31
0 1 4 4.75215e-31
0 1 5 1.07898e-30
0 1 6 2.35375e-30
0 1 7 4.93332e-30
0 1 8 9.93448e-30
0 1 9 1.92212e-29
0 1 10 3.57308e-29
0 1 11 6.38165e-29
0 1 12 1.0951e-28
0 1 13 1.80551e-28
0 1 14 2.86006e-28
0 1 15 4.3529e-28
0 1 16 6.36517e-28
0 1 17 8.94274e-28
0 1 18 1.20714e-27
0 1 19 1.56558e-27
0 1 20 1.95083e-27
0 1 21 2.33557e-27
0 1 22 2.68655e-27
0 1 23 2.96909e-27
0 1 24 3.15269e-27
0 1 25 3.21638e-27
0 1 26 3.15269e-27
0 1 27 2.96909e-27
0 1 28 2.68655e-27
0 1 29 2.33557e-27
0 1 30 1.95083e-27
0 1 31 1.56558e-27
0 1 32 1.20714e-27
0 1 33 8.94274e-28
0 1 34 6.36517e-28
0 1 35 4.3529e-28
0 1 36 2.86006e-28
0 1 37 1.80551e-28
0 1 38 1.0951e-28
0 1 39 6.38165e-29
0 1 40 3.57308e-29
0 1 41 1.92212e-29
0 1 42 9.93448e-30
0 1 43 4.93332e-30
0 1 44 2.35375e-30
0 1 45 1.07898e-30
0 1 46 4.75215e-31
0 1 47 2.01093e-31
0 1 48 8.17583e-32
0 1 49 2.77598e-48
0 2 0 2.66713e-48
0 2 1 8.17583e-32
0 2 2 2.093e-31
0 2 3 5.14794e-31
0 2 4 1.21654e-30
0 2 5 2.76216e-30
0 2 6 6.02557e-30
0 2 7 1.26292e-29
0 2 8 2.54321e-29
0 2 9 4.92058e-29
0 2 10 9.14701e-29
0 2 11 1.63369e-28
0 2 12 2.80342e-28
0 2 13 4.62207e-28
0 2 14 7.32169e-28
0 2 15 1.11433e-27
0 2 16 1.62947e-27
0 2 17 2.28932e-27
0 2 18 3.09026e-27
0 2 19 4.00786e-27
0 2 20 4.9941e-27
0 2 21 5.97902e-27
0 2 22 6.87751e-27
0 2 23 7.60082e-27
0 2 24 8.07083e-27
0 2 25 8.23387e-27
0 2 26 8.07083e-27
0 2 27 7.60082e-27
0 2 28 6.87751e-27
0 2 29 5.97902e-27
0 2 30 4.9941e-27
0 2 31 4.00786e-27
0 2 32 3.09026e-27
0 2 33 2.28932e-27
0 2 34 1.62947e-27
0 2 35 1.11433e-27
0 2 36 7.32169e-28
0 2 37 4.62207e-28
0 2 38 2.80342e-28
0 2 39 1.63369e-28
0 2 40 9.14701e-29
0 2 41 4.92058e-29
0 2 42 2.54321e-29
0 2 43 1.26292e-29
0 2 44 6.02557e-30
0 2 45 2.76216e-30
0 2 46 1.21654e-30
0 2 47 5.14794e-31
0 2 48 2.093e-31
0 2 49 7.10645e-48
0 3 0 6.56008e-48
0 3 1 2.01093e-31
0 3 2 5.14794e-31
0 3 3 1.26619e-30
0 3 4 2.99221e-30
0 3 5 6.79381e-30
0 3 6 1.48205e-29
0 3 7 3.10628e-29
0 3 8 6.25528e-29
0 3 9 1.21027e-28
0 3 10 2.2498e-28
0 3 11 4.01823e-28
0 3 12 6.89531e-28
0 3 13 1.13684e-27
0 3 14 1.80085e-27
0 3 15 2.74082e-27
0 3 16 4.00786e-27
0 3 17 5.63083e-27
0 3 18 7.60082e-27
0 3 19 9.85774e-27
0 3 20 1.22835e-26
0 3 21 1.4706e-26
0 3 22 1.69159e-26
0 3 23 1.8695e-26
0 3 24 1.9851e-26
0 3 25 2.02521e-26
0 3 26 1.9851e-26
0 3 27 1.8695e-26
0 3 28 1.69159e-26
0 3 29 1.4706e-26
0 3 30 1.22835e-26
0 3 31 9.85774e-27
0 3 32 7.60082e-27
0 3 33 5.63083e-27
0 3 34 4.00786e-27
0 3 35 2.74082e-27
0 3 36 1.80085e-27
0 3 37 1.13684e-27
0 3 38 6.89531e-28
0 3 39 4.01823e-28
0 3 40 2.2498e-28
0 3 41 1.21027e-28
0 3 42 6.25528e-29
0 3 43 3.10628e-29
0 3 44 1.48205e-29
0 3 45 6.79381e-30
0 3 46 2.99221e-30
0 3 47 1.26619e-30
0 3 48 5.14794e-31
0 3 49 1.7479e-47
0 4 0 1.55025e-47
0 4 1 4.75215e-31
0 4 2 1.21654e-30
0 4 3 2.99221e-30
0 4 4 7.07107e-30
0 4 5 1.60549e-29
0 4 6 3.50232e-29
0 4 7 7.34064e-29
0 4 8 1.47822e-28
0 4 9 2.86006e-28
0 4 10 5.31664e-28
0 4 11 9.49572e-28
0 4 12 1.62947e-27
0 4 13 2.68655e-27
0 4 14 4.25569e-27
0 4 15 6.47699e-27
0 4 16 9.47121e-27
0 4 17 1.33066e-26
0 4 18 1.7962e-26
0 4 19 2.32954e-26
0 4 20 2.90279e-26
0 4 21 3.47527e-26
0 4 22 3.99751e-26
0 4 23 4.41793e-26
0 4 24 4.69112e-26
0 4 25 4.78589e-26
0 4 26 4.69112e-26
0 4 27 4.41793e-26
0 4 28 3.99751e-26
0 4 29 3.47527e-26
0 4 30 2.90279e-26
0 4 31 2.32954e-26
0 4 32 1.7962e-26
0 4 33 1.33066e-26
0 4 34 9.47121e-27
0 4 35 6.47699e-27
0 4 36 4.25569e-27
0 4 37 2.68655e-27
0 4 38 1.62947e-27
0 4 39 9.49572e-28
0 4 40 5.31664e-28
0 4 41 2.86006e-28
0 4 42 1.47822e-28
0 4 43 7.34064e-29
0 4 44 3.50232e-29
0 4 45 1.60549e-29
0 4 46 7.07107e-30
0 4 47 2.99221e-30
0 4 48 1.21654e-30
0 4 49 4.13058e-47
0 5 0 3.51985e-47
0 5 1 1.07898e-30
0 5 2 2.76216e-30
0 5 3 6.79381e-30
0 5 4 1.60549e-29
0 5 5 3.64526e-29
0 5 6 7.95203e-29
0 5 7 1.66669e-28
0 5 8 3.35631e-28
0 5 9 6.49376e-28
0 5 10 1.20714e-27
0 5 11 2.156e-27
0 5 12 3.69972e-27
0 5 13 6.0998e-27
0 5 14 9.66254e-27
0 5 15 1.4706e-26
0 5 16 2.15044e-26
0 5 17 3.02125e-26
0 5 18 4.07826e-26
0 5 19 5.28922e-26
0 5 20 6.59078e-26
0 5 21 7.89059e-26
0 5 22 9.07634e-26
0 5 23 1.00309e-25
0 5 24 1.06512e-25
0 5 25 1.08664e-25
0 5 26 1.06512e-25
0 5 27 1.00309e-25
0 5 28 9.07634e-26
0 5 29 7.89059e-26
0 5 30 6.59078e-26
0 5 31 5.28922e-26
0 5 32 4.07826e-26
0 5 33 3.02125e-26
0 5 34 2.15044e-26
0 5 35 1.4706e-26
0 5 36 9.66254e-27
0 5 37 6.0998e-27
0 5 38 3.69972e-27
0 5 39 2.156e-27
0 5 40 1.20714e-27
0 5 41 6.49376e-28
0 5 42 3.35631e-28
0 5 43 1.66669e-28
0 5 44 7.95203e-29
0 5 45 3.64526e-29
0 5 46 1.60549e-29
0 5 47 6.79381e-30
0 5 48 2.76216e-30
0 5 49 9.37848e-47
0 6 0 7.67845e-47
0 6 1 2.35375e-30
0 6 2 6.02557e-30
0 6 3 1.48205e-29
0 6 4 3.50232e-29
0 6 5 7.95203e-29
0 6 6 1.73471e-28
0 6 7 3.63585e-28
0 6 8 7.32169e-28
0 6 9 1.4166e-27
0 6 10 2.63335e-27
0 6 11 4.70326e-27
0 6 12 8.07083e-27
0 6 13 1.33066e-26
0 6 14 2.10786e-26
0 6 15 3.20808e-26
0 6 16 4.69112e-26
0 6 17 6.59078e-26
0 6 18 8.89662e-26
0 6 19 1.15383e-25
0 6 20 1.43776e-25
0 6 21 1.72131e-25
0 6 22 1.97998e-25
0 6 23 2.18822e-25
0 6 24 2.32353e-25
0 6 25 2.37047e-25
0 6 26 2.32353e-25
0 6 27 2.18822e-25
0 6 28 1.97998e-25
0 6 29 1.72131e-25
0 6 30 1.43776e-25
0 6 31 1.15383e-25
0 6 32 8.89662e-26
0 6 33 6.59078e-26
0 6 34 4.69112e-26
0 6 35 3.20808e-26
0 6 36 2.10786e-26
0 6 37 1.33066e-26
0 6 38 8.07083e-27
0 6 39 4.70326e-27
0 6 40 2.63335e-27
0 6 41 1.4166e-27
0 6 42 7.32169e-28
0 6 43 3.63585e-28
0 6 44 1.73471e-28
0 6 45 7.95203e-29
0 6 46 3.50232e-29
0 6 47 1.48205e-29
0 6 48 6.02557e-30
0 6 49 2.04589e-46
0 7 0 1.60935e-46
0 7 1 4.93332e-30
0 7 2 1.26292e-29
0 7 3 3.10628e-29
0 7 4 7.34064e-29
0 7 5 1.66669e-28
0 7 6 3.63585e-28
0 7 7 7.6205e-28
0 7 8 1.53458e-27
0 7 9 2.96909e-27
0 7 10 5.51933e-27
0 7 11 9.85774e-27
0 7 12 1.69159e-26
0 7 13 2.78897e-26
0 7 14 4.41793e-26
0 7 15 6.72392e-26
0 7 16 9.83229e-26
0 7 17 1.38138e-25
0 7 18 1.86467e-25
0 7 19 2.41835e-25
0 7 20 3.01345e-25
0 7 21 3.60776e-25
0 7 22 4.14991e-25
0 7 23 4.58636e-25
0 7 24 4.86996e-25
0 7 25 4.96834e-25
0 7 26 4.86996e-25
0 7 27 4.58636e-25
0 7 28 4.14991e-25
0 7 29 3.60776e-25
0 7 30 3.01345e-25
0 7 31 2.41835e-25
0 7 32 1.86467e-25
0 7 33 1.38138e-25
0 7 34 9.83229e-26
0 7 35 6.72392e-26
0 7 36 4.41793e-26
0 7 37 2.78897e-26
0 7 38 1.69159e-26
0 7 39 9.85774e-27
0 7 40 5.51933e-27
0 7 41 2.96909e-27
0 7 42 1.53458e-27
0 7 43 7.6205e-28
0 7 44 3.63585e-28
0 7 45 1.66669e-28
0 7 46 7.34064e-29
0 7 47 3.10628e-29
0 7 48 1.26292e-29
0 7 49 4.28805e-46
0 8 0 3.24084e-46
0 8 1 9.93448e-30
0 8 2 2.54321e-29
0 8 3 6.25528e-29
0 8 4 1.47822e-28
0 8 5 3.35631e-28
0 8 6 7.32169e-28
0 8 7 1.53458e-27
0 8 8 3.09026e-27
0 8 9 5.97902e-27
0 8 10 1.11146e-26
0 8 11 1.9851e-26
0 8 12 3.40645e-26
0 8 13 5.61629e-26
0 8 14 8.89662e-26
0 8 15 1.35403e-25
0 8 16 1.97998e-25
0 8 17 2.78177e-25
0 8 18 3.75499e-25
0 8 19 4.86996e-25
0 8 20 6.06835e-25
0 8 21 7.26513e-25
0 8 22 8.35689e-25
0 8 23 9.23579e-25
0 8 24 9.8069e-25
0 8 25 1.0005e-24
0 8 26 9.8069e-25
0 8 27 9.23579e-25
0 8 28 8.35689e-25
0 8 29 7.26513e-25
0 8 30 6.06835e-25
0 8 31 4.86996e-25
0 8 32 3.75499e-25
0 8 33 2.78177e-25
0 8 34 1.97998e-25
0 8 35 1.35403e-25
0 8 36 8.89662e-26
0 8 37 5.61629e-26
0 8 38 3.40645e-26
0 8 39 1.9851e-26
0 8 40 1.11146e-26
0 8 41 5.97902e-27
0 8 42 3.09026e-27
0 8 43 1.53458e-27
0 8 44 7.32169e-28
0 8 45 3.35631e-28
0 8 46 1.47822e-28
0 8 47 6.25528e-29
0 8 48 2.54321e-29
0 8 49 8.63507e-46
0 9 0 6.27035e-46
0 9 1 1.92212e-29
0 9 2 4.92058e-29
0 9 3 1.21027e-28
0 9 4 2.86006e-28
0 9 5 6.49376e-28
0 9 6 1.4166e-27
0 9 7 2.96909e-27
0 9 8 5.97902e-27
0 9 9 1.15682e-26
0 9 10 2.15044e-26
0 9 11 3.84076e-26
0 9 12 6.59078e-26
0 9 13 1.08664e-25
0 9 14 1.72131e-25
0 9 15 2.61977e-25
0 9 16 3.83085e-25
0 9 17 5.38214e-25
0 9 18 7.26513e-25
0 9 19 9.42237e-25
0 9 20 1.1741e-24
0 9 21 1.40565e-24
0 9 22 1.61688e-24
0 9 23 1.78693e-24
0 9 24 1.89743e-24
0 9 25 1.93576e-24
0 9 26 1.89743e-24
0 9 27 1.78693e-24
0 9 28 1.61688e-24
0 9 29 1.40565e-24
0 9 30 1.1741e-24
0 9 31 9.42237e-25
0 9 32 7.26513e-25
0 9 33 5.38214e-25
0 9 34 3.83085e-25
0 9 35 2.61977e-25
0 9 36 1.72131e-25
0 9 37 1.08664e-25
0 9 38 6.59078e-26
0 9 39 3.84076e-26
0 9 40 2.15044e-26
0 9 41 1.15682e-26
0 9 42 5.97902e-27
0 9 43 2.96909e-27
0 9 44 1.4166e-27
0 9 45 6.49376e-28
0 9 46 2.86006e-28
0 9 47 1.21027e-28
0 9 48 4.92058e-29
0 9 49 1.67071e-45
0 10 0 1.16561e-45
0 10 1 3.57308e-29
0 10 2 9.14701e-29
0 10 3 2.2498e-28
0 10 4 5.31664e-28
0 10 5 1.20714e-27
0 10 6 2.63335e-27
0 10 7 5.51933e-27
0 10 8 1.11146e-26
0 10 9 2.15044e-26
0 10 10 3.99751e-26
0 10 11 7.1397e-26
0 10 12 1.22518e-25
0 10 13 2.01998e-25
0 10 14 3.19979e-25
0 10 15 4.86996e-25
0 10 16 7.12127e-25
0 10 17 1.0005e-24
0 10 18 1.35054e-24
0 10 19 1.75155e-24
0 10 20 2.18257e-24
0 10 21 2.61301e-24
0 10 22 3.00567e-24
0 10 23 3.32178e-24
0 10 24 3.52719e-24
0 10 25 3.59844e-24
0 10 26 3.52719e-24
0 10 27 3.32178e-24
0 10 28 3.00567e-24
0 10 29 2.61301e-24
0 10 30 2.18257e-24
0 10 31 1.75155e-24
0 10 32 1.35054e-24
0 10 33 1.0005e-24
0 10 34 7.12127e-25
0 10 35 4.86996e-25
0 10 36 3.19979e-25
0 10 37 2.01998e-25
0 10 38 1.22518e-25
0 10 39 7.1397e-26
0 10 40 3.99751e-26
0 10 41 2.15044e-26
0 10 42 1.11146e-26
0 10 43 5.51933e-27
0 10 44 2.63335e-27
0 10 45 1.20714e-27
0 10 46 5.31664e-28
0 10 47 2.2498e-28
0 10 48 9.14701e-29
0 10 49 3.10573e-45
0 11 0 2.08183e-45
0 11 1 6.38165e-29
0 11 2 1.63369e-28
0 11 3 4.01823e-28
0 11 4 9.49572e-28
0 11 5 2.156e-27
0 11 6 4.70326e-27
0 11 7 9.85774e-27
0 11 8 1.9851e-26
0 11 9 3.84076e-26
0 11 10 7.1397e-26
0 11 11 1.27518e-25
0 11 12 2.18822e-25
0 11 13 3.60776e-25
0 11 14 5.71495e-25
0 11 15 8.69794e-25
0 11 16 1.27189e-24
0 11 17 1.78693e-24
0 11 18 2.41211e-24
0 11 19 3.12834e-24
0 11 20 3.89815e-24
0 11 21 4.66693e-24
0 11 22 5.36825e-24
0 11 23 5.93283e-24
0 11 24 6.2997e-24
0 11 25 6.42696e-24
0 11 26 6.2997e-24
0 11 27 5.93283e-24
0 11 28 5.36825e-24
0 11 29 4.66693e-24
0 11 30 3.89815e-24
0 11 31 3.12834e-24
0 11 32 2.41211e-24
0 11 33 1.78693e-24
0 11 34 1.27189e-24
0 11 35 8.69794e-25
0 11 36 5.71495e-25
0 11 37 3.60776e-25
0 11 38 2.18822e-25
0 11 39 1.27518e-25
0 11 40 7.1397e-26
0 11 41 3.84076e-26
0 11 42 1.9851e-26
0 11 43 9.85774e-27
0 11 44 4.70326e-27
0 11 45 2.156e-27
0 11 46 9.49572e-28
0 11 47 4.01823e-28
0 11 48 1.63369e-28
0 11 49 5.54694e-45
0 12 0 3.57243e-45
0 12 1 1.0951e-28
0 12 2 2.80342e-28
0 12 3 6.89531e-28
0 12 4 1.62947e-27
0 12 5 3.69972e-27
0 12 6 8.07083e-27
0 12 7 1.69159e-26
0 12 8 3.40645e-26
0 12 9 6.59078e-26
0 12 10 1.22518e-25
0 12 11 2.18822e-25
0 12 12 3.75499e-25
0 12 13 6.19094e-25
0 12 14 9.8069e-25
0 12 15 1.49257e-24
0 12 16 2.18257e-24
0 12 17 3.06639e-24
0 12 18 4.13919e-24
0 12 19 5.36825e-24
0 12 20 6.68925e-24
0 12 21 8.00848e-24
0 12 22 9.21195e-24
0 12 23 1.01808e-23
0 12 24 1.08103e-23
0 12 25 1.10287e-23
0 12 26 1.08103e-23
0 12 27 1.01808e-23
0 12 28 9.21195e-24
0 12 29 8.00848e-24
0 12 30 6.68925e-24
0 12 31 5.36825e-24
0 12 32 4.13919e-24
0 12 33 3.06639e-24
0 12 34 2.18257e-24
0 12 35 1.49257e-24
0 12 36 9.8069e-25
0 12 37 6.19094e-25
0 12 38 3.75499e-25
0 12 39 2.18822e-25
0 12 40 1.22518e-25
0 12 41 6.59078e-26
0 12 42 3.40645e-26
0 12 43 1.69159e-26
0 12 44 8.07083e-27
0 12 45 3.69972e-27
0 12 46 1.62947e-27
0 12 47 6.89531e-28
0 12 48 2.80342e-28
0 12 49 9.51859e-45
0 13 0 5.88995e-45
0 13 1 1.80551e-28
0 13 2 4.62207e-28
0 13 3 1.13684e-27
0 13 4 2.68655e-27
0 13 5 6.0998e-27
0 13 6 1.33066e-26
0 13 7 2.78897e-26
0 13 8 5.61629e-26
0 13 9 1.08664e-25
0 13 10 2.01998e-25
0 13 11 3.60776e-25
0 13 12 6.19094e-25
0 13 13 1.02071e-24
0 13 14 1.61688e-24
0 13 15 2.46084e-24
0 13 16 3.59844e-24
0 13 17 5.05562e-24
0 13 18 6.82438e-24
0 13 19 8.85074e-24
0 13 20 1.10287e-23
0 13 21 1.32038e-23
0 13 22 1.51879e-23
0 13 23 1.67853e-23
0 13 24 1.78232e-23
0 13 25 1.81833e-23
0 13 26 1.78232e-23
0 13 27 1.67853e-23
0 13 28 1.51879e-23
0 13 29 1.32038e-23
0 13 30 1.10287e-23
0 13 31 8.85074e-24
0 13 32 6.82438e-24
0 13 33 5.05562e-24
0 13 34 3.59844e-24
0 13 35 2.46084e-24
0 13 36 1.61688e-24
0 13 37 1.02071e-24
0 13 38 6.19094e-25
0 13 39 3.60776e-25
0 13 40 2.01998e-25
0 13 41 1.08664e-25
0 13 42 5.61629e-26
0 13 43 2.78897e-26
0 13 44 1.33066e-26
0 13 45 6.0998e-27
0 13 46 2.68655e-27
0 13 47 1.13684e-27
0 13 48 4.62207e-28
0 13 49 1.56935e-44
0 14 0 9.33011e-45
0 14 1 2.86006e-28
0 14 2 7.32169e-28
0 14 3 1.80085e-27
0 14 4 4.25569e-27
0 14 5 9.66254e-27
0 14 6 2.10786e-26
0 14 7 4.41793e-26
0 14 8 8.89662e-26
0 14 9 1.72131e-25
0 14 10 3.19979e-25
0 14 11 5.71495e-25
0 14 12 9.8069e-25
0 14 13 1.61688e-24
0 14 14 2.56126e-24
0 14 15 3.89815e-24
0 14 16 5.7002e-24
0 14 17 8.00848e-24
0 14 18 1.08103e-23
0 14 19 1.40202e-23
0 14 20 1.74703e-23
0 14 21 2.09157e-23
0 14 22 2.40588e-23
0 14 23 2.65891e-23
0 14 24 2.82333e-23
0 14 25 2.88036e-23
0 14 26 2.82333e-23
0 14 27 2.65891e-23
0 14 28 2.40588e-23
0 14 29 2.09157e-23
0 14 30 1.74703e-23
0 14 31 1.40202e-23
0 14 32 1.08103e-23
0 14 33 8.00848e-24
0 14 34 5.7002e-24
0 14 35 3.89815e-24
0 14 36 2.56126e-24
0 14 37 1.61688e-24
0 14 38 9.8069e-25
0 14 39 5.71495e-25
0 14 40 3.19979e-25
0 14 41 1.72131e-25
0 14 42 8.89662e-26
0 14 43 4.41793e-26
0 14 44 2.10786e-26
0 14 45 9.66254e-27
0 14 46 4.25569e-27
0 14 47 1.80085e-27
0 14 48 7.32169e-28
0 14 49 2.48597e-44
0 15 0 1.42001e-44
0 15 1 4.3529e-28
0 15 2 1.11433e-27
0 15 3 2.74082e-27
0 15 4 6.47699e-27
0 15 5 1.4706e-26
0 15 6 3.20808e-26
0 15 7 6.72392e-26
0 15 8 1.35403e-25
0 15 9 2.61977e-25
0 15 10 4.86996e-25
0 15 11 8.69794e-25
0 15 12 1.49257e-24
0 15 13 2.46084e-24
0 15 14 3.89815e-24
0 15 15 5.93283e-24
0 15 16 8.67549e-24
0 15 17 1.21886e-23
0 15 18 1.64529e-23
0 15 19 2.13382e-23
0 15 20 2.65891e-23
0 15 21 3.18329e-23
0 15 22 3.66166e-23
0 15 23 4.04676e-23
0 15 24 4.297e-23
0 15 25 4.3838e-23
0 15 26 4.297e-23
0 15 27 4.04676e-23
0 15 28 3.66166e-23
0 15 29 3.18329e-23
0 15 30 2.65891e-23
0 15 31 2.13382e-23
0 15 32 1.64529e-23
0 15 33 1.21886e-23
0 15 34 8.67549e-24
0 15 35 5.93283e-24
0 15 36 3.89815e-24
0 15 37 2.46084e-24
0 15 38 1.49257e-24
0 15 39 8.69794e-25
0 15 40 4.86996e-25
0 15 41 2.61977e-25
0 15 42 1.35403e-25
0 15 43 6.72392e-26
0 15 44 3.20808e-26
0 15 45 1.4706e-26
0 15 46 6.47699e-27
0 15 47 2.74082e-27
0 15 48 1.11433e-27
0 15 49 3.78355e-44
0 16 0 2.07645e-44
0 16 1 6.36517e-28
0 16 2 1.62947e-27
0 16 3 4.00786e-27
0 16 4 9.47121e-27
0 16 5 2.15044e-26
0 16 6 4.69112e-26
0 16 7 9.83229e-26
0 16 8 1.97998e-25
0 16 9 3.83085e-25
0 16 10 7.12127e-25
0 16 11 1.27189e-24
0 16 12 2.18257e-24
0 16 13 3.59844e-24
0 16 14 5.7002e-24
0 16 15 8.67549e-24
0 16 16 1.2686e-23
0 16 17 1.78232e-23
0 16 18 2.40588e-23
0 16 19 3.12026e-23
0 16 20 3.88808e-23
0 16 21 4.65488e-23
0 16 22 5.35439e-23
0 16 23 5.91751e-23
0 16 24 6.28343e-23
0 16 25 6.41036e-23
0 16 26 6.28343e-23
0 16 27 5.91751e-23
0 16 28 5.35439e-23
0 16 29 4.65488e-23
0 16 30 3.88808e-23
0 16 31 3.12026e-23
0 16 32 2.40588e-23
0 16 33 1.78232e-23
0 16 34 1.2686e-23
0 16 35 8.67549e-24
0 16 36 5.7002e-24
0 16 37 3.59844e-24
0 16 38 2.18257e-24
0 16 39 1.27189e-24
0 16 40 7.12127e-25
0 16 41 3.83085e-25
0 16 42 1.97998e-25
0 16 43 9.83229e-26
0 16 44 4.69112e-26
0 16 45 2.15044e-26
0 16 46 9.47121e-27
0 16 47 4.00786e-27
0 16 48 1.62947e-27
0 16 49 5.53262e-44
0 17 0 2.91731e-44
0 17 1 8.94274e-28
0 17 2 2.28932e-27
0 17 3 5.63083e-27
0 17 4 1.33066e-26
0 17 5 3.02125e-26
0 17 6 6.59078e-26
0 17 7 1.38138e-25
0 17 8 2.78177e-25
0 17 9 5.38214e-25
0 17 10 1.0005e-24
0 17 11 1.78693e-24
0 17 12 3.06639e-24
0 17 13 5.05562e-24
0 17 14 8.00848e-24
0 17 15 1.21886e-23
0 17 16 1.78232e-23
0 17 17 2.50407e-23
0 17 18 3.38014e-23
0 17 19 4.3838e-23
0 17 20 5.46255e-23
0 17 21 6.53986e-23
0 17 22 7.52263e-23
0 17 23 8.31379e-23
0 17 24 8.82789e-23
0 17 25 9.00623e-23
0 17 26 8.82789e-23
0 17 27 8.31379e-23
0 17 28 7.52263e-23
0 17 29 6.53986e-23
0 17 30 5.46255e-23
0 17 31 4.3838e-23
0 17 32 3.38014e-23
0 17 33 2.50407e-23
0 17 34 1.78232e-23
0 17 35 1.21886e-23
0 17 36 8.00848e-24
0 17 37 5.05562e-24
0 17 38 3.06639e-24
0 17 39 1.78693e-24
0 17 40 1.0005e-24
0 17 41 5.38214e-25
0 17 42 2.78177e-25
0 17 43 1.38138e-25
0 17 44 6.59078e-26
0 17 45 3.02125e-26
0 17 46 1.33066e-26
0 17 47 5.63083e-27
0 17 48 2.28932e-27
0 17 49 7.77305e-44
0 18 0 3.93796e-44
0 18 1 1.20714e-27
0 18 2 3.09026e-27
0 18 3 7.60082e-27
0 18 4 1.7962e-26
0 18 5 4.07826e-26
0 18 6 8.89662e-26
0 18 7 1.86467e-25
0 18 8 3.75499e-25
0 18 9 7.26513e-25
0 18 10 1.35054e-24
0 18 11 2.41211e-24
0 18 12 4.13919e-24
0 18 13 6.82438e-24
0 18 14 1.08103e-23
0 18 15 1.64529e-23
0 18 16 2.40588e-23
0 18 17 3.38014e-23
0 18 18 4.56271e-23
0 18 19 5.91751e-23
0 18 20 7.37367e-23
0 18 21 8.82789e-23
0 18 22 1.01545e-22
0 18 23 1.12224e-22
0 18 24 1.19164e-22
0 18 25 1.21571e-22
0 18 26 1.19164e-22
0 18 27 1.12224e-22
0 18 28 1.01545e-22
0 18 29 8.82789e-23
0 18 30 7.37367e-23
0 18 31 5.91751e-23
0 18 32 4.56271e-23
0 18 33 3.38014e-23
0 18 34 2.40588e-23
0 18 35 1.64529e-23
0 18 36 1.08103e-23
0 18 37 6.82438e-24
0 18 38 4.13919e-24
0 18 39 2.41211e-24
0 18 40 1.35054e-24
0 18 41 7.26513e-25
0 18 42 3.75499e-25
0 18 43 1.86467e-25
0 18 44 8.89662e-26
0 18 45 4.07826e-26
0 18 46 1.7962e-26
0 18 47 7.60082e-27
0 18 48 3.09026e-27
0 18 49 1.04925e-43
0 19 0 5.10726e-44
0 19 1 1.56558e-27
0 19 2 4.00786e-27
0 19 3 9.85774e-27
0 19 4 2.32954e-26
0 19 5 5.28922e-26
0 19 6 1.15383e-25
0 19 7 2.41835e-25
0 19 8 4.86996e-25
0 19 9 9.42237e-25
0 19 10 1.75155e-24
0 19 11 3.12834e-24
0 19 12 5.36825e-24
0 19 13 8.85074e-24
0 19 14 1.40202e-23
0 19 15 2.13382e-23
0 19 16 3.12026e-23
0 19 17 4.3838e-23
0 19 18 5.91751e-23
0 19 19 7.6746e-23
0 19 20 9.56314e-23
0 19 21 1.14492e-22
0 19 22 1.31697e-22
0 19 23 1.45547e-22
0 19 24 1.54547e-22
0 19 25 1.5767e-22
0 19 26 1.54547e-22
0 19 27 1.45547e-22
0 19 28 1.31697e-22
0 19 29 1.14492e-22
0 19 30 9.56314e-23
0 19 31 7.6746e-23
0 19 32 5.91751e-23
0 19 33 4.3838e-23
0 19 34 3.12026e-23
0 19 35 2.13382e-23
0 19 36 1.40202e-23
0 19 37 8.85074e-24
0 19 38 5.36825e-24
0 19 39 3.12834e-24
0 19 40 1.75155e-24
0 19 41 9.42237e-25
0 19 42 4.86996e-25
0 19 43 2.41835e-25
0 19 44 1.15383e-25
0 19 45 5.28922e-26
0 19 46 2.32954e-26
0 19 47 9.85774e-27
0 19 48 4.00786e-27
0 19 49 1.36081e-43
0 20 0 6.36403e-44
0 20 1 1.95083e-27
0 20 2 4.9941e-27
0 20 3 1.22835e-26
0 20 4 2.90279e-26
0 20 5 6.59078e-26
0 20 6 1.43776e-25
0 20 7 3.01345e-25
0 20 8 6.06835e-25
0 20 9 1.1741e-24
0 20 10 2.18257e-24
0 20 11 3.89815e-24
0 20 12 6.68925e-24
0 20 13 1.10287e-23
0 20 14 1.74703e-23
0 20 15 2.65891e-23
0 20 16 3.88808e-23
0 20 17 5.46255e-23
0 20 18 7.37367e-23
0 20 19 9.56314e-23
0 20 20 1.19164e-22
0 20 21 1.42665e-22
0 20 22 1.64104e-22
0 20 23 1.81363e-22
0 20 24 1.92578e-22
0 20 25 1.96468e-22
0 20 26 1.92578e-22
0 20 27 1.81363e-22
0 20 28 1.64104e-22
0 20 29 1.42665e-22
0 20 30 1.19164e-22
0 20 31 9.56314e-23
0 20 32 7.37367e-23
0 20 33 5.46255e-23
0 20 34 3.88808e-23
0 20 35 2.65891e-23
0 20 36 1.74703e-23
0 20 37 1.10287e-23
0 20 38 6.68925e-24
0 20 39 3.89815e-24
0 20 40 2.18257e-24
0 20 41 1.1741e-24
0 20 42 6.06835e-25
0 20 43 3.01345e-25
0 20 44 1.43776e-25
0 20 45 6.59078e-26
0 20 46 2.90279e-26
0 20 47 1.22835e-26
0 20 48 4.9941e-27
0 20 49 1.69567e-43
0 21 0 7.61913e-44
0 21 1 2.33557e-27
0 21 2 5.97902e-27
0 21 3 1.4706e-26
0 21 4 3.47527e-26
0 21 5 7.89059e-26
0 21 6 1.72131e-25
0 21 7 3.60776e-25
0 21 8 7.26513e-25
0 21 9 1.40565e-24
0 21 10 2.61301e-24
0 21 11 4.66693e-24
0 21 12 8.00848e-24
0 21 13 1.32038e-23
0 21 14 2.09157e-23
0 21 15 3.18329e-23
0 21 16 4.65488e-23
0 21 17 6.53986e-23
0 21 18 8.82789e-23
0 21 19 1.14492e-22
0 21 20 1.42665e-22
0 21 21 1.70801e-22
0 21 22 1.96468e-22
0 21 23 2.17131e-22
0 21 24 2.30558e-22
0 21 25 2.35215e-22
0 21 26 2.30558e-22
0 21 27 2.17131e-22
0 21 28 1.96468e-22
0 21 29 1.70801e-22
0 21 30 1.42665e-22
0 21 31 1.14492e-22
0 21 32 8.82789e-23
0 21 33 6.53986e-23
0 21 34 4.65488e-23
0 21 35 3.18329e-23
0 21 36 2.09157e-23
0 21 37 1.32038e-23
0 21 38 8.00848e-24
0 21 39 4.66693e-24
0 21 40 2.61301e-24
0 21 41 1.40565e-24
0 21 42 7.26513e-25
0 21 43 3.60776e-25
0 21 44 1.72131e-25
0 21 45 7.89059e-26
0 21 46 3.47527e-26
0 21 47 1.4706e-26
0 21 48 5.97902e-27
0 21 49 2.03008e-43
0 22 0 8.76408e-44
0 22 1 2.68655e-27
0 22 2 6.87751e-27
0 22 3 1.69159e-26
0 22 4 3.99751e-26
0 22 5 9.07634e-26
0 22 6 1.97998e-25
0 22 7 4.14991e-25
0 22 8 8.35689e-25
0 22 9 1.61688e-24
0 22 10 3.00567e-24
0 22 11 5.36825e-24
0 22 12 9.21195e-24
0 22 13 1.51879e-23
0 22 14 2.40588e-23
0 22 15 3.66166e-23
0 22 16 5.35439e-23
0 22 17 7.52263e-23
0 22 18 1.01545e-22
0 22 19 1.31697e-22
0 22 20 1.64104e-22
0 22 21 1.96468e-22
0 22 22 2.25992e-22
0 22 23 2.4976e-22
0 22 24 2.65205e-22
0 22 25 2.70562e-22
0 22 26 2.65205e-22
0 22 27 2.4976e-22
0 22 28 2.25992e-22
0 22 29 1.96468e-22
0 22 30 1.64104e-22
0 22 31 1.31697e-22
0 22 32 1.01545e-22
0 22 33 7.52263e-23
0 22 34 5.35439e-23
0 22 35 3.66166e-23
0 22 36 2.40588e-23
0 22 37 1.51879e-23
0 22 38 9.21195e-24
0 22 39 5.36825e-24
0 22 40 3.00567e-24
0 22 41 1.61688e-24
0 22 42 8.35689e-25
0 22 43 4.14991e-25
0 22 44 1.97998e-25
0 22 45 9.07634e-26
0 22 46 3.99751e-26
0 22 47 1.69159e-26
0 22 48 6.87751e-27
0 22 49 2.33515e-43
0 23 0 9.68581e-44
0 23 1 2.96909e-27
0 23 2 7.60082e-27
0 23 3 1.8695e-26
0 23 4 4.41793e-26
0 23 5 1.00309e-25
0 23 6 2.18822e-25
0 23 7 4.58636e-25
0 23 8 9.23579e-25
0 23 9 1.78693e-24
0 23 10 3.32178e-24
0 23 11 5.93283e-24
0 23 12 1.01808e-23
0 23 13 1.67853e-23
0 23 14 2.65891e-23
0 23 15 4.04676e-23
0 23 16 5.91751e-23
0 23 17 8.31379e-23
0 23 18 1.12224e-22
0 23 19 1.45547e-22
0 23 20 1.81363e-22
0 23 21 2.17131e-22
0 23 22 2.4976e-22
0 23 23 2.76028e-22
0 23 24 2.93096e-22
0 23 25 2.99017e-22
0 23 26 2.93096e-22
0 23 27 2.76028e-22
0 23 28 2.4976e-22
0 23 29 2.17131e-22
0 23 30 1.81363e-22
0 23 31 1.45547e-22
0 23 32 1.12224e-22
0 23 33 8.31379e-23
0 23 34 5.91751e-23
0 23 35 4.04676e-23
0 23 36 2.65891e-23
0 23 37 1.67853e-23
0 23 38 1.01808e-23
0 23 39 5.93283e-24
0 23 40 3.32178e-24
0 23 41 1.78693e-24
0 23 42 9.23579e-25
0 23 43 4.58636e-25
0 23 44 2.18822e-25
0 23 45 1.00309e-25
0 23 46 4.41793e-26
0 23 47 1.8695e-26
0 23 48 7.60082e-27
0 23 49 2.58074e-43
0 24 0 1.02847e-43
0 24 1 3.15269e-27
0 24 2 8.07083e-27
0 24 3 1.9851e-26
0 24 4 4.69112e-26
0 24 5 1.06512e-25
0 24 6 2.32353e-25
0 24 7 4.86996e-25
0 24 8 9.8069e-25
0 24 9 1.89743e-24
0 24 10 3.52719e-24
0 24 11 6.2997e-24
0 24 12 1.08103e-23
0 24 13 1.78232e-23
0 24 14 2.82333e-23
0 24 15 4.297e-23
0 24 16 6.28343e-23
0 24 17 8.82789e-23
0 24 18 1.19164e-22
0 24 19 1.54547e-22
0 24 20 1.92578e-22
0 24 21 2.30558e-22
0 24 22 2.65205e-22
0 24 23 2.93096e-22
0 24 24 3.1122e-22
0 24 25 3.17507e-22
0 24 26 3.1122e-22
0 24 27 2.93096e-22
0 24 28 2.65205e-22
0 24 29 2.30558e-22
0 24 30 1.92578e-22
0 24 31 1.54547e-22
0 24 32 1.19164e-22
0 24 33 8.82789e-23
0 24 34 6.28343e-23
0 24 35 4.297e-23
0 24 36 2.82333e-23
0 24 37 1.78232e-23
0 24 38 1.08103e-23
0 24 39 6.2997e-24
0 24 40 3.52719e-24
0 24 41 1.89743e-24
0 24 42 9.8069e-25
0 24 43 4.86996e-25
0 24 44 2.32353e-25
0 24 45 1.06512e-25
0 24 46 4.69112e-26
0 24 47 1.9851e-26
0 24 48 8.07083e-27
0 24 49 2.74033e-43
0 25 0 1.04925e-43
0 25 1 3.21638e-27
0 25 2 8.23387e-27
0 25 3 2.02521e-26
0 25 4 4.78589e-26
0 25 5 1.08664e-25
0 25 6 2.37047e-25
0 25 7 4.96834e-25
0 25 8 1.0005e-24
0 25 9 1.93576e-24
0 25 10 3.59844e-24
0 25 11 6.42696e-24
0 25 12 1.10287e-23
0 25 13 1.81833e-23
0 25 14 2.88036e-23
0 25 15 4.3838e-23
0 25 16 6.41036e-23
0 25 17 9.00623e-23
0 25 18 1.21571e-22
0 25 19 1.5767e-22
0 25 20 1.96468e-22
0 25 21 2.35215e-22
0 25 22 2.70562e-22
0 25 23 2.99017e-22
0 25 24 3.17507e-22
0 25 25 3.23922e-22
0 25 26 3.17507e-22
0 25 27 2.99017e-22
0 25 28 2.70562e-22
0 25 29 2.35215e-22
0 25 30 1.96468e-22
0 25 31 1.5767e-22
0 25 32 1.21571e-22
0 25 33 9.00623e-23
0 25 34 6.41036e-23
0 25 35 4.3838e-23
0 25 36 2.88036e-23
0 25 37 1.81833e-23
0 25 38 1.10287e-23
0 25 39 6.42696e-24
0 25 40 3.59844e-24
0 25 41 1.93576e-24
0 25 42 1.0005e-24
0 25 43 4.96834e-25
0 25 44 2.37047e-25
0 25 45 1.08664e-25
0 25 46 4.78589e-26
0 25 47 2.02521e-26
0 25 48 8.23387e-27
0 25 49 2.79568e-43
0 26 0 1.02847e-43
0 26 1 3.15269e-27
0 26 2 8.07083e-27
0 26 3 1.9851e-26
0 26 4 4.69112e-26
0 26 5 1.06512e-25
0 26 6 2.32353e-25
0 26 7 4.86996e-25
0 26 8 9.8069e-25
0 26 9 1.89743e-24
0 26 10 3.52719e-24
0 26 11 6.2997e-24
0 26 12 1.08103e-23
0 26 13 1.78232e-23
0 26 14 2.82333e-23
0 26 15 4.297e-23
0 26 16 6.28343e-23
0 26 17 8.82789e-23
0 26 18 1.19164e-22
0 26 19 1.54547e-22
0 26 20 1.92578e-22
0 26 21 2.30558e-22
0 26 22 2.65205e-22
0 26 23 2.93096e-22
0 26 24 3.1122e-22
0 26 25 3.17507e-22
0 26 26 3.1122e-22
0 26 27 2.93096e-22
0 26 28 2.65205e-22
0 26 29 2.30558e-22
0 26 30 1.92578e-22
0 26 31 1.54547e-22
0 26 32 1.19164e-22
0 26 33 8.82789e-23
0 26 34 6.28343e-23
0 26 35 4.297e-23
0 26 36 2.82333e-23
0 26 37 1.78232e-23
0 26 38 1.08103e-23
0 26 39 6.2997e-24
0 26 40 3.52719e-24
0 26 41 1.89743e-24
0 26 42 9.8069e-25
0 26 43 4.86996e-25
0 26 44 2.32353e-25
0 26 45 1.06512e-25
0 26 46 4.69112e-26
0 26 47 1.9851e-26
0 26 48 8.07083e-27
0 26 49 2.74033e-43
0 27 0 9.68581e-44
0 27 1 2.96909e-27
0 27 2 7.60082e-27
0 27 3 1.8695e-26
0 27 4 4.41793e-26
0 27 5 1.00309e-25
0 27 6 2.18822e-25
0 27 7 4.58636e-25
0 27 8 9.23579e-25
0 27 9 1.78693e-24
0 27 10 3.32178e-24
0 27 11 5.93283e-24
0 27 12 1.01808e-23
0 27 13 1.67853e-23
0 27 14 2.65891e-23
0 27 15 4.04676e-23
0 27 16 5.91751e-23
0 27 17 8.31379e-23
0 27 18 1.12224e-22
0 27 19 1.45547e-22
0 27 20 1.81363e-22
0 27 21 2.17131e-22
0 27 22 2.4976e-22
0 27 23 2.76028e-22
0 27 24 2.93096e-22
0 27 25 2.99017e-22
0 27 26 2.93096e-22
0 27 27 2.76028e-22
0 27 28 2.4976e-22
0 27 29 2.17131e-22
0 27 30 1.81363e-22
0 27 31 1.45547e-22
0 27 32 1.12224e-22
0 27 33 8.31379e-23
0 27 34 5.91751e-23
0 27 35 4.04676e-23
0 27 36 2.65891e-23
0 27 37 1.67853e-23
0 27 38 1.01808e-23
0 27 39 5.93283e-24
0 27 40 3.32178e-24
0 27 41 1.78693e-24
0 27 42 9.23579e-25
0 27 43 4.58636e-25
0 27 44 2.18822e-25
0 27 45 1.00309e-25
0 27 46 4.41793e-26
0 27 47 1.8695e-26
0 27 48 7.60082e-27
0 27 49 2.58074e-43
0 28 0 8.76408e-44
0 28 1 2.68655e-27
0 28 2 6.87751e-27
0 28 3 1.69159e-26
0 28 4 3.99751e-26
0 28 5 9.07634e-26
0 28 6 1.97998e-25
0 28 7 4.14991e-25
0 28 8 8.35689e-25
0 28 9 1.61688e-24
0 28 10 3.00567e-24
0 28 11 5.36825e-24
0 28 12 9.21195e-24
0 28 13 1.51879e-23
0 28 14 2.40588e-23
0 28 15 3.66166e-23
0 28 16 5.35439e-23
0 28 17 7.52263e-23
0 28 18 1.01545e-22
0 28 19 1.31697e-22
0 28 20 1.64104e-22
0 28 21 1.96468e-22
0 28 22 2.25992e-22
0 28 23 2.4976e-22
0 28 24 2.65205e-22
0 28 25 2.70562e-22
0 28 26 2.65205e-22
0 28 27 2.4976e-22
0 28 28 2.25992e-22
0 28 29 1.96468e-22
0 28 30 1.64104e-22
0 28 31 1.31697e-22
0 28 32 1.01545e-22
0 28 33 7.52263e-23
0 28 34 5.35439e-23
0 28 35 3.66166e-23
0 28 36 2.40588e-23
0 28 37 1.51879e-23
0 28 38 9.21195e-24
0 28 39 5.36825e-24
0 28 40 3.00567e-24
0 28 41 1.61688e-24
0 28 42 8.35689e-25
0 28 43 4.14991e-25
0 28 44 1.97998e-25
0 28 45 9.07634e-26
0 28 46 3.99751e-26
0 28 47 1.69159e-26
0 28 48 6.87751e-27
0 28 49 2.33515e-43
0 29 0 7.61913e-44
0 29 1 2.33557e-27
0 29 2 5.97902e-27
0 29 3 1.4706e-26
0 29 4 3.47527e-26
0 29 5 7.89059e-26
0 29 6 1.72131e-25
0 29 7 3.60776e-25
0 29 8 7.26513e-25
0 29 9 1.40565e-24
0 29 10 2.61301e-24
0 29 11 4.66693e-24
0 29 12 8.00848e-24
0 29 13 1.32038e-23
0 29 14 2.09157e-23
0 29 15 3.18329e-23
0 29 16 4.65488e-23
0 29 17 6.53986e-23
0 29 18 8.82789e-23
0 29 19 1.14492e-22
0 29 20 1.42665e-22
0 29 21 1.70801e-22
0 29 22 1.96468e-22
0 29 23 2.17131e-22
0 29 24 2.30558e-22
0 29 25 2.35215e-22
0 29 26 2.30558e-22
0 29 27 2.17131e-22
0 29 28 1.96468e-22
0 29 29 1.70801e-22
0 29 30 1.42665e-22
0 29 31 1.14492e-22
0 29 32 8.82789e-23
0 29 33 6.53986e-23
0 29 34 4.65488e-23
0 29 35 3.18329e-23
0 29 36 2.09157e-23
0 29 37 1.32038e-23
0 29 38 8.00848e-24
0 29 39 4.66693e-24
0 29 40 2.61301e-24
0 29 41 1.40565e-24
0 29 42 7.26513e-25
0 29 43 3.60776e-25
0 29 44 1.72131e-25
0 29 45 7.89059e-26
0 29 46 3.47527e-26
0 29 47 1.4706e-26
0 29 48 5.97902e-27
0 29 49 2.03008e-43
0 30 0 6.36403e-44
0 30 1 1.95083e-27
0 30 2 4.9941e-27
0 30 3 1.22835e-26
0 30 4 2.90279e-26
0 30 5 6.59078e-26
0 30 6 1.43776e-25
0 30 7 3.01345e-25
0 30 8 6.06835e-25
0 30 9 1.1741e-24
0 30 10 2.18257e-24
0 30 11 3.89815e-24
0 30 12 6.68925e-24
0 30 13 1.10287e-23
0 30 14 1.74703e-23
0 30 15 2.65891e-23
0 30 16 3.88808e-23
0 30 17 5.46255e-23
0 30 18 7.37367e-23
0 30 19 9.56314e-23
0 30 20 1.19164e-22
0 30 21 1.42665e-22
0 30 22 1.64104e-22
0 30 23 1.81363e-22
0 30 24 1.92578e-22
0 30 25 1.96468e-22
0 30 26 1.92578e-22
0 30 27 1.81363e-22
0 30 28 1.64104e-22
0 30 29 1.42665e-22
0 30 30 1.19164e-22
0 30 31 9.56314e-23
0 30 32 7.37367e-23
0 30 33 5.46255e-23
0 30 34 3.88808e-23
0 30 35 2.65891e-23
0 30 36 1.74703e-23
0 30 37 1.10287e-23
0 30 38 6.68925e-24
0 30 39 3.89815e-24
0 30 40 2.18257e-24
0 30 41 1.1741e-24
0 30 42 6.06835e-25
0 30 43 3.01345e-25
0 30 44 1.43776e-25
0 30 45 6.59078e-26
0 30 46 2.90279e-26
0 30 47 1.22835e-26
0 30 48 4.9941e-27
0 30 49 1.69567e-43
0 31 0 5.10726e-44
0 31 1 1.56558e-27
0 31 2 4.00786e-27
0 31 3 9.85774e-27
0 31 4 2.32954e-26
0 31 5 5.28922e-26
0 31 6 1.15383e-25
0 31 7 2.41835e-25
0 31 8 4.86996e-25
0 31 9 9.42237e-25
0 31 10 1.75155e-24
0 31 11 3.12834e-24
0 31 12 5.36825e-24
0 31 13 8.85074e-24
0 31 14 1.40202e-23
0 31 15 2.13382e-23
0 31 16 3.12026e-23
0 31 17 4.3838e-23
0 31 18 5.91751e-23
0 31 19 7.6746e-23
0 31 20 9.56314e-23
0 31 21 1.14492e-22
0 31 22 1.31697e-22
0 31 23 1.45547e-22
0 31 24 1.54547e-22
0 31 25 1.5767e-22
0 31 26 1.54547e-22
0 31 27 1.45547e-22
0 31 28 1.31697e-22
0 31 29 1.14492e-22
0 31 30 9.56314e-23
0 31 31 7.6746e-23
0 31 32 5.91751e-23
0 31 33 4.3838e-23
0 31 34 3.12026e-23
0 31 35 2.13382e-23
0 31 36 1.40202e-23
0 31 37 8.85074e-24
0 31 38 5.36825e-24
0 31 39 3.12834e-24
0 31 40 1.75155e-24
0 31 41 9.42237e-25
0 31 42 4.86996e-25
0 31 43 2.41835e-25
0 31 44 1.15383e-25
0 31 45 5.28922e-26
0 31 46 2.32954e-26
0 31 47 9.85774e-27
0 31 48 4.00786e-27
0 31 49 1.36081e-43
0 32 0 3.93796e-44
0 32 1 1.20714e-27
0 32 2 3.09026e-27
0 32 3 7.60082e-27
0 32 4 1.7962e-26
0 32 5 4.07826e-26
0 32 6 8.89662e-26
0 32 7 1.86467e-25
0 32 8 3.75499e-25
0 32 9 7.26513e-25
0 32 10 1.35054e-24
0 32 11 2.41211e-24
0 32 12 4.13919e-24
0 32 13 6.82438e-24
0 32 14 1.08103e-23
0 32 15 1.64529e-23
0 32 16 2.40588e-23
0 32 17 3.38014e-23
0 32 18 4.56271e-23
0 32 19 5.91751e-23
0 32 20 7.37367e-23
0 32 21 8.82789e-23
0 32 22 1.01545e-22
0 32 23 1.12224e-22
0 32 24 1.19164e-22
0 32 25 1.21571e-22
0 32 26 1.19164e-22
0 32 27 1.12224e-22
0 32 28 1.01545e-22
0 32 29 8.82789e-23
0 32 30 7.37367e-23
0 32 31 5.91751e-23
0 32 32 4.56271e-23
0 32 33 3.38014e-23
0 32 34 2.40588e-23
0 32 35 1.64529e-23
0 32 36 1.08103e-23
0 32 37 6.82438e-24
0 32 38 4.13919e-24
0 32 39 2.41211e-24
0 32 40 1.35054e-24
0 32 41 7.26513e-25
0 32 42 3.75499e-25
0 32 43 1.86467e-25
0 32 44 8.89662e-26
0 32 45 4.07826e-26
0 32 46 1.7962e-26
0 32 47 7.60082e-27
0 32 48 3.09026e-27
0 32 49 1.04925e-43
0 33 0 2.91731e-44
0 33 1 8.94274e-28
0 33 2 2.28932e-27
0 33 3 5.63083e-27
0 33 4 1.33066e-26
0 33 5 3.02125e-26
0 33 6 6.59078e-26
0 33 7 1.38138e-25
0 33 8 2.78177e-25
0 33 9 5.38214e-25
0 33 10 1.0005e-24
0 33 11 1.78693e-24
0 33 12 3.06639e-24
0 33 13 5.05562e-24
0 33 14 8.00848e-24
0 33 15 1.21886e-23
0 33 16 1.78232e-23
0 33 17 2.50407e-23
0 33 18 3.38014e-23
0 33 19 4.3838e-23
0 33 20 5.46255e-23
0 33 21 6.53986e-23
0 33 22 7.52263e-23
0 33 23 8.31379e-23
0 33 24 8.82789e-23
0 33 25 9.00623e-23
0 33 26 8.82789e-23
0 33 27 8.31379e-23
0 33 28 7.52263e-23
0 33 29 6.53986e-23
0 33 30 5.46255e-23
0 33 31 4.3838e-23
0 33 32 3.38014e-23
0 33 33 2.50407e-23
0 33 34 1.78232e-23
0 33 35 1.21886e-23
0 33 36 8.00848e-24
0 33 37 5.05562e-24
0 33 38 3.06639e-24
0 33 39 1.78693e-24
0 33 40 1.0005e-24
0 33 41 5.38214e-25
0 33 42 2.78177e-25
0 33 43 1.38138e-25
0 33 44 6.59078e-26
0 33 45 3.02125e-26
0 33 46 1.33066e-26
0 33 47 5.63083e-27
0 33 48 2.28932e-27
0 33 49 7.77305e-44
0 34 0 2.07645e-44
0 34 1 6.36517e-28
0 34 2 1.62947e-27
0 34 3 4.00786e-27
0 34 4 9.47121e-27
0 34 5 2.15044e-26
0 34 6 4.69112e-26
0 34 7 9.83229e-26
0 34 8 1.97998e-25
0 34 9 3.83085e-25
0 34 10 7.12127e-25
0 34 11 1.27189e-24
0 34 12 2.18257e-24
0 34 13 3.59844e-24
0 34 14 5.7002e-24
0 34 15 8.67549e-24
0 34 16 1.2686e-23
0 34 17 1.78232e-23
0 34 18 2.40588e-23
0 34 19 3.12026e-23
0 34 20 3.88808e-23
0 34 21 4.65488e-23
0 34 22 5.35439e-23
0 34 23 5.91751e-23
0 34 24 6.28343e-23
0 34 25 6.41036e-23
0 34 26 6.28343e-23
0 34 27 5.91751e-23
0 34 28 5.35439e-23
0 34 29 4.65488e-23
0 34 30 3.88808e-23
0 34 31 3.12026e-23
0 34 32 2.40588e-23
0 34 33 1.78232e-23
0 34 34 1.2686e-23
0 34 35 8.67549e-24
0 34 36 5.7002e-24
0 34 37 3.59844e-24
0 34 38 2.18257e-24
0 34 39 1.27189e-24
0 34 40 7.12127e-25
0 34 41 3.83085e-25
0 34 42 1.97998e-25
0 34 43 9.83229e-26
0 34 44 4.69112e-26
0 34 45 2.15044e-26
0 34 46 9.47121e-27
0 34 47 4.00786e-27
0 34 48 1.62947e-27
0 34 49 5.53262e-44
0 35 0 1.42001e-44
0 35 1 4.3529e-28
0 35 2 1.11433e-27
0 35 3 2.74082e-27
0 35 4 6.47699e-27
0 35 5 1.4706e-26
0 35 6 3.20808e-26
0 35 7 6.72392e-26
0 35 8 1.35403e-25
0 35 9 2.61977e-25
0 35 10 4.86996e-25
0 35 11 8.69794e-25
0 35 12 1.49257e-24
0 35 13 2.46084e-24
0 35 14 3.89815e-24
0 35 15 5.93283e-24
0 35 16 8.67549e-24
0 35 17 1.21886e-23
0 35 18 1.64529e-23
0 35 19 2.13382e-23
0 35 20 2.65891e-23
0 35 21 3.18329e-23
0 35 22 3.66166e-23
0 35 23 4.04676e-23
0 35 24 4.297e-23
0 35 25 4.3838e-23
0 35 26 4.297e-23
0 35 27 4.04676e-23
0 35 28 3.66166e-23
0 35 29 3.18329e-23
0 35 30 2.65891e-23
0 35 31 2.13382e-23
0 35 32 1.64529e-23
0 35 33 1.21886e-23
0 35 34 8.67549e-24
0 35 35 5.93283e-24
0 35 36 3.89815e-24
0 35 37 2.46084e-24
0 35 38 1.49257e-24
0 35 39 8.69794e-25
0 35 40 4.86996e-25
0 35 41 2.61977e-25
0 35 42 1.35403e-25
0 35 43 6.72392e-26
0 35 44 3.20808e-26
0 35 45 1.4706e-26
0 35 46 6.47699e-27
0 35 47 2.74082e-27
0 35 48 1.11433e-27
0 35 49 3.78355e-44
0 36 0 9.33011e-45
0 36 1 2.86006e-28
0 36 2 7.32169e-28
0 36 3 1.80085e-27
0 36 4 4.25569e-27
0 36 5 9.66254e-27
0 36 6 2.10786e-26
0 36 7 4.41793e-26
0 36 8 8.89662e-26
0 36 9 1.72131e-25
0 36 10 3.19979e-25
0 36 11 5.71495e-25
0 36 12 9.8069e-25
0 36 13 1.61688e-24
0 36 14 2.56126e-24
0 36 15 3.89815e-24
0 36 16 5.7002e-24
0 36 17 8.00848e-24
0 36 18 1.08103e-23
0 36 19 1.40202e-23
0 36 20 1.74703e-23
0 36 21 2.09157e-23
0 36 22 2.40588e-23
0 36 23 2.65891e-23
0 36 24 2.82333e-23
0 36 25 2.88036e-23
0 36 26 2.82333e-23
0 36 27 2.65891e-23
0 36 28 2.40588e-23
0 36 29 2.09157e-23
0 36 30 1.74703e-23
0 36 31 1.40202e-23
0 36 32 1.08103e-23
0 36 33 8.00848e-24
0 36 34 5.7002e-24
0 36 35 3.89815e-24
0 36 36 2.56126e-24
0 36 37 1.61688e-24
0 36 38 9.8069e-25
0 36 39 5.71495e-25
0 36 40 3.19979e-25
0 36 41 1.72131e-25
0 36 42 8.89662e-26
0 36 43 4.41793e-26
0 36 44 2.10786e-26
0 36 45 9.66254e-27
0 36 46 4.25569e-27
0 36 47 1.80085e-27
0 36 48 7.32169e-28
0 36 49 2.48597e-44
0 37 0 5.88995e-45
0 37 1 1.80551e-28
0 37 2 4.62207e-28
0 37 3 1.13684e-27
0 37 4 2.68655e-27
0 37 5 6.0998e-27
0 37 6 1.33066e-26
0 37 7 2.78897e-26
0 37 8 5.61629e-26
0 37 9 1.08664e-25
0 37 10 2.01998e-25
0 37 11 3.60776e-25
0 37 12 6.19094e-25
0 37 13 1.02071e-24
0 37 14 1.61688e-24
0 37 15 2.46084e-24
0 37 16 3.59844e-24
0 37 17 5.05562e-24
0 37 18 6.82438e-24
0 37 19 8.85074e-24
0 37 20 1.10287e-23
0 37 21 1.32038e-23
0 37 22 1.51879e-23
0 37 23 1.67853e-23
0 37 24 1.78232e-23
0 37 25 1.81833e-23
0 37 26 1.78232e-23
0 37 27 1.67853e-23
0 37 28 1.51879e-23
0 37 29 1.32038e-23
0 37 30 1.10287e-23
0 37 31 8.85074e-24
0 37 32 6.82438e-24
0 37 33 5.05562e-24
0 37 34 3.59844e-24
0 37 35 2.46084e-24
0 37 36 1.61688e-24
0 37 37 1.02071e-24
0 37 38 6.19094e-25
0 37 39 3.60776e-25
0 37 40 2.01998e-25
0 37 41 1.08664e-25
0 37 42 5.61629e-26
0 37 43 2.78897e-26
0 37 44 1.33066e-26
0 37 45 6.0998e-27
0 37 46 2.68655e-27
0 37 47 1.13684e-27
0 37 48 4.62207e-28
0 37 49 1.56935e-44
0 38 0 3.57243e-45
0 38 1 1.0951e-28
0 38 2 2.80342e-28
0 38 3 6.89531e-28
0 38 4 1.62947e-27
0 38 5 3.69972e-27
0 38 6 8.07083e-27
0 38 7 1.69159e-26
0 38 8 3.40645e-26
0 38 9 6.59078e-26
0 38 10 1.22518e-25
0 38 11 2.18822e-25
0 38 12 3.75499e-25
0 38 13 6.19094e-25
0 38 14 9.8069e-25
0 38 15 1.49257e-24
0 38 16 2.18257e-24
0 38 17 3.06639e-24
0 38 18 4.13919e-24
0 38 19 5.36825e-24
0 38 20 6.68925e-24
0 38 21 8.00848e-24
0 38 22 9.21195e-24
0 38 23 1.01808e-23
0 38 24 1.08103e-23
0 38 25 1.10287e-23
0 38 26 1.08103e-23
0 38 27 1.01808e-23
0 38 28 9.21195e-24
0 38 29 8.00848e-24
0 38 30 6.68925e-24
0 38 31 5.36825e-24
0 38 32 4.13919e-24
0 38 33 3.06639e-24
0 38 34 2.18257e-24
0 38 35 1.49257e-24
0 38 36 9.8069e-25
0 38 37 6.19094e-25
0 38 38 3.75499e-25
0 38 39 2.18822e-25
0 38 40 1.22518e-25
0 38 41 6.59078e-26
0 38 42 3.40645e-26
0 38 43 1.69159e-26
0 38 44 8.07083e-27
0 38 45 3.69972e-27
0 38 46 1.62947e-27
0 38 47 6.89531e-28
0 38 48 2.80342e-28
0 38 49 9.51859e-45
0 39 0 2.08183e-45
0 39 1 6.38165e-29
0 39 2 1.63369e-28
0 39 3 4.01823e-28
0 39 4 9.49572e-28
0 39 5 2.156e-27
0 39 6 4.70326e-27
0 39 7 9.85774e-27
0 39 8 1.9851e-26
0 39 9 3.84076e-26
0 39 10 7.1397e-26
0 39 11 1.27518e-25
0 39 12 2.18822e-25
0 39 13 3.60776e-25
0 39 14 5.71495e-25
0 39 15 8.69794e-25
0 39 16 1.27189e-24
0 39 17 1.78693e-24
0 39 18 2.41211e-24
0 39 19 3.12834e-24
0 39 20 3.89815e-24
0 39 21 4.66693e-24
0 39 22 5.36825e-24
0 39 23 5.93283e-24
0 39 24 6.2997e-24
0 39 25 6.42696e-24
0 39 26 6.2997e-24
0 39 27 5.93283e-24
0 39 28 5.36825e-24
0 39 29 4.66693e-24
0 39 30 3.89815e-24
0 39 31 3.12834e-24
0 39 32 2.41211e-24
0 39 33 1.78693e-24
0 39 34 1.27189e-24
0 39 35 8.69794e-25
0 39 36 5.71495e-25
0 39 37 3.60776e-25
0 39 38 2.18822e-25
0 39 39 1.27518e-25
0 39 40 7.1397e-26
0 39 41 3.84076e-26
0 39 42 1.9851e-26
0 39 43 9.85774e-27
0 39 44 4.70326e-27
0 39 45 2.156e-27
0 39 46 9.49572e-28
0 39 47 4.01823e-28
0 39 48 1.63369e-28
0 39 49 5.54694e-45
0 40 0 1.16561e-45
0 40 1 3.57308e-29
0 40 2 9.14701e-29
0 40 3 2.2498e-28
0 40 4 5.31664e-28
0 40 5 1.20714e-27
0 40 6 2.63335e-27
0 40 7 5.51933e-27
0 40 8 1.11146e-26
0 40 9 2.15044e-26
0 40 10 3.99751e-26
0 40 11 7.1397e-26
0 40 12 1.22518e-25
0 40 13 2.01998e-25
0 40 14 3.19979e-25
0 40 15 4.86996e-25
0 40 16 7.12127e-25
0 40 17 1.0005e-24
0 40 18 1.35054e-24
0 40 19 1.75155e-24
0 40 20 2.18257e-24
0 40 21 2.61301e-24
0 40 22 3.00567e-24
0 40 23 3.32178e-24
0 40 24 3.52719e-24
0 40 25 3.59844e-24
0 40 26 3.52719e-24
0 40 27 3.32178e-24
0 40 28 3.00567e-24
0 40 29 2.61301e-24
0 40 30 2.18257e-24
0 40 31 1.75155e-24
0 40 32 1.35054e-24
0 40 33 1.0005e-24
0 40 34 7.12127e-25
0 40 35 4.86996e-25
0 40 36 3.19979e-25
0 40 37 2.01998e-25
0 40 38 1.22518e-25
0 40 39 7.1397e-26
0 40 40 3.99751e-26
0 40 41 2.15044e-26
0 40 42 1.11146e-26
0 40 43 5.51933e-27
0 40 44 2.63335e-27
0 40 45 1.20714e-27
0 40 46 5.31664e-28
0 40 47 2.2498e-28
0 40 48 9.14701e-29
0 40 49 3.10573e-45
0 41 0 6.27035e-46
0 41 1 1.92212e-29
0 41 2 4.92058e-29
0 41 3 1.21027e-28
0 41 4 2.86006e-28
