0 0 0 8.71864e-86
0 0 1 1.95236e-62
0 0 2 4.99801e-62
0 0 3 1.22931e-61
0 0 4 2.90506e-61
0 0 5 6.59594e-61
0 0 6 1.43889e-60
0 0 7 3.01581e-60
0 0 8 6.0731e-60
0 0 9 1.17502e-59
0 0 10 2.18427e-59
0 0 11 3.9012e-59
0 0 12 6.69448e-59
0 0 13 1.10373e-58
0 0 14 1.7484e-58
0 0 15 2.66099e-58
0 0 16 3.89113e-58
0 0 17 5.46683e-58
0 0 18 7.37945e-58
0 0 19 9.57063e-58
0 0 20 1.19257e-57
0 0 21 1.42777e-57
0 0 22 1.64233e-57
0 0 23 1.81505e-57
0 0 24 1.92729e-57
0 0 25 1.96622e-57
0 0 26 1.92729e-57
0 0 27 1.81505e-57
0 0 28 1.64233e-57
0 0 29 1.42777e-57
0 0 30 1.19257e-57
0 0 31 9.57063e-58
0 0 32 7.37945e-58
0 0 33 5.46683e-58
0 0 34 3.89113e-58
0 0 35 2.66099e-58
0 0 36 1.7484e-58
0 0 37 1.10373e-58
0 0 38 6.69448e-59
0 0 39 3.9012e-59
0 0 40 2.18427e-59
0 0 41 1.17502e-59
0 0 42 6.0731e-60
0 0 43 3.01581e-60
0 0 44 1.43889e-60
0 0 45 6.59594e-61
0 0 46 2.90506e-61
0 0 47 1.22931e-61
0 0 48 4.99801e-62
0 0 49 2.32304e-85
0 1 0 1.95236e-62
0 1 1 4.37191e-39
0 1 2 1.1192e-38
0 1 3 2.75279e-38
0 1 4 6.50529e-38
0 1 5 1.47703e-37
0 1 6 3.22209e-37
0 1 7 6.75329e-37
0 1 8 1.35995e-36
0 1 9 2.63121e-36
0 1 10 4.89124e-36
0 1 11 8.73594e-36
0 1 12 1.49909e-35
0 1 13 2.47159e-35
0 1 14 3.91517e-35
0 1 15 5.95875e-35
0 1 16 8.71338e-35
0 1 17 1.22418e-34
0 1 18 1.65248e-34
0 1 19 2.14315e-34
0 1 20 2.67052e-34
0 1 21 3.1972e-34
0 1 22 3.67765e-34
0 1 23 4.06444e-34
0 1 24 4.31577e-34
0 1 25 4.40295e-34
0 1 26 4.31577e-34
0 1 27 4.06444e-34
0 1 28 3.67765e-34
0 1 29 3.1972e-34
0 1 30 2.67052e-34
0 1 31 2.14315e-34
0 1 32 1.65248e-34
0 1 33 1.22418e-34
0 1 34 8.71338e-35
0 1 35 5.95875e-35
0 1 36 3.91517e-35
0 1 37 2.47159e-35
0 1 38 1.49909e-35
0 1 39 8.73594e-36
0 1 40 4.89124e-36
0 1 41 2.63121e-36
0 1 42 1.35995e-36
0 1 43 6.75329e-37
0 1 44 3.22209e-37
0 1 45 1.47703e-37
0 1 46 6.50529e-38
0 1 47 2.75279e-38
0 1 48 1.1192e-38
0 1 49 5.20198e-62
0 2 0 4.99801e-62
0 2 1 1.1192e-38
0 2 2 2.86513e-38
0 2 3 7.04709e-38
0 2 4 1.66534e-37
0 2 5 3.78116e-37
0 2 6 8.24849e-37
0 2 7 1.72883e-36
0 2 8 3.48144e-36
0 2 9 6.73586e-36
0 2 10 1.25215e-35
0 2 11 2.23638e-35
0 2 12 3.83765e-35
0 2 13 6.32721e-35
0 2 14 1.00228e-34
0 2 15 1.52543e-34
0 2 16 2.23061e-34
0 2 17 3.13389e-34
0 2 18 4.23031e-34
0 2 19 5.48641e-34
0 2 20 6.83649e-34
0 2 21 8.18477e-34
0 2 22 9.41472e-34
0 2 23 1.04049e-33
0 2 24 1.10483e-33
0 2 25 1.12715e-33
0 2 26 1.10483e-33
0 2 27 1.04049e-33
0 2 28 9.41472e-34
0 2 29 8.18477e-34
0 2 30 6.83649e-34
0 2 31 5.48641e-34
0 2 32 4.23031e-34
0 2 33 3.13389e-34
0 2 34 2.23061e-34
0 2 35 1.52543e-34
0 2 36 1.00228e-34
0 2 37 6.32721e-35
0 2 38 3.83765e-35
0 2 39 2.23638e-35
0 2 40 1.25215e-35
0 2 41 6.73586e-36
0 2 42 3.48144e-36
0 2 43 1.72883e-36
0 2 44 8.24849e-37
0 2 45 3.78116e-37
0 2 46 1.66534e-37
0 2 47 7.04709e-38
0 2 48 2.86513e-38
0 2 49 1.3317e-61
0 3 0 1.22931e-61
0 3 1 2.75279e-38
0 3 2 7.04709e-38
0 3 3 1.73331e-37
0 3 4 4.09608e-37
0 3 5 9.30015e-37
0 3 6 2.0288e-36
0 3 7 4.25224e-36
0 3 8 8.56295e-36
0 3 9 1.65675e-35
0 3 10 3.07979e-35
0 3 11 5.50062e-35
0 3 12 9.43909e-35
0 3 13 1.55624e-34
0 3 14 2.4652e-34
0 3 15 3.75195e-34
0 3 16 5.48641e-34
0 3 17 7.70812e-34
0 3 18 1.04049e-33
0 3 19 1.34944e-33
0 3 20 1.68151e-33
0 3 21 2.01313e-33
0 3 22 2.31565e-33
0 3 23 2.55919e-33
0 3 24 2.71744e-33
0 3 25 2.77233e-33
0 3 26 2.71744e-33
0 3 27 2.55919e-33
0 3 28 2.31565e-33
0 3 29 2.01313e-33
0 3 30 1.68151e-33
0 3 31 1.34944e-33
0 3 32 1.04049e-33
0 3 33 7.70812e-34
0 3 34 5.48641e-34
0 3 35 3.75195e-34
0 3 36 2.4652e-34
0 3 37 1.55624e-34
0 3 38 9.43909e-35
0 3 39 5.50062e-35
0 3 40 3.07979e-35
0 3 41 1.65675e-35
0 3 42 8.56295e-36
0 3 43 4.25224e-36
0 3 44 2.0288e-36
0 3 45 9.30015e-37
0 3 46 4.09608e-37
0 3 47 1.73331e-37
0 3 48 7.04709e-38
0 3 49 3.27545e-61
0 4 0 2.90506e-61
0 4 1 6.50529e-38
0 4 2 1.66534e-37
0 4 3 4.09608e-37
0 4 4 9.67969e-37
0 4 5 2.19777e-36
0 4 6 4.79438e-36
0 4 7 1.00487e-35
0 4 8 2.02356e-35
0 4 9 3.91517e-35
0 4 10 7.27803e-35
0 4 11 1.29988e-34
0 4 12 2.23061e-34
0 4 13 3.67765e-34
0 4 14 5.82567e-34
0 4 15 8.86645e-34
0 4 16 1.29653e-33
0 4 17 1.82155e-33
0 4 18 2.45884e-33
0 4 19 3.18894e-33
0 4 20 3.97367e-33
0 4 21 4.75734e-33
0 4 22 5.47225e-33
0 4 23 6.04777e-33
0 4 24 6.42174e-33
0 4 25 6.55147e-33
0 4 26 6.42174e-33
0 4 27 6.04777e-33
0 4 28 5.47225e-33
0 4 29 4.75734e-33
0 4 30 3.97367e-33
0 4 31 3.18894e-33
0 4 32 2.45884e-33
0 4 33 1.82155e-33
0 4 34 1.29653e-33
0 4 35 8.86645e-34
0 4 36 5.82567e-34
0 4 37 3.67765e-34
0 4 38 2.23061e-34
0 4 39 1.29988e-34
0 4 40 7.27803e-35
0 4 41 3.91517e-35
0 4 42 2.02356e-35
0 4 43 1.00487e-35
0 4 44 4.79438e-36
0 4 45 2.19777e-36
0 4 46 9.67969e-37
0 4 47 4.09608e-37
0 4 48 1.66534e-37
0 4 49 7.7404e-61
0 5 0 6.59594e-61
0 5 1 1.47703e-37
0 5 2 3.78116e-37
0 5 3 9.30015e-37
0 5 4 2.19777e-36
0 5 5 4.99005e-36
0 5 6 1.08856e-35
0 5 7 2.28156e-35
0 5 8 4.5945e-35
0 5 9 8.8894e-35
0 5 10 1.65248e-34
0 5 11 2.95139e-34
0 5 12 5.0646e-34
0 5 13 8.35011e-34
0 5 14 1.32272e-33
0 5 15 2.01313e-33
0 5 16 2.94377e-33
0 5 17 4.13584e-33
0 5 18 5.5828e-33
0 5 19 7.2405e-33
0 5 20 9.02221e-33
0 5 21 1.08016e-32
0 5 22 1.24247e-32
0 5 23 1.37315e-32
0 5 24 1.45806e-32
0 5 25 1.48751e-32
0 5 26 1.45806e-32
0 5 27 1.37315e-32
0 5 28 1.24247e-32
0 5 29 1.08016e-32
0 5 30 9.02221e-33
0 5 31 7.2405e-33
0 5 32 5.5828e-33
0 5 33 4.13584e-33
0 5 34 2.94377e-33
0 5 35 2.01313e-33
0 5 36 1.32272e-33
0 5 37 8.35011e-34
0 5 38 5.0646e-34
0 5 39 2.95139e-34
0 5 40 1.65248e-34
0 5 41 8.8894e-35
0 5 42 4.5945e-35
0 5 43 2.28156e-35
0 5 44 1.08856e-35
0 5 45 4.99005e-36
0 5 46 2.19777e-36
0 5 47 9.30015e-37
0 5 48 3.78116e-37
0 5 49 1.75746e-60
0 6 0 1.43889e-60
0 6 1 3.22209e-37
0 6 2 8.24849e-37
0 6 3 2.0288e-36
0 6 4 4.79438e-36
0 6 5 1.08856e-35
0 6 6 2.37467e-35
0 6 7 4.97716e-35
0 6 8 1.00228e-34
0 6 9 1.9392e-34
0 6 10 3.60483e-34
0 6 11 6.43837e-34
0 6 12 1.10483e-33
0 6 13 1.82155e-33
0 6 14 2.88548e-33
0 6 15 4.39158e-33
0 6 16 6.42174e-33
0 6 17 9.02221e-33
0 6 18 1.21787e-32
0 6 19 1.57949e-32
0 6 20 1.96817e-32
0 6 21 2.35633e-32
0 6 22 2.71042e-32
0 6 23 2.99548e-32
0 6 24 3.18071e-32
0 6 25 3.24497e-32
0 6 26 3.18071e-32
0 6 27 2.99548e-32
0 6 28 2.71042e-32
0 6 29 2.35633e-32
0 6 30 1.96817e-32
0 6 31 1.57949e-32
0 6 32 1.21787e-32
0 6 33 9.02221e-33
0 6 34 6.42174e-33
0 6 35 4.39158e-33
0 6 36 2.88548e-33
0 6 37 1.82155e-33
0 6 38 1.10483e-33
0 6 39 6.43837e-34
0 6 40 3.60483e-34
0 6 41 1.9392e-34
0 6 42 1.00228e-34
0 6 43 4.97716e-35
0 6 44 2.37467e-35
0 6 45 1.08856e-35
0 6 46 4.79438e-36
0 6 47 2.0288e-36
0 6 48 8.24849e-37
0 6 49 3.83385e-60
0 7 0 3.01581e-60
0 7 1 6.75329e-37
0 7 2 1.72883e-36
0 7 3 4.25224e-36
0 7 4 1.00487e-35
0 7 5 2.28156e-35
0 7 6 4.97716e-35
0 7 7 1.04318e-34
0 7 8 2.10071e-34
0 7 9 4.06444e-34
0 7 10 7.55549e-34
0 7 11 1.34944e-33
0 7 12 2.31565e-33
0 7 13 3.81786e-33
0 7 14 6.04777e-33
0 7 15 9.20447e-33
0 7 16 1.34596e-32
0 7 17 1.891e-32
0 7 18 2.55258e-32
0 7 19 3.31052e-32
0 7 20 4.12516e-32
0 7 21 4.93871e-32
0 7 22 5.68087e-32
0 7 23 6.27833e-32
0 7 24 6.66656e-32
0 7 25 6.80124e-32
0 7 26 6.66656e-32
0 7 27 6.27833e-32
0 7 28 5.68087e-32
0 7 29 4.93871e-32
0 7 30 4.12516e-32
0 7 31 3.31052e-32
0 7 32 2.55258e-32
0 7 33 1.891e-32
0 7 34 1.34596e-32
0 7 35 9.20447e-33
0 7 36 6.04777e-33
0 7 37 3.81786e-33
0 7 38 2.31565e-33
0 7 39 1.34944e-33
0 7 40 7.55549e-34
0 7 41 4.06444e-34
0 7 42 2.10071e-34
0 7 43 1.04318e-34
0 7 44 4.97716e-35
0 7 45 2.28156e-35
0 7 46 1.00487e-35
0 7 47 4.25224e-36
0 7 48 1.72883e-36
0 7 49 8.0355e-60
0 8 0 6.0731e-60
0 8 1 1.35995e-36
0 8 2 3.48144e-36
0 8 3 8.56295e-36
0 8 4 2.02356e-35
0 8 5 4.5945e-35
0 8 6 1.00228e-34
0 8 7 2.10071e-34
0 8 8 4.23031e-34
0 8 9 8.18477e-34
0 8 10 1.52149e-33
0 8 11 2.71744e-33
0 8 12 4.66314e-33
0 8 13 7.68822e-33
0 8 14 1.21787e-32
0 8 15 1.85355e-32
0 8 16 2.71042e-32
0 8 17 3.808e-32
0 8 18 5.14026e-32
0 8 19 6.66656e-32
0 8 20 8.30705e-32
0 8 21 9.94535e-32
0 8 22 1.14399e-31
0 8 23 1.2643e-31
0 8 24 1.34248e-31
0 8 25 1.3696e-31
0 8 26 1.34248e-31
0 8 27 1.2643e-31
0 8 28 1.14399e-31
0 8 29 9.94535e-32
0 8 30 8.30705e-32
0 8 31 6.66656e-32
0 8 32 5.14026e-32
0 8 33 3.808e-32
0 8 34 2.71042e-32
0 8 35 1.85355e-32
0 8 36 1.21787e-32
0 8 37 7.68822e-33
0 8 38 4.66314e-33
0 8 39 2.71744e-33
0 8 40 1.52149e-33
0 8 41 8.18477e-34
0 8 42 4.23031e-34
0 8 43 2.10071e-34
0 8 44 1.00228e-34
0 8 45 4.5945e-35
0 8 46 2.02356e-35
0 8 47 8.56295e-36
0 8 48 3.48144e-36
0 8 49 1.61815e-59
0 9 0 1.17502e-59
0 9 1 2.63121e-36
0 9 2 6.73586e-36
0 9 3 1.65675e-35
0 9 4 3.91517e-35
0 9 5 8.8894e-35
0 9 6 1.9392e-34
0 9 7 4.06444e-34
0 9 8 8.18477e-34
0 9 9 1.58358e-33
0 9 10 2.94377e-33
0 9 11 5.25768e-33
0 9 12 9.02221e-33
0 9 13 1.48751e-32
0 9 14 2.35633e-32
0 9 15 3.58624e-32
0 9 16 5.24411e-32
0 9 17 7.36769e-32
0 9 18 9.94535e-32
0 9 19 1.28984e-31
0 9 20 1.60724e-31
0 9 21 1.92422e-31
0 9 22 2.21338e-31
0 9 23 2.44616e-31
0 9 24 2.59742e-31
0 9 25 2.64989e-31
0 9 26 2.59742e-31
0 9 27 2.44616e-31
0 9 28 2.21338e-31
0 9 29 1.92422e-31
0 9 30 1.60724e-31
0 9 31 1.28984e-31
0 9 32 9.94535e-32
0 9 33 7.36769e-32
0 9 34 5.24411e-32
0 9 35 3.58624e-32
0 9 36 2.35633e-32
0 9 37 1.48751e-32
0 9 38 9.02221e-33
0 9 39 5.25768e-33
0 9 40 2.94377e-33
0 9 41 1.58358e-33
0 9 42 8.18477e-34
0 9 43 4.06444e-34
0 9 44 1.9392e-34
0 9 45 8.8894e-35
0 9 46 3.91517e-35
0 9 47 1.65675e-35
0 9 48 6.73586e-36
0 9 49 3.13079e-59
0 10 0 2.18427e-59
0 10 1 4.89124e-36
0 10 2 1.25215e-35
0 10 3 3.07979e-35
0 10 4 7.27803e-35
0 10 5 1.65248e-34
0 10 6 3.60483e-34
0 10 7 7.55549e-34
0 10 8 1.52149e-33
0 10 9 2.94377e-33
0 10 10 5.47225e-33
0 10 11 9.77365e-33
0 10 12 1.67716e-32
0 10 13 2.76518e-32
0 10 14 4.38024e-32
0 10 15 6.66656e-32
0 10 16 9.74841e-32
0 10 17 1.3696e-31
0 10 18 1.84877e-31
0 10 19 2.39772e-31
0 10 20 2.98775e-31
0 10 21 3.57698e-31
0 10 22 4.11451e-31
0 10 23 4.54724e-31
0 10 24 4.82842e-31
0 10 25 4.92596e-31
0 10 26 4.82842e-31
0 10 27 4.54724e-31
0 10 28 4.11451e-31
0 10 29 3.57698e-31
0 10 30 2.98775e-31
0 10 31 2.39772e-31
0 10 32 1.84877e-31
0 10 33 1.3696e-31
0 10 34 9.74841e-32
0 10 35 6.66656e-32
0 10 36 4.38024e-32
0 10 37 2.76518e-32
0 10 38 1.67716e-32
0 10 39 9.77365e-33
0 10 40 5.47225e-33
0 10 41 2.94377e-33
0 10 42 1.52149e-33
0 10 43 7.55549e-34
0 10 44 3.60483e-34
0 10 45 1.65248e-34
0 10 46 7.27803e-35
0 10 47 3.07979e-35
0 10 48 1.25215e-35
0 10 49 5.8199e-59
0 11 0 3.9012e-59
0 11 1 8.73594e-36
0 11 2 2.23638e-35
0 11 3 5.50062e-35
0 11 4 1.29988e-34
0 11 5 2.95139e-34
0 11 6 6.43837e-34
0 11 7 1.34944e-33
0 11 8 2.71744e-33
0 11 9 5.25768e-33
0 11 10 9.77365e-33
0 11 11 1.74561e-32
0 11 12 2.99548e-32
0 11 13 4.93871e-32
0 11 14 7.82329e-32
0 11 15 1.19067e-31
0 11 16 1.7411e-31
0 11 17 2.44616e-31
0 11 18 3.30197e-31
0 11 19 4.28243e-31
0 11 20 5.33623e-31
0 11 21 6.38863e-31
0 11 22 7.34867e-31
0 11 23 8.12154e-31
0 11 24 8.62375e-31
0 11 25 8.79796e-31
0 11 26 8.62375e-31
0 11 27 8.12154e-31
0 11 28 7.34867e-31
0 11 29 6.38863e-31
0 11 30 5.33623e-31
0 11 31 4.28243e-31
0 11 32 3.30197e-31
0 11 33 2.44616e-31
0 11 34 1.7411e-31
0 11 35 1.19067e-31
0 11 36 7.82329e-32
0 11 37 4.93871e-32
0 11 38 2.99548e-32
0 11 39 1.74561e-32
0 11 40 9.77365e-33
0 11 41 5.25768e-33
0 11 42 2.71744e-33
0 11 43 1.34944e-33
0 11 44 6.43837e-34
0 11 45 2.95139e-34
0 11 46 1.29988e-34
0 11 47 5.50062e-35
0 11 48 2.23638e-35
0 11 49 1.03946e-58
0 12 0 6.69448e-59
0 12 1 1.49909e-35
0 12 2 3.83765e-35
0 12 3 9.43909e-35
0 12 4 2.23061e-34
0 12 5 5.0646e-34
0 12 6 1.10483e-33
0 12 7 2.31565e-33
0 12 8 4.66314e-33
0 12 9 9.02221e-33
0 12 10 1.67716e-32
0 12 11 2.99548e-32
0 12 12 5.14026e-32
0 12 13 8.47486e-32
0 12 14 1.34248e-31
0 12 15 2.0432e-31
0 12 16 2.98775e-31
0 12 17 4.19763e-31
0 12 18 5.6662e-31
0 12 19 7.34867e-31
0 12 20 9.15701e-31
0 12 21 1.09629e-30
0 12 22 1.26104e-30
0 12 23 1.39366e-30
0 12 24 1.47984e-30
0 12 25 1.50974e-30
0 12 26 1.47984e-30
0 12 27 1.39366e-30
0 12 28 1.26104e-30
0 12 29 1.09629e-30
0 12 30 9.15701e-31
0 12 31 7.34867e-31
0 12 32 5.6662e-31
0 12 33 4.19763e-31
0 12 34 2.98775e-31
0 12 35 2.0432e-31
0 12 36 1.34248e-31
0 12 37 8.47486e-32
0 12 38 5.14026e-32
0 12 39 2.99548e-32
0 12 40 1.67716e-32
0 12 41 9.02221e-33
0 12 42 4.66314e-33
0 12 43 2.31565e-33
0 12 44 1.10483e-33
0 12 45 5.0646e-34
0 12 46 2.23061e-34
0 12 47 9.43909e-35
0 12 48 3.83765e-35
0 12 49 1.78372e-58
0 13 0 1.10373e-58
0 13 1 2.47159e-35
0 13 2 6.32721e-35
0 13 3 1.55624e-34
0 13 4 3.67765e-34
0 13 5 8.35011e-34
0 13 6 1.82155e-33
0 13 7 3.81786e-33
0 13 8 7.68822e-33
0 13 9 1.48751e-32
0 13 10 2.76518e-32
0 13 11 4.93871e-32
0 13 12 8.47486e-32
0 13 13 1.39727e-31
0 13 14 2.21338e-31
0 13 15 3.36868e-31
0 13 16 4.92596e-31
0 13 17 6.92072e-31
0 13 18 9.34199e-31
0 13 19 1.21159e-30
0 13 20 1.50974e-30
0 13 21 1.80748e-30
0 13 22 2.0791e-30
0 13 23 2.29776e-30
0 13 24 2.43984e-30
0 13 25 2.48913e-30
0 13 26 2.43984e-30
0 13 27 2.29776e-30
0 13 28 2.0791e-30
0 13 29 1.80748e-30
0 13 30 1.50974e-30
0 13 31 1.21159e-30
0 13 32 9.34199e-31
0 13 33 6.92072e-31
0 13 34 4.92596e-31
0 13 35 3.36868e-31
0 13 36 2.21338e-31
0 13 37 1.39727e-31
0 13 38 8.47486e-32
0 13 39 4.93871e-32
0 13 40 2.76518e-32
0 13 41 1.48751e-32
0 13 42 7.68822e-33
0 13 43 3.81786e-33
0 13 44 1.82155e-33
0 13 45 8.35011e-34
0 13 46 3.67765e-34
0 13 47 1.55624e-34
0 13 48 6.32721e-35
0 13 49 2.94085e-58
0 14 0 1.7484e-58
0 14 1 3.91517e-35
0 14 2 1.00228e-34
0 14 3 2.4652e-34
0 14 4 5.82567e-34
0 14 5 1.32272e-33
0 14 6 2.88548e-33
0 14 7 6.04777e-33
0 14 8 1.21787e-32
0 14 9 2.35633e-32
0 14 10 4.38024e-32
0 14 11 7.82329e-32
0 14 12 1.34248e-31
0 14 13 2.21338e-31
0 14 14 3.50615e-31
0 14 15 5.33623e-31
0 14 16 7.80309e-31
0 14 17 1.09629e-30
0 14 18 1.47984e-30
0 14 19 1.91925e-30
0 14 20 2.39153e-30
0 14 21 2.86318e-30
0 14 22 3.29345e-30
0 14 23 3.63982e-30
0 14 24 3.86489e-30
0 14 25 3.94297e-30
0 14 26 3.86489e-30
0 14 27 3.63982e-30
0 14 28 3.29345e-30
0 14 29 2.86318e-30
0 14 30 2.39153e-30
0 14 31 1.91925e-30
0 14 32 1.47984e-30
0 14 33 1.09629e-30
0 14 34 7.80309e-31
0 14 35 5.33623e-31
0 14 36 3.50615e-31
0 14 37 2.21338e-31
0 14 38 1.34248e-31
0 14 39 7.82329e-32
0 14 40 4.38024e-32
0 14 41 2.35633e-32
0 14 42 1.21787e-32
0 14 43 6.04777e-33
0 14 44 2.88548e-33
0 14 45 1.32272e-33
0 14 46 5.82567e-34
0 14 47 2.4652e-34
0 14 48 1.00228e-34
0 14 49 4.65852e-58
0 15 0 2.66099e-58
0 15 1 5.95875e-35
0 15 2 1.52543e-34
0 15 3 3.75195e-34
0 15 4 8.86645e-34
0 15 5 2.01313e-33
0 15 6 4.39158e-33
0 15 7 9.20447e-33
0 15 8 1.85355e-32
0 15 9 3.58624e-32
0 15 10 6.66656e-32
0 15 11 1.19067e-31
0 15 12 2.0432e-31
0 15 13 3.36868e-31
0 15 14 5.33623e-31
0 15 15 8.12154e-31
0 15 16 1.1876e-30
0 15 17 1.66852e-30
0 15 18 2.25226e-30
0 15 19 2.92102e-30
0 15 20 3.63982e-30
0 15 21 4.35766e-30
0 15 22 5.0125e-30
0 15 23 5.53967e-30
0 15 24 5.88222e-30
0 15 25 6.00105e-30
0 15 26 5.88222e-30
0 15 27 5.53967e-30
0 15 28 5.0125e-30
0 15 29 4.35766e-30
0 15 30 3.63982e-30
0 15 31 2.92102e-30
0 15 32 2.25226e-30
0 15 33 1.66852e-30
0 15 34 1.1876e-30
0 15 35 8.12154e-31
0 15 36 5.33623e-31
0 15 37 3.36868e-31
0 15 38 2.0432e-31
0 15 39 1.19067e-31
0 15 40 6.66656e-32
0 15 41 3.58624e-32
0 15 42 1.85355e-32
0 15 43 9.20447e-33
0 15 44 4.39158e-33
0 15 45 2.01313e-33
0 15 46 8.86645e-34
0 15 47 3.75195e-34
0 15 48 1.52543e-34
0 15 49 7.09009e-58
0 16 0 3.89113e-58
0 16 1 8.71338e-35
0 16 2 2.23061e-34
0 16 3 5.48641e-34
0 16 4 1.29653e-33
0 16 5 2.94377e-33
0 16 6 6.42174e-33
0 16 7 1.34596e-32
0 16 8 2.71042e-32
0 16 9 5.24411e-32
0 16 10 9.74841e-32
0 16 11 1.7411e-31
0 16 12 2.98775e-31
0 16 13 4.92596e-31
0 16 14 7.80309e-31
0 16 15 1.1876e-30
0 16 16 1.73661e-30
0 16 17 2.43984e-30
0 16 18 3.29345e-30
0 16 19 4.27137e-30
0 16 20 5.32245e-30
0 16 21 6.37213e-30
0 16 22 7.3297e-30
0 16 23 8.10057e-30
0 16 24 8.60148e-30
0 16 25 8.77524e-30
0 16 26 8.60148e-30
0 16 27 8.10057e-30
0 16 28 7.3297e-30
0 16 29 6.37213e-30
0 16 30 5.32245e-30
0 16 31 4.27137e-30
0 16 32 3.29345e-30
0 16 33 2.43984e-30
0 16 34 1.73661e-30
0 16 35 1.1876e-30
0 16 36 7.80309e-31
0 16 37 4.92596e-31
0 16 38 2.98775e-31
0 16 39 1.7411e-31
0 16 40 9.74841e-32
0 16 41 5.24411e-32
0 16 42 2.71042e-32
0 16 43 1.34596e-32
0 16 44 6.42174e-33
0 16 45 2.94377e-33
0 16 46 1.29653e-33
0 16 47 5.48641e-34
0 16 48 2.23061e-34
0 16 49 1.03677e-57
0 17 0 5.46683e-58
0 17 1 1.22418e-34
0 17 2 3.13389e-34
0 17 3 7.70812e-34
0 17 4 1.82155e-33
0 17 5 4.13584e-33
0 17 6 9.02221e-33
0 17 7 1.891e-32
0 17 8 3.808e-32
0 17 9 7.36769e-32
0 17 10 1.3696e-31
0 17 11 2.44616e-31
0 17 12 4.19763e-31
0 17 13 6.92072e-31
0 17 14 1.09629e-30
0 17 15 1.66852e-30
0 17 16 2.43984e-30
0 17 17 3.42785e-30
0 17 18 4.62712e-30
0 17 19 6.00105e-30
0 17 20 7.47777e-30
0 17 21 8.95251e-30
0 17 22 1.02978e-29
0 17 23 1.13809e-29
0 17 24 1.20846e-29
0 17 25 1.23288e-29
0 17 26 1.20846e-29
0 17 27 1.13809e-29
0 17 28 1.02978e-29
0 17 29 8.95251e-30
0 17 30 7.47777e-30
0 17 31 6.00105e-30
0 17 32 4.62712e-30
0 17 33 3.42785e-30
0 17 34 2.43984e-30
0 17 35 1.66852e-30
0 17 36 1.09629e-30
0 17 37 6.92072e-31
0 17 38 4.19763e-31
0 17 39 2.44616e-31
0 17 40 1.3696e-31
0 17 41 7.36769e-32
0 17 42 3.808e-32
0 17 43 1.891e-32
0 17 44 9.02221e-33
0 17 45 4.13584e-33
0 17 46 1.82155e-33
0 17 47 7.70812e-34
0 17 48 3.13389e-34
0 17 49 1.45661e-57
0 18 0 7.37945e-58
0 18 1 1.65248e-34
0 18 2 4.23031e-34
0 18 3 1.04049e-33
0 18 4 2.45884e-33
0 18 5 5.5828e-33
0 18 6 1.21787e-32
0 18 7 2.55258e-32
0 18 8 5.14026e-32
0 18 9 9.94535e-32
0 18 10 1.84877e-31
0 18 11 3.30197e-31
0 18 12 5.6662e-31
0 18 13 9.34199e-31
0 18 14 1.47984e-30
0 18 15 2.25226e-30
0 18 16 3.29345e-30
0 18 17 4.62712e-30
0 18 18 6.24596e-30
0 18 19 8.10057e-30
0 18 20 1.00939e-29
0 18 21 1.20846e-29
0 18 22 1.39006e-29
0 18 23 1.53626e-29
0 18 24 1.63125e-29
0 18 25 1.66421e-29
0 18 26 1.63125e-29
0 18 27 1.53626e-29
0 18 28 1.39006e-29
0 18 29 1.20846e-29
0 18 30 1.00939e-29
0 18 31 8.10057e-30
0 18 32 6.24596e-30
0 18 33 4.62712e-30
0 18 34 3.29345e-30
0 18 35 2.25226e-30
0 18 36 1.47984e-30
0 18 37 9.34199e-31
0 18 38 5.6662e-31
0 18 39 3.30197e-31
0 18 40 1.84877e-31
0 18 41 9.94535e-32
0 18 42 5.14026e-32
0 18 43 2.55258e-32
0 18 44 1.21787e-32
0 18 45 5.5828e-33
0 18 46 2.45884e-33
0 18 47 1.04049e-33
0 18 48 4.23031e-34
0 18 49 1.96622e-57
0 19 0 9.57063e-58
0 19 1 2.14315e-34
0 19 2 5.48641e-34
0 19 3 1.34944e-33
0 19 4 3.18894e-33
0 19 5 7.2405e-33
0 19 6 1.57949e-32
0 19 7 3.31052e-32
0 19 8 6.66656e-32
0 19 9 1.28984e-31
0 19 10 2.39772e-31
0 19 11 4.28243e-31
0 19 12 7.34867e-31
0 19 13 1.21159e-30
0 19 14 1.91925e-30
0 19 15 2.92102e-30
0 19 16 4.27137e-30
0 19 17 6.00105e-30
0 19 18 8.10057e-30
0 19 19 1.05059e-29
0 19 20 1.30911e-29
0 19 21 1.56729e-29
0 19 22 1.80282e-29
0 19 23 1.99242e-29
0 19 24 2.11562e-29
0 19 25 2.15836e-29
0 19 26 2.11562e-29
0 19 27 1.99242e-29
0 19 28 1.80282e-29
0 19 29 1.56729e-29
0 19 30 1.30911e-29
0 19 31 1.05059e-29
0 19 32 8.10057e-30
0 19 33 6.00105e-30
0 19 34 4.27137e-30
0 19 35 2.92102e-30
0 19 36 1.91925e-30
0 19 37 1.21159e-30
0 19 38 7.34867e-31
0 19 39 4.28243e-31
0 19 40 2.39772e-31
0 19 41 1.28984e-31
0 19 42 6.66656e-32
0 19 43 3.31052e-32
0 19 44 1.57949e-32
0 19 45 7.2405e-33
0 19 46 3.18894e-33
0 19 47 1.34944e-33
0 19 48 5.48641e-34
0 19 49 2.55005e-57
0 20 0 1.19257e-57
0 20 1 2.67052e-34
0 20 2 6.83649e-34
0 20 3 1.68151e-33
0 20 4 3.97367e-33
0 20 5 9.02221e-33
0 20 6 1.96817e-32
0 20 7 4.12516e-32
0 20 8 8.30705e-32
0 20 9 1.60724e-31
0 20 10 2.98775e-31
0 20 11 5.33623e-31
0 20 12 9.15701e-31
0 20 13 1.50974e-30
0 20 14 2.39153e-30
0 20 15 3.63982e-30
0 20 16 5.32245e-30
0 20 17 7.47777e-30
0 20 18 1.00939e-29
0 20 19 1.30911e-29
0 20 20 1.63125e-29
0 20 21 1.95297e-29
0 20 22 2.24645e-29
0 20 23 2.48271e-29
0 20 24 2.63623e-29
0 20 25 2.68948e-29
0 20 26 2.63623e-29
0 20 27 2.48271e-29
0 20 28 2.24645e-29
0 20 29 1.95297e-29
0 20 30 1.63125e-29
0 20 31 1.30911e-29
0 20 32 1.00939e-29
0 20 33 7.47777e-30
0 20 34 5.32245e-30
0 20 35 3.63982e-30
0 20 36 2.39153e-30
0 20 37 1.50974e-30
0 20 38 9.15701e-31
0 20 39 5.33623e-31
0 20 40 2.98775e-31
0 20 41 1.60724e-31
0 20 42 8.30705e-32
0 20 43 4.12516e-32
0 20 44 1.96817e-32
0 20 45 9.02221e-33
0 20 46 3.97367e-33
0 20 47 1.68151e-33
0 20 48 6.83649e-34
0 20 49 3.17756e-57
0 21 0 1.42777e-57
0 21 1 3.1972e-34
0 21 2 8.18477e-34
0 21 3 2.01313e-33
0 21 4 4.75734e-33
0 21 5 1.08016e-32
0 21 6 2.35633e-32
0 21 7 4.93871e-32
0 21 8 9.94535e-32
0 21 9 1.92422e-31
0 21 10 3.57698e-31
0 21 11 6.38863e-31
0 21 12 1.09629e-30
0 21 13 1.80748e-30
0 21 14 2.86318e-30
0 21 15 4.35766e-30
0 21 16 6.37213e-30
0 21 17 8.95251e-30
0 21 18 1.20846e-29
0 21 19 1.56729e-29
0 21 20 1.95297e-29
0 21 21 2.33813e-29
0 21 22 2.68948e-29
0 21 23 2.97234e-29
0 21 24 3.15614e-29
0 21 25 3.2199e-29
0 21 26 3.15614e-29
0 21 27 2.97234e-29
0 21 28 2.68948e-29
0 21 29 2.33813e-29
0 21 30 1.95297e-29
0 21 31 1.56729e-29
0 21 32 1.20846e-29
0 21 33 8.95251e-30
0 21 34 6.37213e-30
0 21 35 4.35766e-30
0 21 36 2.86318e-30
0 21 37 1.80748e-30
0 21 38 1.09629e-30
0 21 39 6.38863e-31
0 21 40 3.57698e-31
0 21 41 1.92422e-31
0 21 42 9.94535e-32
0 21 43 4.93871e-32
0 21 44 2.35633e-32
0 21 45 1.08016e-32
0 21 46 4.75734e-33
0 21 47 2.01313e-33
0 21 48 8.18477e-34
0 21 49 3.80423e-57
0 22 0 1.64233e-57
0 22 1 3.67765e-34
0 22 2 9.41472e-34
0 22 3 2.31565e-33
0 22 4 5.47225e-33
0 22 5 1.24247e-32
0 22 6 2.71042e-32
0 22 7 5.68087e-32
0 22 8 1.14399e-31
0 22 9 2.21338e-31
0 22 10 4.11451e-31
0 22 11 7.34867e-31
0 22 12 1.26104e-30
0 22 13 2.0791e-30
0 22 14 3.29345e-30
0 22 15 5.0125e-30
0 22 16 7.3297e-30
0 22 17 1.02978e-29
0 22 18 1.39006e-29
0 22 19 1.80282e-29
0 22 20 2.24645e-29
0 22 21 2.68948e-29
0 22 22 3.09364e-29
0 22 23 3.419e-29
0 22 24 3.63042e-29
0 22 25 3.70376e-29
0 22 26 3.63042e-29
0 22 27 3.419e-29
0 22 28 3.09364e-29
0 22 29 2.68948e-29
0 22 30 2.24645e-29
0 22 31 1.80282e-29
0 22 32 1.39006e-29
0 22 33 1.02978e-29
0 22 34 7.3297e-30
0 22 35 5.0125e-30
0 22 36 3.29345e-30
0 22 37 2.0791e-30
0 22 38 1.26104e-30
0 22 39 7.34867e-31
0 22 40 4.11451e-31
0 22 41 2.21338e-31
0 22 42 1.14399e-31
0 22 43 5.68087e-32
0 22 44 2.71042e-32
0 22 45 1.24247e-32
0 22 46 5.47225e-33
0 22 47 2.31565e-33
0 22 48 9.41472e-34
0 22 49 4.37591e-57
0 23 0 1.81505e-57
0 23 1 4.06444e-34
0 23 2 1.04049e-33
0 23 3 2.55919e-33
0 23 4 6.04777e-33
0 23 5 1.37315e-32
0 23 6 2.99548e-32
0 23 7 6.27833e-32
0 23 8 1.2643e-31
0 23 9 2.44616e-31
0 23 10 4.54724e-31
0 23 11 8.12154e-31
0 23 12 1.39366e-30
0 23 13 2.29776e-30
0 23 14 3.63982e-30
0 23 15 5.53967e-30
0 23 16 8.10057e-30
0 23 17 1.13809e-29
0 23 18 1.53626e-29
0 23 19 1.99242e-29
0 23 20 2.48271e-29
0 23 21 2.97234e-29
0 23 22 3.419e-29
0 23 23 3.77858e-29
0 23 24 4.01224e-29
0 23 25 4.09329e-29
0 23 26 4.01224e-29
0 23 27 3.77858e-29
0 23 28 3.419e-29
0 23 29 2.97234e-29
0 23 30 2.48271e-29
0 23 31 1.99242e-29
0 23 32 1.53626e-29
0 23 33 1.13809e-29
0 23 34 8.10057e-30
0 23 35 5.53967e-30
0 23 36 3.63982e-30
0 23 37 2.29776e-30
0 23 38 1.39366e-30
0 23 39 8.12154e-31
0 23 40 4.54724e-31
0 23 41 2.44616e-31
0 23 42 1.2643e-31
0 23 43 6.27833e-32
0 23 44 2.99548e-32
0 23 45 1.37315e-32
0 23 46 6.04777e-33
0 23 47 2.55919e-33
0 23 48 1.04049e-33
0 23 49 4.83612e-57
0 24 0 1.92729e-57
0 24 1 4.31577e-34
0 24 2 1.10483e-33
0 24 3 2.71744e-33
0 24 4 6.42174e-33
0 24 5 1.45806e-32
0 24 6 3.18071e-32
0 24 7 6.66656e-32
0 24 8 1.34248e-31
0 24 9 2.59742e-31
0 24 10 4.82842e-31
0 24 11 8.62375e-31
0 24 12 1.47984e-30
0 24 13 2.43984e-30
0 24 14 3.86489e-30
0 24 15 5.88222e-30
0 24 16 8.60148e-30
0 24 17 1.20846e-29
0 24 18 1.63125e-29
0 24 19 2.11562e-29
0 24 20 2.63623e-29
0 24 21 3.15614e-29
0 24 22 3.63042e-29
0 24 23 4.01224e-29
0 24 24 4.26034e-29
0 24 25 4.34641e-29
0 24 26 4.26034e-29
0 24 27 4.01224e-29
0 24 28 3.63042e-29
0 24 29 3.15614e-29
0 24 30 2.63623e-29
0 24 31 2.11562e-29
0 24 32 1.63125e-29
0 24 33 1.20846e-29
0 24 34 8.60148e-30
0 24 35 5.88222e-30
0 24 36 3.86489e-30
0 24 37 2.43984e-30
0 24 38 1.47984e-30
0 24 39 8.62375e-31
0 24 40 4.82842e-31
0 24 41 2.59742e-31
0 24 42 1.34248e-31
0 24 43 6.66656e-32
0 24 44 3.18071e-32
0 24 45 1.45806e-32
0 24 46 6.42174e-33
0 24 47 2.71744e-33
0 24 48 1.10483e-33
0 24 49 5.13517e-57
0 25 0 1.96622e-57
0 25 1 4.40295e-34
0 25 2 1.12715e-33
0 25 3 2.77233e-33
0 25 4 6.55147e-33
0 25 5 1.48751e-32
0 25 6 3.24497e-32
0 25 7 6.80124e-32
0 25 8 1.3696e-31
0 25 9 2.64989e-31
0 25 10 4.92596e-31
0 25 11 8.79796e-31
0 25 12 1.50974e-30
0 25 13 2.48913e-30
0 25 14 3.94297e-30
0 25 15 6.00105e-30
0 25 16 8.77524e-30
0 25 17 1.23288e-29
0 25 18 1.66421e-29
0 25 19 2.15836e-29
0 25 20 2.68948e-29
0 25 21 3.2199e-29
0 25 22 3.70376e-29
0 25 23 4.09329e-29
0 25 24 4.34641e-29
0 25 25 4.43421e-29
0 25 26 4.34641e-29
0 25 27 4.09329e-29
0 25 28 3.70376e-29
0 25 29 3.2199e-29
0 25 30 2.68948e-29
0 25 31 2.15836e-29
0 25 32 1.66421e-29
0 25 33 1.23288e-29
0 25 34 8.77524e-30
0 25 35 6.00105e-30
0 25 36 3.94297e-30
0 25 37 2.48913e-30
0 25 38 1.50974e-30
0 25 39 8.79796e-31
0 25 40 4.92596e-31
0 25 41 2.64989e-31
0 25 42 1.3696e-31
0 25 43 6.80124e-32
0 25 44 3.24497e-32
0 25 45 1.48751e-32
0 25 46 6.55147e-33
0 25 47 2.77233e-33
0 25 48 1.12715e-33
0 25 49 5.23891e-57
0 26 0 1.92729e-57
0 26 1 4.31577e-34
0 26 2 1.10483e-33
0 26 3 2.71744e-33
0 26 4 6.42174e-33
0 26 5 1.45806e-32
0 26 6 3.18071e-32
0 26 7 6.66656e-32
0 26 8 1.34248e-31
0 26 9 2.59742e-31
0 26 10 4.82842e-31
0 26 11 8.62375e-31
0 26 12 1.47984e-30
0 26 13 2.43984e-30
0 26 14 3.86489e-30
0 26 15 5.88222e-30
0 26 16 8.60148e-30
0 26 17 1.20846e-29
0 26 18 1.63125e-29
0 26 19 2.11562e-29
0 26 20 2.63623e-29
0 26 21 3.15614e-29
0 26 22 3.63042e-29
0 26 23 4.01224e-29
0 26 24 4.26034e-29
0 26 25 4.34641e-29
0 26 26 4.26034e-29
0 26 27 4.01224e-29
0 26 28 3.63042e-29
0 26 29 3.15614e-29
0 26 30 2.63623e-29
0 26 31 2.11562e-29
0 26 32 1.63125e-29
0 26 33 1.20846e-29
0 26 34 8.60148e-30
0 26 35 5.88222e-30
0 26 36 3.86489e-30
0 26 37 2.43984e-30
0 26 38 1.47984e-30
0 26 39 8.62375e-31
0 26 40 4.82842e-31
0 26 41 2.59742e-31
0 26 42 1.34248e-31
0 26 43 6.66656e-32
0 26 44 3.18071e-32
0 26 45 1.45806e-32
0 26 46 6.42174e-33
0 26 47 2.71744e-33
0 26 48 1.10483e-33
0 26 49 5.13517e-57
0 27 0 1.81505e-57
0 27 1 4.06444e-34
0 27 2 1.04049e-33
0 27 3 2.55919e-33
0 27 4 6.04777e-33
0 27 5 1.37315e-32
0 27 6 2.99548e-32
0 27 7 6.27833e-32
0 27 8 1.2643e-31
0 27 9 2.44616e-31
0 27 10 4.54724e-31
0 27 11 8.12154e-31
0 27 12 1.39366e-30
0 27 13 2.29776e-30
0 27 14 3.63982e-30
0 27 15 5.53967e-30
0 27 16 8.10057e-30
0 27 17 1.13809e-29
0 27 18 1.53626e-29
0 27 19 1.99242e-29
0 27 20 2.48271e-29
0 27 21 2.97234e-29
0 27 22 3.419e-29
0 27 23 3.77858e-29
0 27 24 4.01224e-29
0 27 25 4.09329e-29
0 27 26 4.01224e-29
0 27 27 3.77858e-29
0 27 28 3.419e-29
0 27 29 2.97234e-29
0 27 30 2.48271e-29
0 27 31 1.99242e-29
0 27 32 1.53626e-29
0 27 33 1.13809e-29
0 27 34 8.10057e-30
0 27 35 5.53967e-30
0 27 36 3.63982e-30
0 27 37 2.29776e-30
0 27 38 1.39366e-30
0 27 39 8.12154e-31
0 27 40 4.54724e-31
0 27 41 2.44616e-31
0 27 42 1.2643e-31
0 27 43 6.27833e-32
0 27 44 2.99548e-32
0 27 45 1.37315e-32
0 27 46 6.04777e-33
0 27 47 2.55919e-33
0 27 48 1.04049e-33
0 27 49 4.83612e-57
0 28 0 1.64233e-57
0 28 1 3.67765e-34
0 28 2 9.41472e-34
0 28 3 2.31565e-33
0 28 4 5.47225e-33
0 28 5 1.24247e-32
0 28 6 2.71042e-32
0 28 7 5.68087e-32
0 28 8 1.14399e-31
0 28 9 2.21338e-31
0 28 10 4.11451e-31
0 28 11 7.34867e-31
0 28 12 1.26104e-30
0 28 13 2.0791e-30
0 28 14 3.29345e-30
0 28 15 5.0125e-30
0 28 16 7.3297e-30
0 28 17 1.02978e-29
0 28 18 1.39006e-29
0 28 19 1.80282e-29
0 28 20 2.24645e-29
0 28 21 2.68948e-29
0 28 22 3.09364e-29
0 28 23 3.419e-29
0 28 24 3.63042e-29
0 28 25 3.70376e-29
0 28 26 3.63042e-29
0 28 27 3.419e-29
0 28 28 3.09364e-29
0 28 29 2.68948e-29
0 28 30 2.24645e-29
0 28 31 1.80282e-29
0 28 32 1.39006e-29
0 28 33 1.02978e-29
0 28 34 7.3297e-30
0 28 35 5.0125e-30
0 28 36 3.29345e-30
0 28 37 2.0791e-30
0 28 38 1.26104e-30
0 28 39 7.34867e-31
0 28 40 4.11451e-31
0 28 41 2.21338e-31
0 28 42 1.14399e-31
0 28 43 5.68087e-32
0 28 44 2.71042e-32
0 28 45 1.24247e-32
0 28 46 5.47225e-33
0 28 47 2.31565e-33
0 28 48 9.41472e-34
0 28 49 4.37591e-57
0 29 0 1.42777e-57
0 29 1 3.1972e-34
0 29 2 8.18477e-34
0 29 3 2.01313e-33
0 29 4 4.75734e-33
0 29 5 1.08016e-32
0 29 6 2.35633e-32
0 29 7 4.93871e-32
0 29 8 9.94535e-32
0 29 9 1.92422e-31
0 29 10 3.57698e-31
0 29 11 6.38863e-31
0 29 12 1.09629e-30
0 29 13 1.80748e-30
0 29 14 2.86318e-30
0 29 15 4.35766e-30
0 29 16 6.37213e-30
0 29 17 8.95251e-30
0 29 18 1.20846e-29
0 29 19 1.56729e-29
0 29 20 1.95297e-29
0 29 21 2.33813e-29
0 29 22 2.68948e-29
0 29 23 2.97234e-29
0 29 24 3.15614e-29
0 29 25 3.2199e-29
0 29 26 3.15614e-29
0 29 27 2.97234e-29
0 29 28 2.68948e-29
0 29 29 2.33813e-29
0 29 30 1.95297e-29
0 29 31 1.56729e-29
0 29 32 1.20846e-29
0 29 33 8.95251e-30
0 29 34 6.37213e-30
0 29 35 4.35766e-30
0 29 36 2.86318e-30
0 29 37 1.80748e-30
0 29 38 1.09629e-30
0 29 39 6.38863e-31
0 29 40 3.57698e-31
0 29 41 1.92422e-31
0 29 42 9.94535e-32
0 29 43 4.93871e-32
0 29 44 2.35633e-32
0 29 45 1.08016e-32
0 29 46 4.75734e-33
0 29 47 2.01313e-33
0 29 48 8.18477e-34
0 29 49 3.80423e-57
0 30 0 1.19257e-57
0 30 1 2.67052e-34
0 30 2 6.83649e-34
0 30 3 1.68151e-33
0 30 4 3.97367e-33
0 30 5 9.02221e-33
0 30 6 1.96817e-32
0 30 7 4.12516e-32
0 30 8 8.30705e-32
0 30 9 1.60724e-31
0 30 10 2.98775e-31
0 30 11 5.33623e-31
0 30 12 9.15701e-31
0 30 13 1.50974e-30
0 30 14 2.39153e-30
0 30 15 3.63982e-30
0 30 16 5.32245e-30
0 30 17 7.47777e-30
0 30 18 1.00939e-29
0 30 19 1.30911e-29
0 30 20 1.63125e-29
0 30 21 1.95297e-29
0 30 22 2.24645e-29
0 30 23 2.48271e-29
0 30 24 2.63623e-29
0 30 25 2.68948e-29
0 30 26 2.63623e-29
0 30 27 2.48271e-29
0 30 28 2.24645e-29
0 30 29 1.95297e-29
0 30 30 1.63125e-29
0 30 31 1.30911e-29
0 30 32 1.00939e-29
0 30 33 7.47777e-30
0 30 34 5.32245e-30
0 30 35 3.63982e-30
0 30 36 2.39153e-30
0 30 37 1.50974e-30
0 30 38 9.15701e-31
0 30 39 5.33623e-31
0 30 40 2.98775e-31
0 30 41 1.60724e-31
0 30 42 8.30705e-32
0 30 43 4.12516e-32
0 30 44 1.96817e-32
0 30 45 9.02221e-33
0 30 46 3.97367e-33
0 30 47 1.68151e-33
0 30 48 6.83649e-34
0 30 49 3.17756e-57
0 31 0 9.57063e-58
0 31 1 2.14315e-34
0 31 2 5.48641e-34
0 31 3 1.34944e-33
0 31 4 3.18894e-33
0 31 5 7.2405e-33
0 31 6 1.57949e-32
0 31 7 3.31052e-32
0 31 8 6.66656e-32
0 31 9 1.28984e-31
0 31 10 2.39772e-31
0 31 11 4.28243e-31
0 31 12 7.34867e-31
0 31 13 1.21159e-30
0 31 14 1.91925e-30
0 31 15 2.92102e-30
0 31 16 4.27137e-30
0 31 17 6.00105e-30
0 31 18 8.10057e-30
0 31 19 1.05059e-29
0 31 20 1.30911e-29
0 31 21 1.56729e-29
0 31 22 1.80282e-29
0 31 23 1.99242e-29
0 31 24 2.11562e-29
0 31 25 2.15836e-29
0 31 26 2.11562e-29
0 31 27 1.99242e-29
0 31 28 1.80282e-29
0 31 29 1.56729e-29
0 31 30 1.30911e-29
0 31 31 1.05059e-29
0 31 32 8.10057e-30
0 31 33 6.00105e-30
0 31 34 4.27137e-30
0 31 35 2.92102e-30
0 31 36 1.91925e-30
0 31 37 1.21159e-30
0 31 38 7.34867e-31
0 31 39 4.28243e-31
0 31 40 2.39772e-31
0 31 41 1.28984e-31
0 31 42 6.66656e-32
0 31 43 3.31052e-32
0 31 44 1.57949e-32
0 31 45 7.2405e-33
0 31 46 3.18894e-33
0 31 47 1.34944e-33
0 31 48 5.48641e-34
0 31 49 2.55005e-57
0 32 0 7.37945e-58
0 32 1 1.65248e-34
0 32 2 4.23031e-34
0 32 3 1.04049e-33
0 32 4 2.45884e-33
0 32 5 5.5828e-33
0 32 6 1.21787e-32
0 32 7 2.55258e-32
0 32 8 5.14026e-32
0 32 9 9.94535e-32
0 32 10 1.84877e-31
0 32 11 3.30197e-31
0 32 12 5.6662e-31
0 32 13 9.34199e-31
0 32 14 1.47984e-30
0 32 15 2.25226e-30
0 32 16 3.29345e-30
0 32 17 4.62712e-30
0 32 18 6.24596e-30
0 32 19 8.10057e-30
0 32 20 1.00939e-29
0 32 21 1.20846e-29
0 32 22 1.39006e-29
0 32 23 1.53626e-29
0 32 24 1.63125e-29
0 32 25 1.66421e-29
0 32 26 1.63125e-29
0 32 27 1.53626e-29
0 32 28 1.39006e-29
0 32 29 1.20846e-29
0 32 30 1.00939e-29
0 32 31 8.10057e-30
0 32 32 6.24596e-30
0 32 33 4.62712e-30
0 32 34 3.29345e-30
0 32 35 2.25226e-30
0 32 36 1.47984e-30
0 32 37 9.34199e-31
0 32 38 5.6662e-31
0 32 39 3.30197e-31
0 32 40 1.84877e-31
0 32 41 9.94535e-32
0 32 42 5.14026e-32
0 32 43 2.55258e-32
0 32 44 1.21787e-32
0 32 45 5.5828e-33
0 32 46 2.45884e-33
0 32 47 1.04049e-33
0 32 48 4.23031e-34
0 32 49 1.96622e-57
0 33 0 5.46683e-58
0 33 1 1.22418e-34
0 33 2 3.13389e-34
0 33 3 7.70812e-34
0 33 4 1.82155e-33
0 33 5 4.13584e-33
0 33 6 9.02221e-33
0 33 7 1.891e-32
0 33 8 3.808e-32
0 33 9 7.36769e-32
0 33 10 1.3696e-31
0 33 11 2.44616e-31
0 33 12 4.19763e-31
0 33 13 6.92072e-31
0 33 14 1.09629e-30
0 33 15 1.66852e-30
0 33 16 2.43984e-30
0 33 17 3.42785e-30
0 33 18 4.62712e-30
0 33 19 6.00105e-30
0 33 20 7.47777e-30
0 33 21 8.95251e-30
0 33 22 1.02978e-29
0 33 23 1.13809e-29
0 33 24 1.20846e-29
0 33 25 1.23288e-29
0 33 26 1.20846e-29
0 33 27 1.13809e-29
0 33 28 1.02978e-29
0 33 29 8.95251e-30
0 33 30 7.47777e-30
0 33 31 6.00105e-30
0 33 32 4.62712e-30
0 33 33 3.42785e-30
0 33 34 2.43984e-30
0 33 35 1.66852e-30
0 33 36 1.09629e-30
0 33 37 6.92072e-31
0 33 38 4.19763e-31
0 33 39 2.44616e-31
0 33 40 1.3696e-31
0 33 41 7.36769e-32
0 33 42 3.808e-32
0 33 43 1.891e-32
0 33 44 9.02221e-33
0 33 45 4.13584e-33
0 33 46 1.82155e-33
0 33 47 7.70812e-34
0 33 48 3.13389e-34
0 33 49 1.45661e-57
0 34 0 3.89113e-58
0 34 1 8.71338e-35
0 34 2 2.23061e-34
0 34 3 5.48641e-34
0 34 4 1.29653e-33
0 34 5 2.94377e-33
0 34 6 6.42174e-33
0 34 7 1.34596e-32
0 34 8 2.71042e-32
0 34 9 5.24411e-32
0 34 10 9.74841e-32
0 34 11 1.7411e-31
0 34 12 2.98775e-31
0 34 13 4.92596e-31
0 34 14 7.80309e-31
0 34 15 1.1876e-30
0 34 16 1.73661e-30
0 34 17 2.43984e-30
0 34 18 3.29345e-30
0 34 19 4.27137e-30
0 34 20 5.32245e-30
0 34 21 6.37213e-30
0 34 22 7.3297e-30
0 34 23 8.10057e-30
0 34 24 8.60148e-30
0 34 25 8.77524e-30
0 34 26 8.60148e-30
0 34 27 8.10057e-30
0 34 28 7.3297e-30
0 34 29 6.37213e-30
0 34 30 5.32245e-30
0 34 31 4.27137e-30
0 34 32 3.29345e-30
0 34 33 2.43984e-30
0 34 34 1.73661e-30
0 34 35 1.1876e-30
0 34 36 7.80309e-31
0 34 37 4.92596e-31
0 34 38 2.98775e-31
0 34 39 1.7411e-31
0 34 40 9.74841e-32
0 34 41 5.24411e-32
0 34 42 2.71042e-32
0 34 43 1.34596e-32
0 34 44 6.42174e-33
0 34 45 2.94377e-33
0 34 46 1.29653e-33
0 34 47 5.48641e-34
0 34 48 2.23061e-34
0 34 49 1.03677e-57
0 35 0 2.66099e-58
0 35 1 5.95875e-35
0 35 2 1.52543e-34
0 35 3 3.75195e-34
0 35 4 8.86645e-34
0 35 5 2.01313e-33
0 35 6 4.39158e-33
0 35 7 9.20447e-33
0 35 8 1.85355e-32
0 35 9 3.58624e-32
0 35 10 6.66656e-32
0 35 11 1.19067e-31
0 35 12 2.0432e-31
0 35 13 3.36868e-31
0 35 14 5.33623e-31
0 35 15 8.12154e-31
0 35 16 1.1876e-30
0 35 17 1.66852e-30
0 35 18 2.25226e-30
0 35 19 2.92102e-30
0 35 20 3.63982e-30
0 35 21 4.35766e-30
0 35 22 5.0125e-30
0 35 23 5.53967e-30
0 35 24 5.88222e-30
0 35 25 6.00105e-30
0 35 26 5.88222e-30
0 35 27 5.53967e-30
0 35 28 5.0125e-30
0 35 29 4.35766e-30
0 35 30 3.63982e-30
0 35 31 2.92102e-30
0 35 32 2.25226e-30
0 35 33 1.66852e-30
0 35 34 1.1876e-30
0 35 35 8.12154e-31
0 35 36 5.33623e-31
0 35 37 3.36868e-31
0 35 38 2.0432e-31
0 35 39 1.19067e-31
0 35 40 6.66656e-32
0 35 41 3.58624e-32
0 35 42 1.85355e-32
0 35 43 9.20447e-33
0 35 44 4.39158e-33
0 35 45 2.01313e-33
0 35 46 8.86645e-34
0 35 47 3.75195e-34
0 35 48 1.52543e-34
0 35 49 7.09009e-58
0 36 0 1.7484e-58
0 36 1 3.91517e-35
0 36 2 1.00228e-34
0 36 3 2.4652e-34
0 36 4 5.82567e-34
0 36 5 1.32272e-33
0 36 6 2.88548e-33
0 36 7 6.04777e-33
0 36 8 1.21787e-32
0 36 9 2.35633e-32
0 36 10 4.38024e-32
0 36 11 7.82329e-32
0 36 12 1.34248e-31
0 36 13 2.21338e-31
0 36 14 3.50615e-31
0 36 15 5.33623e-31
0 36 16 7.80309e-31
0 36 17 1.09629e-30
0 36 18 1.47984e-30
0 36 19 1.91925e-30
0 36 20 2.39153e-30
0 36 21 2.86318e-30
0 36 22 3.29345e-30
0 36 23 3.63982e-30
0 36 24 3.86489e-30
0 36 25 3.94297e-30
0 36 26 3.86489e-30
0 36 27 3.63982e-30
0 36 28 3.29345e-30
0 36 29 2.86318e-30
0 36 30 2.39153e-30
0 36 31 1.91925e-30
0 36 32 1.47984e-30
0 36 33 1.09629e-30
0 36 34 7.80309e-31
0 36 35 5.33623e-31
0 36 36 3.50615e-31
0 36 37 2.21338e-31
0 36 38 1.34248e-31
0 36 39 7.82329e-32
0 36 40 4.38024e-32
0 36 41 2.35633e-32
0 36 42 1.21787e-32
0 36 43 6.04777e-33
0 36 44 2.88548e-33
0 36 45 1.32272e-33
0 36 46 5.82567e-34
0 36 47 2.4652e-34
0 36 48 1.00228e-34
0 36 49 4.65852e-58
0 37 0 1.10373e-58
0 37 1 2.47159e-35
0 37 2 6.32721e-35
0 37 3 1.55624e-34
0 37 4 3.67765e-34
0 37 5 8.35011e-34
0 37 6 1.82155e-33
0 37 7 3.81786e-33
0 37 8 7.68822e-33
0 37 9 1.48751e-32
0 37 10 2.76518e-32
0 37 11 4.93871e-32
0 37 12 8.47486e-32
0 37 13 1.39727e-31
0 37 14 2.21338e-31
0 37 15 3.36868e-31
0 37 16 4.92596e-31
0 37 17 6.92072e-31
0 37 18 9.34199e-31
0 37 19 1.21159e-30
0 37 20 1.50974e-30
0 37 21 1.80748e-30
0 37 22 2.0791e-30
0 37 23 2.29776e-30
0 37 24 2.43984e-30
0 37 25 2.48913e-30
0 37 26 2.43984e-30
0 37 27 2.29776e-30
0 37 28 2.0791e-30
0 37 29 1.80748e-30
0 37 30 1.50974e-30
0 37 31 1.21159e-30
0 37 32 9.34199e-31
0 37 33 6.92072e-31
0 37 34 4.92596e-31
0 37 35 3.36868e-31
0 37 36 2.21338e-31
0 37 37 1.39727e-31
0 37 38 8.47486e-32
0 37 39 4.93871e-32
0 37 40 2.76518e-32
0 37 41 1.48751e-32
0 37 42 7.68822e-33
0 37 43 3.81786e-33
0 37 44 1.82155e-33
0 37 45 8.35011e-34
0 37 46 3.67765e-34
0 37 47 1.55624e-34
0 37 48 6.32721e-35
0 37 49 2.94085e-58
0 38 0 6.69448e-59
0 38 1 1.49909e-35
0 38 2 3.83765e-35
0 38 3 9.43909e-35
0 38 4 2.23061e-34
0 38 5 5.0646e-34
0 38 6 1.10483e-33
0 38 7 2.31565e-33
0 38 8 4.66314e-33
0 38 9 9.02221e-33
0 38 10 1.67716e-32
0 38 11 2.99548e-32
0 38 12 5.14026e-32
0 38 13 8.47486e-32
0 38 14 1.34248e-31
0 38 15 2.0432e-31
0 38 16 2.98775e-31
0 38 17 4.19763e-31
0 38 18 5.6662e-31
0 38 19 7.34867e-31
0 38 20 9.15701e-31
0 38 21 1.09629e-30
0 38 22 1.26104e-30
0 38 23 1.39366e-30
0 38 24 1.47984e-30
0 38 25 1.50974e-30
0 38 26 1.47984e-30
0 38 27 1.39366e-30
0 38 28 1.26104e-30
0 38 29 1.09629e-30
0 38 30 9.15701e-31
0 38 31 7.34867e-31
0 38 32 5.6662e-31
0 38 33 4.19763e-31
0 38 34 2.98775e-31
0 38 35 2.0432e-31
0 38 36 1.34248e-31
0 38 37 8.47486e-32
0 38 38 5.14026e-32
0 38 39 2.99548e-32
0 38 40 1.67716e-32
0 38 41 9.02221e-33
0 38 42 4.66314e-33
0 38 43 2.31565e-33
0 38 44 1.10483e-33
0 38 45 5.0646e-34
0 38 46 2.23061e-34
0 38 47 9.43909e-35
0 38 48 3.83765e-35
0 38 49 1.78372e-58
0 39 0 3.9012e-59
0 39 1 8.73594e-36
0 39 2 2.23638e-35
0 39 3 5.50062e-35
0 39 4 1.29988e-34
0 39 5 2.95139e-34
0 39 6 6.43837e-34
0 39 7 1.34944e-33
0 39 8 2.71744e-33
0 39 9 5.25768e-33
0 39 10 9.77365e-33
0 39 11 1.74561e-32
0 39 12 2.99548e-32
0 39 13 4.93871e-32
0 39 14 7.82329e-32
0 39 15 1.19067e-31
0 39 16 1.7411e-31
0 39 17 2.44616e-31
0 39 18 3.30197e-31
0 39 19 4.28243e-31
0 39 20 5.33623e-31
0 39 21 6.38863e-31
0 39 22 7.34867e-31
0 39 23 8.12154e-31
0 39 24 8.62375e-31
0 39 25 8.79796e-31
0 39 26 8.62375e-31
0 39 27 8.12154e-31
0 39 28 7.34867e-31
0 39 29 6.38863e-31
0 39 30 5.33623e-31
0 39 31 4.28243e-31
0 39 32 3.30197e-31
0 39 33 2.44616e-31
0 39 34 1.7411e-31
0 39 35 1.19067e-31
0 39 36 7.82329e-32
0 39 37 4.93871e-32
0 39 38 2.99548e-32
0 39 39 1.74561e-32
0 39 40 9.77365e-33
0 39 41 5.25768e-33
0 39 42 2.71744e-33
0 39 43 1.34944e-33
0 39 44 6.43837e-34
0 39 45 2.95139e-34
0 39 46 1.29988e-34
0 39 47 5.50062e-35
0 39 48 2.23638e-35
0 39 49 1.03946e-58
0 40 0 2.18427e-59
0 40 1 4.89124e-36
0 40 2 1.25215e-35
0 40 3 3.07979e-35
0 40 4 7.27803e-35
0 40 5 1.65248e-34
0 40 6 3.60483e-34
0 40 7 7.55549e-34
0 40 8 1.52149e-33
0 40 9 2.94377e-33
0 40 10 5.47225e-33
0 40 11 9.77365e-33
0 40 12 1.67716e-32
0 40 13 2.76518e-32
0 40 14 4.38024e-32
0 40 15 6.66656e-32
0 40 16 9.74841e-32
0 40 17 1.3696e-31
0 40 18 1.84877e-31
0 40 19 2.39772e-31
0 40 20 2.98775e-31
0 40 21 3.57698e-31
0 40 22 4.11451e-31
0 40 23 4.54724e-31
0 40 24 4.82842e-31
0 40 25 4.92596e-31
0 40 26 4.82842e-31
0 40 27 4.54724e-31
0 40 28 4.11451e-31
0 40 29 3.57698e-31
0 40 30 2.98775e-31
0 40 31 2.39772e-31
0 40 32 1.84877e-31
0 40 33 1.3696e-31
0 40 34 9.74841e-32
0 40 35 6.66656e-32
0 40 36 4.38024e-32
0 40 37 2.76518e-32
0 40 38 1.67716e-32
0 40 39 9.77365e-33
0 40 40 5.47225e-33
0 40 41 2.94377e-33
0 40 42 1.52149e-33
0 40 43 7.55549e-34
0 40 44 3.60483e-34
0 40 45 1.65248e-34
0 40 46 7.27803e-35
0 40 47 3.07979e-35
0 40 48 1.25215e-35
0 40 49 5.8199e-59
0 41 0 1.17502e-59
0 41 1 2.63121e-36
0 41 2 6.73586e-36
0 41 3 1.65675e-35
