0 0 0 1.19351e-92
0 0 1 5.18574e-67
0 0 2 1.32754e-66
0 0 3 3.26522e-66
0 0 4 7.71625e-66
0 0 5 1.75197e-65
0 0 6 3.82188e-65
0 0 7 8.01042e-65
0 0 8 1.6131e-64
0 0 9 3.12101e-64
0 0 10 5.80174e-64
0 0 11 1.03621e-63
0 0 12 1.77815e-63
0 0 13 2.93167e-63
0 0 14 4.64398e-63
0 0 15 7.06797e-63
0 0 16 1.03354e-62
0 0 17 1.45207e-62
0 0 18 1.96008e-62
0 0 19 2.54209e-62
0 0 20 3.16764e-62
0 0 21 3.79236e-62
0 0 22 4.36225e-62
0 0 23 4.82103e-62
0 0 24 5.11915e-62
0 0 25 5.22256e-62
0 0 26 5.11915e-62
0 0 27 4.82103e-62
0 0 28 4.36225e-62
0 0 29 3.79236e-62
0 0 30 3.16764e-62
0 0 31 2.54209e-62
0 0 32 1.96008e-62
0 0 33 1.45207e-62
0 0 34 1.03354e-62
0 0 35 7.06797e-63
0 0 36 4.64398e-63
0 0 37 2.93167e-63
0 0 38 1.77815e-63
0 0 39 1.03621e-63
0 0 40 5.80174e-64
0 0 41 3.12101e-64
0 0 42 1.6131e-64
0 0 43 8.01042e-65
0 0 44 3.82188e-65
0 0 45 1.75197e-65
0 0 46 7.71625e-66
0 0 47 3.26522e-66
0 0 48 1.32754e-66
0 0 49 3.18005e-92
0 1 0 5.18574e-67
0 1 1 2.25318e-41
0 1 2 5.76811e-41
0 1 3 1.41873e-40
0 1 4 3.35268e-40
0 1 5 7.61226e-40
0 1 6 1.66059e-39
0 1 7 3.48049e-39
0 1 8 7.00886e-39
0 1 9 1.35607e-38
0 1 10 2.52083e-38
0 1 11 4.5023e-38
0 1 12 7.72599e-38
0 1 13 1.2738e-37
0 1 14 2.01779e-37
0 1 15 3.071e-37
0 1 16 4.49068e-37
0 1 17 6.30917e-37
0 1 18 8.51649e-37
0 1 19 1.10453e-36
0 1 20 1.37633e-36
0 1 21 1.64776e-36
0 1 22 1.89538e-36
0 1 23 2.09472e-36
0 1 24 2.22425e-36
0 1 25 2.26918e-36
0 1 26 2.22425e-36
0 1 27 2.09472e-36
0 1 28 1.89538e-36
0 1 29 1.64776e-36
0 1 30 1.37633e-36
0 1 31 1.10453e-36
0 1 32 8.51649e-37
0 1 33 6.30917e-37
0 1 34 4.49068e-37
0 1 35 3.071e-37
0 1 36 2.01779e-37
0 1 37 1.2738e-37
0 1 38 7.72599e-38
0 1 39 4.5023e-38
0 1 40 2.52083e-38
0 1 41 1.35607e-38
0 1 42 7.00886e-39
0 1 43 3.48049e-39
0 1 44 1.66059e-39
0 1 45 7.61226e-40
0 1 46 3.35268e-40
0 1 47 1.41873e-40
0 1 48 5.76811e-41
0 1 49 1.38172e-66
0 2 0 1.32754e-66
0 2 1 5.76811e-41
0 2 2 1.47663e-40
0 2 3 3.63191e-40
0 2 4 8.58279e-40
0 2 5 1.94872e-39
0 2 6 4.25109e-39
0 2 7 8.91e-39
0 2 8 1.79425e-38
0 2 9 3.47151e-38
0 2 10 6.45329e-38
0 2 11 1.15258e-37
0 2 12 1.97784e-37
0 2 13 3.2609e-37
0 2 14 5.16551e-37
0 2 15 7.86171e-37
0 2 16 1.14961e-36
0 2 17 1.61514e-36
0 2 18 2.18021e-36
0 2 19 2.82757e-36
0 2 20 3.52337e-36
0 2 21 4.21825e-36
0 2 22 4.85214e-36
0 2 23 5.36244e-36
0 2 24 5.69404e-36
0 2 25 5.80906e-36
0 2 26 5.69404e-36
0 2 27 5.36244e-36
0 2 28 4.85214e-36
0 2 29 4.21825e-36
0 2 30 3.52337e-36
0 2 31 2.82757e-36
0 2 32 2.18021e-36
0 2 33 1.61514e-36
0 2 34 1.14961e-36
0 2 35 7.86171e-37
0 2 36 5.16551e-37
0 2 37 3.2609e-37
0 2 38 1.97784e-37
0 2 39 1.15258e-37
0 2 40 6.45329e-38
0 2 41 3.47151e-38
0 2 42 1.79425e-38
0 2 43 8.91e-39
0 2 44 4.25109e-39
0 2 45 1.94872e-39
0 2 46 8.58279e-40
0 2 47 3.63191e-40
0 2 48 1.47663e-40
0 2 49 3.53717e-66
0 3 0 3.26522e-66
0 3 1 1.41873e-40
0 3 2 3.63191e-40
0 3 3 8.93307e-40
0 3 4 2.11103e-39
0 3 5 4.79309e-39
0 3 6 1.0456e-38
0 3 7 2.19151e-38
0 3 8 4.41315e-38
0 3 9 8.53853e-38
0 3 10 1.58725e-37
0 3 11 2.83489e-37
0 3 12 4.8647e-37
0 3 13 8.02053e-37
0 3 14 1.27051e-36
0 3 15 1.93367e-36
0 3 16 2.82757e-36
0 3 17 3.97259e-36
0 3 18 5.36244e-36
0 3 19 6.95471e-36
0 3 20 8.6661e-36
0 3 21 1.03752e-35
0 3 22 1.19343e-35
0 3 23 1.31895e-35
0 3 24 1.40051e-35
0 3 25 1.4288e-35
0 3 26 1.40051e-35
0 3 27 1.31895e-35
0 3 28 1.19343e-35
0 3 29 1.03752e-35
0 3 30 8.6661e-36
0 3 31 6.95471e-36
0 3 32 5.36244e-36
0 3 33 3.97259e-36
0 3 34 2.82757e-36
0 3 35 1.93367e-36
0 3 36 1.27051e-36
0 3 37 8.02053e-37
0 3 38 4.8647e-37
0 3 39 2.83489e-37
0 3 40 1.58725e-37
0 3 41 8.53853e-38
0 3 42 4.41315e-38
0 3 43 2.19151e-38
0 3 44 1.0456e-38
0 3 45 4.79309e-39
0 3 46 2.11103e-39
0 3 47 8.93307e-40
0 3 48 3.63191e-40
0 3 49 8.70004e-66
0 4 0 7.71625e-66
0 4 1 3.35268e-40
0 4 2 8.58279e-40
0 4 3 2.11103e-39
0 4 4 4.9887e-39
0 4 5 1.13268e-38
0 4 6 2.47092e-38
0 4 7 5.17888e-38
0 4 8 1.0429e-37
0 4 9 2.01779e-37
0 4 10 3.75093e-37
0 4 11 6.69931e-37
0 4 12 1.14961e-36
0 4 13 1.89538e-36
0 4 14 3.00242e-36
0 4 15 4.56957e-36
0 4 16 6.68201e-36
0 4 17 9.38788e-36
0 4 18 1.26723e-35
0 4 19 1.64351e-35
0 4 20 2.04794e-35
0 4 21 2.45183e-35
0 4 22 2.82027e-35
0 4 23 3.11689e-35
0 4 24 3.30962e-35
0 4 25 3.37648e-35
0 4 26 3.30962e-35
0 4 27 3.11689e-35
0 4 28 2.82027e-35
0 4 29 2.45183e-35
0 4 30 2.04794e-35
0 4 31 1.64351e-35
0 4 32 1.26723e-35
0 4 33 9.38788e-36
0 4 34 6.68201e-36
0 4 35 4.56957e-36
0 4 36 3.00242e-36
0 4 37 1.89538e-36
0 4 38 1.14961e-36
0 4 39 6.69931e-37
0 4 40 3.75093e-37
0 4 41 2.01779e-37
0 4 42 1.0429e-37
0 4 43 5.17888e-38
0 4 44 2.47092e-38
0 4 45 1.13268e-38
0 4 46 4.9887e-39
0 4 47 2.11103e-39
0 4 48 8.58279e-40
0 4 49 2.05596e-65
0 5 0 1.75197e-65
0 5 1 7.61226e-40
0 5 2 1.94872e-39
0 5 3 4.79309e-39
0 5 4 1.13268e-38
0 5 5 2.57176e-38
0 5 6 5.61022e-38
0 5 7 1.17587e-37
0 5 8 2.3679e-37
0 5 9 4.5814e-37
0 5 10 8.51649e-37
0 5 11 1.52108e-36
0 5 12 2.61018e-36
0 5 13 4.30346e-36
0 5 14 6.817e-36
0 5 15 1.03752e-35
0 5 16 1.51715e-35
0 5 17 2.13152e-35
0 5 18 2.87725e-35
0 5 19 3.73159e-35
0 5 20 4.64985e-35
0 5 21 5.56688e-35
0 5 22 6.40343e-35
0 5 23 7.07689e-35
0 5 24 7.5145e-35
0 5 25 7.6663e-35
0 5 26 7.5145e-35
0 5 27 7.07689e-35
0 5 28 6.40343e-35
0 5 29 5.56688e-35
0 5 30 4.64985e-35
0 5 31 3.73159e-35
0 5 32 2.87725e-35
0 5 33 2.13152e-35
0 5 34 1.51715e-35
0 5 35 1.03752e-35
0 5 36 6.817e-36
0 5 37 4.30346e-36
0 5 38 2.61018e-36
0 5 39 1.52108e-36
0 5 40 8.51649e-37
0 5 41 4.5814e-37
0 5 42 2.3679e-37
0 5 43 1.17587e-37
0 5 44 5.61022e-38
0 5 45 2.57176e-38
0 5 46 1.13268e-38
0 5 47 4.79309e-39
0 5 48 1.94872e-39
0 5 49 4.66806e-65
0 6 0 3.82188e-65
0 6 1 1.66059e-39
0 6 2 4.25109e-39
0 6 3 1.0456e-38
0 6 4 2.47092e-38
0 6 5 5.61022e-38
0 6 6 1.22385e-37
0 6 7 2.56512e-37
0 6 8 5.16551e-37
0 6 9 9.99419e-37
0 6 10 1.85785e-36
0 6 11 3.31819e-36
0 6 12 5.69404e-36
0 6 13 9.38788e-36
0 6 14 1.48711e-35
0 6 15 2.26332e-35
0 6 16 3.30962e-35
0 6 17 4.64985e-35
0 6 18 6.27664e-35
0 6 19 8.14036e-35
0 6 20 1.01435e-34
0 6 21 1.2144e-34
0 6 22 1.39689e-34
0 6 23 1.5438e-34
0 6 24 1.63927e-34
0 6 25 1.67238e-34
0 6 26 1.63927e-34
0 6 27 1.5438e-34
0 6 28 1.39689e-34
0 6 29 1.2144e-34
0 6 30 1.01435e-34
0 6 31 8.14036e-35
0 6 32 6.27664e-35
0 6 33 4.64985e-35
0 6 34 3.30962e-35
0 6 35 2.26332e-35
0 6 36 1.48711e-35
0 6 37 9.38788e-36
0 6 38 5.69404e-36
0 6 39 3.31819e-36
0 6 40 1.85785e-36
0 6 41 9.99419e-37
0 6 42 5.16551e-37
0 6 43 2.56512e-37
0 6 44 1.22385e-37
0 6 45 5.61022e-38
0 6 46 2.47092e-38
0 6 47 1.0456e-38
0 6 48 4.25109e-39
0 6 49 1.01832e-64
0 7 0 8.01042e-65
0 7 1 3.48049e-39
0 7 2 8.91e-39
0 7 3 2.19151e-38
0 7 4 5.17888e-38
0 7 5 1.17587e-37
0 7 6 2.56512e-37
0 7 7 5.37632e-37
0 7 8 1.08266e-36
0 7 9 2.09472e-36
0 7 10 3.89393e-36
0 7 11 6.95471e-36
0 7 12 1.19343e-35
0 7 13 1.96764e-35
0 7 14 3.11689e-35
0 7 15 4.74378e-35
0 7 16 6.93676e-35
0 7 17 9.74578e-35
0 7 18 1.31554e-34
0 7 19 1.70617e-34
0 7 20 2.12601e-34
0 7 21 2.5453e-34
0 7 22 2.92779e-34
0 7 23 3.23571e-34
0 7 24 3.4358e-34
0 7 25 3.50521e-34
0 7 26 3.4358e-34
0 7 27 3.23571e-34
0 7 28 2.92779e-34
0 7 29 2.5453e-34
0 7 30 2.12601e-34
0 7 31 1.70617e-34
0 7 32 1.31554e-34
0 7 33 9.74578e-35
0 7 34 6.93676e-35
0 7 35 4.74378e-35
0 7 36 3.11689e-35
0 7 37 1.96764e-35
0 7 38 1.19343e-35
0 7 39 6.95471e-36
0 7 40 3.89393e-36
0 7 41 2.09472e-36
0 7 42 1.08266e-36
0 7 43 5.37632e-37
0 7 44 2.56512e-37
0 7 45 1.17587e-37
0 7 46 5.17888e-38
0 7 47 2.19151e-38
0 7 48 8.91e-39
0 7 49 2.13434e-64
0 8 0 1.6131e-64
0 8 1 7.00886e-39
0 8 2 1.79425e-38
0 8 3 4.41315e-38
0 8 4 1.0429e-37
0 8 5 2.3679e-37
0 8 6 5.16551e-37
0 8 7 1.08266e-36
0 8 8 2.18021e-36
0 8 9 4.21825e-36
0 8 10 7.84141e-36
0 8 11 1.40051e-35
0 8 12 2.40328e-35
0 8 13 3.96234e-35
0 8 14 6.27664e-35
0 8 15 9.5528e-35
0 8 16 1.39689e-34
0 8 17 1.96256e-34
0 8 18 2.64918e-34
0 8 19 3.4358e-34
0 8 20 4.28127e-34
0 8 21 5.12561e-34
0 8 22 5.89585e-34
0 8 23 6.51592e-34
0 8 24 6.91885e-34
0 8 25 7.05862e-34
0 8 26 6.91885e-34
0 8 27 6.51592e-34
0 8 28 5.89585e-34
0 8 29 5.12561e-34
0 8 30 4.28127e-34
0 8 31 3.4358e-34
0 8 32 2.64918e-34
0 8 33 1.96256e-34
0 8 34 1.39689e-34
0 8 35 9.5528e-35
0 8 36 6.27664e-35
0 8 37 3.96234e-35
0 8 38 2.40328e-35
0 8 39 1.40051e-35
0 8 40 7.84141e-36
0 8 41 4.21825e-36
0 8 42 2.18021e-36
0 8 43 1.08266e-36
0 8 44 5.16551e-37
0 8 45 2.3679e-37
0 8 46 1.0429e-37
0 8 47 4.41315e-38
0 8 48 1.79425e-38
0 8 49 4.29803e-64
0 9 0 3.12101e-64
0 9 1 1.35607e-38
0 9 2 3.47151e-38
0 9 3 8.53853e-38
0 9 4 2.01779e-37
0 9 5 4.5814e-37
0 9 6 9.99419e-37
0 9 7 2.09472e-36
0 9 8 4.21825e-36
0 9 9 8.16143e-36
0 9 10 1.51715e-35
0 9 11 2.70969e-35
0 9 12 4.64985e-35
0 9 13 7.6663e-35
0 9 14 1.2144e-34
0 9 15 1.84827e-34
0 9 16 2.70269e-34
0 9 17 3.79714e-34
0 9 18 5.12561e-34
0 9 19 6.64755e-34
0 9 20 8.28336e-34
0 9 21 9.91699e-34
0 9 22 1.14072e-33
0 9 23 1.2607e-33
0 9 24 1.33865e-33
0 9 25 1.3657e-33
0 9 26 1.33865e-33
0 9 27 1.2607e-33
0 9 28 1.14072e-33
0 9 29 9.91699e-34
0 9 30 8.28336e-34
0 9 31 6.64755e-34
0 9 32 5.12561e-34
0 9 33 3.79714e-34
0 9 34 2.70269e-34
0 9 35 1.84827e-34
0 9 36 1.2144e-34
0 9 37 7.6663e-35
0 9 38 4.64985e-35
0 9 39 2.70969e-35
0 9 40 1.51715e-35
0 9 41 8.16143e-36
0 9 42 4.21825e-36
0 9 43 2.09472e-36
0 9 44 9.99419e-37
0 9 45 4.5814e-37
0 9 46 2.01779e-37
0 9 47 8.53853e-38
0 9 48 3.47151e-38
0 9 49 8.3158e-64
0 10 0 5.80174e-64
0 10 1 2.52083e-38
0 10 2 6.45329e-38
0 10 3 1.58725e-37
0 10 4 3.75093e-37
0 10 5 8.51649e-37
0 10 6 1.85785e-36
0 10 7 3.89393e-36
0 10 8 7.84141e-36
0 10 9 1.51715e-35
0 10 10 2.82027e-35
0 10 11 5.03712e-35
0 10 12 8.64373e-35
0 10 13 1.42511e-34
0 10 14 2.25748e-34
0 10 15 3.4358e-34
0 10 16 5.02411e-34
0 10 17 7.05862e-34
0 10 18 9.52814e-34
0 10 19 1.23573e-33
0 10 20 1.53982e-33
0 10 21 1.8435e-33
0 10 22 2.12053e-33
0 10 23 2.34354e-33
0 10 24 2.48846e-33
0 10 25 2.53873e-33
0 10 26 2.48846e-33
0 10 27 2.34354e-33
0 10 28 2.12053e-33
0 10 29 1.8435e-33
0 10 30 1.53982e-33
0 10 31 1.23573e-33
0 10 32 9.52814e-34
0 10 33 7.05862e-34
0 10 34 5.02411e-34
0 10 35 3.4358e-34
0 10 36 2.25748e-34
0 10 37 1.42511e-34
0 10 38 8.64373e-35
0 10 39 5.03712e-35
0 10 40 2.82027e-35
0 10 41 1.51715e-35
0 10 42 7.84141e-36
0 10 43 3.89393e-36
0 10 44 1.85785e-36
0 10 45 8.51649e-37
0 10 46 3.75093e-37
0 10 47 1.58725e-37
0 10 48 6.45329e-38
0 10 49 1.54585e-63
0 11 0 1.03621e-63
0 11 1 4.5023e-38
0 11 2 1.15258e-37
0 11 3 2.83489e-37
0 11 4 6.69931e-37
0 11 5 1.52108e-36
0 11 6 3.31819e-36
0 11 7 6.95471e-36
0 11 8 1.40051e-35
0 11 9 2.70969e-35
0 11 10 5.03712e-35
0 11 11 8.99649e-35
0 11 12 1.5438e-34
0 11 13 2.5453e-34
0 11 14 4.03195e-34
0 11 15 6.13647e-34
0 11 16 8.97326e-34
0 11 17 1.2607e-33
0 11 18 1.70176e-33
0 11 19 2.20707e-33
0 11 20 2.75017e-33
0 11 21 3.29256e-33
0 11 22 3.78734e-33
0 11 23 4.18566e-33
0 11 24 4.44448e-33
0 11 25 4.53427e-33
0 11 26 4.44448e-33
0 11 27 4.18566e-33
0 11 28 3.78734e-33
0 11 29 3.29256e-33
0 11 30 2.75017e-33
0 11 31 2.20707e-33
0 11 32 1.70176e-33
0 11 33 1.2607e-33
0 11 34 8.97326e-34
0 11 35 6.13647e-34
0 11 36 4.03195e-34
0 11 37 2.5453e-34
0 11 38 1.5438e-34
0 11 39 8.99649e-35
0 11 40 5.03712e-35
0 11 41 2.70969e-35
0 11 42 1.40051e-35
0 11 43 6.95471e-36
0 11 44 3.31819e-36
0 11 45 1.52108e-36
0 11 46 6.69931e-37
0 11 47 2.83489e-37
0 11 48 1.15258e-37
0 11 49 2.76094e-63
0 12 0 1.77815e-63
0 12 1 7.72599e-38
0 12 2 1.97784e-37
0 12 3 4.8647e-37
0 12 4 1.14961e-36
0 12 5 2.61018e-36
0 12 6 5.69404e-36
0 12 7 1.19343e-35
0 12 8 2.40328e-35
0 12 9 4.64985e-35
0 12 10 8.64373e-35
0 12 11 1.5438e-34
0 12 12 2.64918e-34
0 12 13 4.36775e-34
0 12 14 6.91885e-34
0 12 15 1.05302e-33
0 12 16 1.53982e-33
0 12 17 2.16336e-33
0 12 18 2.92023e-33
0 12 19 3.78734e-33
0 12 20 4.71932e-33
0 12 21 5.65005e-33
0 12 22 6.4991e-33
0 12 23 7.18262e-33
0 12 24 7.62677e-33
0 12 25 7.78084e-33
0 12 26 7.62677e-33
0 12 27 7.18262e-33
0 12 28 6.4991e-33
0 12 29 5.65005e-33
0 12 30 4.71932e-33
0 12 31 3.78734e-33
0 12 32 2.92023e-33
0 12 33 2.16336e-33
0 12 34 1.53982e-33
0 12 35 1.05302e-33
0 12 36 6.91885e-34
0 12 37 4.36775e-34
0 12 38 2.64918e-34
0 12 39 1.5438e-34
0 12 40 8.64373e-35
0 12 41 4.64985e-35
0 12 42 2.40328e-35
0 12 43 1.19343e-35
0 12 44 5.69404e-36
0 12 45 2.61018e-36
0 12 46 1.14961e-36
0 12 47 4.8647e-37
0 12 48 1.97784e-37
0 12 49 4.7378e-63
0 13 0 2.93167e-63
0 13 1 1.2738e-37
0 13 2 3.2609e-37
0 13 3 8.02053e-37
0 13 4 1.89538e-36
0 13 5 4.30346e-36
0 13 6 9.38788e-36
0 13 7 1.96764e-35
0 13 8 3.96234e-35
0 13 9 7.6663e-35
0 13 10 1.42511e-34
0 13 11 2.5453e-34
0 13 12 4.36775e-34
0 13 13 7.20121e-34
0 13 14 1.14072e-33
0 13 15 1.73614e-33
0 13 16 2.53873e-33
0 13 17 3.56678e-33
0 13 18 4.81465e-33
0 13 19 6.24427e-33
0 13 20 7.78084e-33
0 13 21 9.31535e-33
0 13 22 1.07152e-32
0 13 23 1.18421e-32
0 13 24 1.25744e-32
0 13 25 1.28284e-32
0 13 26 1.25744e-32
0 13 27 1.18421e-32
0 13 28 1.07152e-32
0 13 29 9.31535e-33
0 13 30 7.78084e-33
0 13 31 6.24427e-33
0 13 32 4.81465e-33
0 13 33 3.56678e-33
0 13 34 2.53873e-33
0 13 35 1.73614e-33
0 13 36 1.14072e-33
0 13 37 7.20121e-34
0 13 38 4.36775e-34
0 13 39 2.5453e-34
0 13 40 1.42511e-34
0 13 41 7.6663e-35
0 13 42 3.96234e-35
0 13 43 1.96764e-35
0 13 44 9.38788e-36
0 13 45 4.30346e-36
0 13 46 1.89538e-36
0 13 47 8.02053e-37
0 13 48 3.2609e-37
0 13 49 7.81131e-63
0 14 0 4.64398e-63
0 14 1 2.01779e-37
0 14 2 5.16551e-37
0 14 3 1.27051e-36
0 14 4 3.00242e-36
0 14 5 6.817e-36
0 14 6 1.48711e-35
0 14 7 3.11689e-35
0 14 8 6.27664e-35
0 14 9 1.2144e-34
0 14 10 2.25748e-34
0 14 11 4.03195e-34
0 14 12 6.91885e-34
0 14 13 1.14072e-33
0 14 14 1.80699e-33
0 14 15 2.75017e-33
0 14 16 4.02154e-33
0 14 17 5.65005e-33
0 14 18 7.62677e-33
0 14 19 9.89138e-33
0 14 20 1.23254e-32
0 14 21 1.47562e-32
0 14 22 1.69737e-32
0 14 23 1.87588e-32
0 14 24 1.99188e-32
0 14 25 2.03212e-32
0 14 26 1.99188e-32
0 14 27 1.87588e-32
0 14 28 1.69737e-32
0 14 29 1.47562e-32
0 14 30 1.23254e-32
0 14 31 9.89138e-33
0 14 32 7.62677e-33
0 14 33 5.65005e-33
0 14 34 4.02154e-33
0 14 35 2.75017e-33
0 14 36 1.80699e-33
0 14 37 1.14072e-33
0 14 38 6.91885e-34
0 14 39 4.03195e-34
0 14 40 2.25748e-34
0 14 41 1.2144e-34
0 14 42 6.27664e-35
0 14 43 3.11689e-35
0 14 44 1.48711e-35
0 14 45 6.817e-36
0 14 46 3.00242e-36
0 14 47 1.27051e-36
0 14 48 5.16551e-37
0 14 49 1.23737e-62
0 15 0 7.06797e-63
0 15 1 3.071e-37
0 15 2 7.86171e-37
0 15 3 1.93367e-36
0 15 4 4.56957e-36
0 15 5 1.03752e-35
0 15 6 2.26332e-35
0 15 7 4.74378e-35
0 15 8 9.5528e-35
0 15 9 1.84827e-34
0 15 10 3.4358e-34
0 15 11 6.13647e-34
0 15 12 1.05302e-33
0 15 13 1.73614e-33
0 15 14 2.75017e-33
0 15 15 4.18566e-33
0 15 16 6.12062e-33
0 15 17 8.59915e-33
0 15 18 1.16076e-32
0 15 19 1.50543e-32
0 15 20 1.87588e-32
0 15 21 2.24584e-32
0 15 22 2.58333e-32
0 15 23 2.85502e-32
0 15 24 3.03156e-32
0 15 25 3.09281e-32
0 15 26 3.03156e-32
0 15 27 2.85502e-32
0 15 28 2.58333e-32
0 15 29 2.24584e-32
0 15 30 1.87588e-32
0 15 31 1.50543e-32
0 15 32 1.16076e-32
0 15 33 8.59915e-33
0 15 34 6.12062e-33
0 15 35 4.18566e-33
0 15 36 2.75017e-33
0 15 37 1.73614e-33
0 15 38 1.05302e-33
0 15 39 6.13647e-34
0 15 40 3.4358e-34
0 15 41 1.84827e-34
0 15 42 9.5528e-35
0 15 43 4.74378e-35
0 15 44 2.26332e-35
0 15 45 1.03752e-35
0 15 46 4.56957e-36
0 15 47 1.93367e-36
0 15 48 7.86171e-37
0 15 49 1.88323e-62
0 16 0 1.03354e-62
0 16 1 4.49068e-37
0 16 2 1.14961e-36
0 16 3 2.82757e-36
0 16 4 6.68201e-36
0 16 5 1.51715e-35
0 16 6 3.30962e-35
0 16 7 6.93676e-35
0 16 8 1.39689e-34
0 16 9 2.70269e-34
0 16 10 5.02411e-34
0 16 11 8.97326e-34
0 16 12 1.53982e-33
0 16 13 2.53873e-33
0 16 14 4.02154e-33
0 16 15 6.12062e-33
0 16 16 8.95009e-33
0 16 17 1.25744e-32
0 16 18 1.69737e-32
0 16 19 2.20137e-32
0 16 20 2.74307e-32
0 16 21 3.28405e-32
0 16 22 3.77756e-32
0 16 23 4.17485e-32
0 16 24 4.43301e-32
0 16 25 4.52256e-32
0 16 26 4.43301e-32
0 16 27 4.17485e-32
0 16 28 3.77756e-32
0 16 29 3.28405e-32
0 16 30 2.74307e-32
0 16 31 2.20137e-32
0 16 32 1.69737e-32
0 16 33 1.25744e-32
0 16 34 8.95009e-33
0 16 35 6.12062e-33
0 16 36 4.02154e-33
0 16 37 2.53873e-33
0 16 38 1.53982e-33
0 16 39 8.97326e-34
0 16 40 5.02411e-34
0 16 41 2.70269e-34
0 16 42 1.39689e-34
0 16 43 6.93676e-35
0 16 44 3.30962e-35
0 16 45 1.51715e-35
0 16 46 6.68201e-36
0 16 47 2.82757e-36
0 16 48 1.14961e-36
0 16 49 2.75382e-62
0 17 0 1.45207e-62
0 17 1 6.30917e-37
0 17 2 1.61514e-36
0 17 3 3.97259e-36
0 17 4 9.38788e-36
0 17 5 2.13152e-35
0 17 6 4.64985e-35
0 17 7 9.74578e-35
0 17 8 1.96256e-34
0 17 9 3.79714e-34
0 17 10 7.05862e-34
0 17 11 1.2607e-33
0 17 12 2.16336e-33
0 17 13 3.56678e-33
0 17 14 5.65005e-33
0 17 15 8.59915e-33
0 17 16 1.25744e-32
0 17 17 1.76664e-32
0 17 18 2.38471e-32
0 17 19 3.09281e-32
0 17 20 3.85387e-32
0 17 21 4.61392e-32
0 17 22 5.30728e-32
0 17 23 5.86545e-32
0 17 24 6.22815e-32
0 17 25 6.35396e-32
0 17 26 6.22815e-32
0 17 27 5.86545e-32
0 17 28 5.30728e-32
0 17 29 4.61392e-32
0 17 30 3.85387e-32
0 17 31 3.09281e-32
0 17 32 2.38471e-32
0 17 33 1.76664e-32
0 17 34 1.25744e-32
0 17 35 8.59915e-33
0 17 36 5.65005e-33
0 17 37 3.56678e-33
0 17 38 2.16336e-33
0 17 39 1.2607e-33
0 17 40 7.05862e-34
0 17 41 3.79714e-34
0 17 42 1.96256e-34
0 17 43 9.74578e-35
0 17 44 4.64985e-35
0 17 45 2.13152e-35
0 17 46 9.38788e-36
0 17 47 3.97259e-36
0 17 48 1.61514e-36
0 17 49 3.86897e-62
0 18 0 1.96008e-62
0 18 1 8.51649e-37
0 18 2 2.18021e-36
0 18 3 5.36244e-36
0 18 4 1.26723e-35
0 18 5 2.87725e-35
0 18 6 6.27664e-35
0 18 7 1.31554e-34
0 18 8 2.64918e-34
0 18 9 5.12561e-34
0 18 10 9.52814e-34
0 18 11 1.70176e-33
0 18 12 2.92023e-33
0 18 13 4.81465e-33
0 18 14 7.62677e-33
0 18 15 1.16076e-32
0 18 16 1.69737e-32
0 18 17 2.38471e-32
0 18 18 3.21903e-32
0 18 19 4.17485e-32
0 18 20 5.20219e-32
0 18 21 6.22815e-32
0 18 22 7.16407e-32
0 18 23 7.91753e-32
0 18 24 8.40712e-32
0 18 25 8.57695e-32
0 18 26 8.40712e-32
0 18 27 7.91753e-32
0 18 28 7.16407e-32
0 18 29 6.22815e-32
0 18 30 5.20219e-32
0 18 31 4.17485e-32
0 18 32 3.21903e-32
0 18 33 2.38471e-32
0 18 34 1.69737e-32
0 18 35 1.16076e-32
0 18 36 7.62677e-33
0 18 37 4.81465e-33
0 18 38 2.92023e-33
0 18 39 1.70176e-33
0 18 40 9.52814e-34
0 18 41 5.12561e-34
0 18 42 2.64918e-34
0 18 43 1.31554e-34
0 18 44 6.27664e-35
0 18 45 2.87725e-35
0 18 46 1.26723e-35
0 18 47 5.36244e-36
0 18 48 2.18021e-36
0 18 49 5.22256e-62
0 19 0 2.54209e-62
0 19 1 1.10453e-36
0 19 2 2.82757e-36
0 19 3 6.95471e-36
0 19 4 1.64351e-35
0 19 5 3.73159e-35
0 19 6 8.14036e-35
0 19 7 1.70617e-34
0 19 8 3.4358e-34
0 19 9 6.64755e-34
0 19 10 1.23573e-33
0 19 11 2.20707e-33
0 19 12 3.78734e-33
0 19 13 6.24427e-33
0 19 14 9.89138e-33
0 19 15 1.50543e-32
0 19 16 2.20137e-32
0 19 17 3.09281e-32
0 19 18 4.17485e-32
0 19 19 5.41449e-32
0 19 20 6.74687e-32
0 19 21 8.07747e-32
0 19 22 9.2913e-32
0 19 23 1.02685e-31
0 19 24 1.09034e-31
0 19 25 1.11237e-31
0 19 26 1.09034e-31
0 19 27 1.02685e-31
0 19 28 9.2913e-32
0 19 29 8.07747e-32
0 19 30 6.74687e-32
0 19 31 5.41449e-32
0 19 32 4.17485e-32
0 19 33 3.09281e-32
0 19 34 2.20137e-32
0 19 35 1.50543e-32
0 19 36 9.89138e-33
0 19 37 6.24427e-33
0 19 38 3.78734e-33
0 19 39 2.20707e-33
0 19 40 1.23573e-33
0 19 41 6.64755e-34
0 19 42 3.4358e-34
0 19 43 1.70617e-34
0 19 44 8.14036e-35
0 19 45 3.73159e-35
0 19 46 1.64351e-35
0 19 47 6.95471e-36
0 19 48 2.82757e-36
0 19 49 6.77329e-62
0 20 0 3.16764e-62
0 20 1 1.37633e-36
0 20 2 3.52337e-36
0 20 3 8.6661e-36
0 20 4 2.04794e-35
0 20 5 4.64985e-35
0 20 6 1.01435e-34
0 20 7 2.12601e-34
0 20 8 4.28127e-34
0 20 9 8.28336e-34
0 20 10 1.53982e-33
0 20 11 2.75017e-33
0 20 12 4.71932e-33
0 20 13 7.78084e-33
0 20 14 1.23254e-32
0 20 15 1.87588e-32
0 20 16 2.74307e-32
0 20 17 3.85387e-32
0 20 18 5.20219e-32
0 20 19 6.74687e-32
0 20 20 8.40712e-32
0 20 21 1.00651e-31
0 20 22 1.15777e-31
0 20 23 1.27953e-31
0 20 24 1.35865e-31
0 20 25 1.3861e-31
0 20 26 1.35865e-31
0 20 27 1.27953e-31
0 20 28 1.15777e-31
0 20 29 1.00651e-31
0 20 30 8.40712e-32
0 20 31 6.74687e-32
0 20 32 5.20219e-32
0 20 33 3.85387e-32
0 20 34 2.74307e-32
0 20 35 1.87588e-32
0 20 36 1.23254e-32
0 20 37 7.78084e-33
0 20 38 4.71932e-33
0 20 39 2.75017e-33
0 20 40 1.53982e-33
0 20 41 8.28336e-34
0 20 42 4.28127e-34
0 20 43 2.12601e-34
0 20 44 1.01435e-34
0 20 45 4.64985e-35
0 20 46 2.04794e-35
0 20 47 8.6661e-36
0 20 48 3.52337e-36
0 20 49 8.44004e-62
0 21 0 3.79236e-62
0 21 1 1.64776e-36
0 21 2 4.21825e-36
0 21 3 1.03752e-35
0 21 4 2.45183e-35
0 21 5 5.56688e-35
0 21 6 1.2144e-34
0 21 7 2.5453e-34
0 21 8 5.12561e-34
0 21 9 9.91699e-34
0 21 10 1.8435e-33
0 21 11 3.29256e-33
0 21 12 5.65005e-33
0 21 13 9.31535e-33
0 21 14 1.47562e-32
0 21 15 2.24584e-32
0 21 16 3.28405e-32
0 21 17 4.61392e-32
0 21 18 6.22815e-32
0 21 19 8.07747e-32
0 21 20 1.00651e-31
0 21 21 1.20502e-31
0 21 22 1.3861e-31
0 21 23 1.53188e-31
0 21 24 1.6266e-31
0 21 25 1.65946e-31
0 21 26 1.6266e-31
0 21 27 1.53188e-31
0 21 28 1.3861e-31
0 21 29 1.20502e-31
0 21 30 1.00651e-31
0 21 31 8.07747e-32
0 21 32 6.22815e-32
0 21 33 4.61392e-32
0 21 34 3.28405e-32
0 21 35 2.24584e-32
0 21 36 1.47562e-32
0 21 37 9.31535e-33
0 21 38 5.65005e-33
0 21 39 3.29256e-33
0 21 40 1.8435e-33
0 21 41 9.91699e-34
0 21 42 5.12561e-34
0 21 43 2.5453e-34
0 21 44 1.2144e-34
0 21 45 5.56688e-35
0 21 46 2.45183e-35
0 21 47 1.03752e-35
0 21 48 4.21825e-36
0 21 49 1.01046e-61
0 22 0 4.36225e-62
0 22 1 1.89538e-36
0 22 2 4.85214e-36
0 22 3 1.19343e-35
0 22 4 2.82027e-35
0 22 5 6.40343e-35
0 22 6 1.39689e-34
0 22 7 2.92779e-34
0 22 8 5.89585e-34
0 22 9 1.14072e-33
0 22 10 2.12053e-33
0 22 11 3.78734e-33
0 22 12 6.4991e-33
0 22 13 1.07152e-32
0 22 14 1.69737e-32
0 22 15 2.58333e-32
0 22 16 3.77756e-32
0 22 17 5.30728e-32
0 22 18 7.16407e-32
0 22 19 9.2913e-32
0 22 20 1.15777e-31
0 22 21 1.3861e-31
0 22 22 1.59439e-31
0 22 23 1.76208e-31
0 22 24 1.87104e-31
0 22 25 1.90884e-31
0 22 26 1.87104e-31
0 22 27 1.76208e-31
0 22 28 1.59439e-31
0 22 29 1.3861e-31
0 22 30 1.15777e-31
0 22 31 9.2913e-32
0 22 32 7.16407e-32
0 22 33 5.30728e-32
0 22 34 3.77756e-32
0 22 35 2.58333e-32
0 22 36 1.69737e-32
0 22 37 1.07152e-32
0 22 38 6.4991e-33
0 22 39 3.78734e-33
0 22 40 2.12053e-33
0 22 41 1.14072e-33
0 22 42 5.89585e-34
0 22 43 2.92779e-34
0 22 44 1.39689e-34
0 22 45 6.40343e-35
0 22 46 2.82027e-35
0 22 47 1.19343e-35
0 22 48 4.85214e-36
0 22 49 1.1623e-61
0 23 0 4.82103e-62
0 23 1 2.09472e-36
0 23 2 5.36244e-36
0 23 3 1.31895e-35
0 23 4 3.11689e-35
0 23 5 7.07689e-35
0 23 6 1.5438e-34
0 23 7 3.23571e-34
0 23 8 6.51592e-34
0 23 9 1.2607e-33
0 23 10 2.34354e-33
0 23 11 4.18566e-33
0 23 12 7.18262e-33
0 23 13 1.18421e-32
0 23 14 1.87588e-32
0 23 15 2.85502e-32
0 23 16 4.17485e-32
0 23 17 5.86545e-32
0 23 18 7.91753e-32
0 23 19 1.02685e-31
0 23 20 1.27953e-31
0 23 21 1.53188e-31
0 23 22 1.76208e-31
0 23 23 1.9474e-31
0 23 24 2.06782e-31
0 23 25 2.10959e-31
0 23 26 2.06782e-31
0 23 27 1.9474e-31
0 23 28 1.76208e-31
0 23 29 1.53188e-31
0 23 30 1.27953e-31
0 23 31 1.02685e-31
0 23 32 7.91753e-32
0 23 33 5.86545e-32
0 23 34 4.17485e-32
0 23 35 2.85502e-32
0 23 36 1.87588e-32
0 23 37 1.18421e-32
0 23 38 7.18262e-33
0 23 39 4.18566e-33
0 23 40 2.34354e-33
0 23 41 1.2607e-33
0 23 42 6.51592e-34
0 23 43 3.23571e-34
0 23 44 1.5438e-34
0 23 45 7.07689e-35
0 23 46 3.11689e-35
0 23 47 1.31895e-35
0 23 48 5.36244e-36
0 23 49 1.28454e-61
0 24 0 5.11915e-62
0 24 1 2.22425e-36
0 24 2 5.69404e-36
0 24 3 1.40051e-35
0 24 4 3.30962e-35
0 24 5 7.5145e-35
0 24 6 1.63927e-34
0 24 7 3.4358e-34
0 24 8 6.91885e-34
0 24 9 1.33865e-33
0 24 10 2.48846e-33
0 24 11 4.44448e-33
0 24 12 7.62677e-33
0 24 13 1.25744e-32
0 24 14 1.99188e-32
0 24 15 3.03156e-32
0 24 16 4.43301e-32
0 24 17 6.22815e-32
0 24 18 8.40712e-32
0 24 19 1.09034e-31
0 24 20 1.35865e-31
0 24 21 1.6266e-31
0 24 22 1.87104e-31
0 24 23 2.06782e-31
0 24 24 2.19568e-31
0 24 25 2.24004e-31
0 24 26 2.19568e-31
0 24 27 2.06782e-31
0 24 28 1.87104e-31
0 24 29 1.6266e-31
0 24 30 1.35865e-31
0 24 31 1.09034e-31
0 24 32 8.40712e-32
0 24 33 6.22815e-32
0 24 34 4.43301e-32
0 24 35 3.03156e-32
0 24 36 1.99188e-32
0 24 37 1.25744e-32
0 24 38 7.62677e-33
0 24 39 4.44448e-33
0 24 40 2.48846e-33
0 24 41 1.33865e-33
0 24 42 6.91885e-34
0 24 43 3.4358e-34
0 24 44 1.63927e-34
0 24 45 7.5145e-35
0 24 46 3.30962e-35
0 24 47 1.40051e-35
0 24 48 5.69404e-36
0 24 49 1.36397e-61
0 25 0 5.22256e-62
0 25 1 2.26918e-36
0 25 2 5.80906e-36
0 25 3 1.4288e-35
0 25 4 3.37648e-35
0 25 5 7.6663e-35
0 25 6 1.67238e-34
0 25 7 3.50521e-34
0 25 8 7.05862e-34
0 25 9 1.3657e-33
0 25 10 2.53873e-33
0 25 11 4.53427e-33
0 25 12 7.78084e-33
0 25 13 1.28284e-32
0 25 14 2.03212e-32
0 25 15 3.09281e-32
0 25 16 4.52256e-32
0 25 17 6.35396e-32
0 25 18 8.57695e-32
0 25 19 1.11237e-31
0 25 20 1.3861e-31
0 25 21 1.65946e-31
0 25 22 1.90884e-31
0 25 23 2.10959e-31
0 25 24 2.24004e-31
0 25 25 2.28529e-31
0 25 26 2.24004e-31
0 25 27 2.10959e-31
0 25 28 1.90884e-31
0 25 29 1.65946e-31
0 25 30 1.3861e-31
0 25 31 1.11237e-31
0 25 32 8.57695e-32
0 25 33 6.35396e-32
0 25 34 4.52256e-32
0 25 35 3.09281e-32
0 25 36 2.03212e-32
0 25 37 1.28284e-32
0 25 38 7.78084e-33
0 25 39 4.53427e-33
0 25 40 2.53873e-33
0 25 41 1.3657e-33
0 25 42 7.05862e-34
0 25 43 3.50521e-34
0 25 44 1.67238e-34
0 25 45 7.6663e-35
0 25 46 3.37648e-35
0 25 47 1.4288e-35
0 25 48 5.80906e-36
0 25 49 1.39153e-61
0 26 0 5.11915e-62
0 26 1 2.22425e-36
0 26 2 5.69404e-36
0 26 3 1.40051e-35
0 26 4 3.30962e-35
0 26 5 7.5145e-35
0 26 6 1.63927e-34
0 26 7 3.4358e-34
0 26 8 6.91885e-34
0 26 9 1.33865e-33
0 26 10 2.48846e-33
0 26 11 4.44448e-33
0 26 12 7.62677e-33
0 26 13 1.25744e-32
0 26 14 1.99188e-32
0 26 15 3.03156e-32
0 26 16 4.43301e-32
0 26 17 6.22815e-32
0 26 18 8.40712e-32
0 26 19 1.09034e-31
0 26 20 1.35865e-31
0 26 21 1.6266e-31
0 26 22 1.87104e-31
0 26 23 2.06782e-31
0 26 24 2.19568e-31
0 26 25 2.24004e-31
0 26 26 2.19568e-31
0 26 27 2.06782e-31
0 26 28 1.87104e-31
0 26 29 1.6266e-31
0 26 30 1.35865e-31
0 26 31 1.09034e-31
0 26 32 8.40712e-32
0 26 33 6.22815e-32
0 26 34 4.43301e-32
0 26 35 3.03156e-32
0 26 36 1.99188e-32
0 26 37 1.25744e-32
0 26 38 7.62677e-33
0 26 39 4.44448e-33
0 26 40 2.48846e-33
0 26 41 1.33865e-33
0 26 42 6.91885e-34
0 26 43 3.4358e-34
0 26 44 1.63927e-34
0 26 45 7.5145e-35
0 26 46 3.30962e-35
0 26 47 1.40051e-35
0 26 48 5.69404e-36
0 26 49 1.36397e-61
0 27 0 4.82103e-62
0 27 1 2.09472e-36
0 27 2 5.36244e-36
0 27 3 1.31895e-35
0 27 4 3.11689e-35
0 27 5 7.07689e-35
0 27 6 1.5438e-34
0 27 7 3.23571e-34
0 27 8 6.51592e-34
0 27 9 1.2607e-33
0 27 10 2.34354e-33
0 27 11 4.18566e-33
0 27 12 7.18262e-33
0 27 13 1.18421e-32
0 27 14 1.87588e-32
0 27 15 2.85502e-32
0 27 16 4.17485e-32
0 27 17 5.86545e-32
0 27 18 7.91753e-32
0 27 19 1.02685e-31
0 27 20 1.27953e-31
0 27 21 1.53188e-31
0 27 22 1.76208e-31
0 27 23 1.9474e-31
0 27 24 2.06782e-31
0 27 25 2.10959e-31
0 27 26 2.06782e-31
0 27 27 1.9474e-31
0 27 28 1.76208e-31
0 27 29 1.53188e-31
0 27 30 1.27953e-31
0 27 31 1.02685e-31
0 27 32 7.91753e-32
0 27 33 5.86545e-32
0 27 34 4.17485e-32
0 27 35 2.85502e-32
0 27 36 1.87588e-32
0 27 37 1.18421e-32
0 27 38 7.18262e-33
0 27 39 4.18566e-33
0 27 40 2.34354e-33
0 27 41 1.2607e-33
0 27 42 6.51592e-34
0 27 43 3.23571e-34
0 27 44 1.5438e-34
0 27 45 7.07689e-35
0 27 46 3.11689e-35
0 27 47 1.31895e-35
0 27 48 5.36244e-36
0 27 49 1.28454e-61
0 28 0 4.36225e-62
0 28 1 1.89538e-36
0 28 2 4.85214e-36
0 28 3 1.19343e-35
0 28 4 2.82027e-35
0 28 5 6.40343e-35
0 28 6 1.39689e-34
0 28 7 2.92779e-34
0 28 8 5.89585e-34
0 28 9 1.14072e-33
0 28 10 2.12053e-33
0 28 11 3.78734e-33
0 28 12 6.4991e-33
0 28 13 1.07152e-32
0 28 14 1.69737e-32
0 28 15 2.58333e-32
0 28 16 3.77756e-32
0 28 17 5.30728e-32
0 28 18 7.16407e-32
0 28 19 9.2913e-32
0 28 20 1.15777e-31
0 28 21 1.3861e-31
0 28 22 1.59439e-31
0 28 23 1.76208e-31
0 28 24 1.87104e-31
0 28 25 1.90884e-31
0 28 26 1.87104e-31
0 28 27 1.76208e-31
0 28 28 1.59439e-31
0 28 29 1.3861e-31
0 28 30 1.15777e-31
0 28 31 9.2913e-32
0 28 32 7.16407e-32
0 28 33 5.30728e-32
0 28 34 3.77756e-32
0 28 35 2.58333e-32
0 28 36 1.69737e-32
0 28 37 1.07152e-32
0 28 38 6.4991e-33
0 28 39 3.78734e-33
0 28 40 2.12053e-33
0 28 41 1.14072e-33
0 28 42 5.89585e-34
0 28 43 2.92779e-34
0 28 44 1.39689e-34
0 28 45 6.40343e-35
0 28 46 2.82027e-35
0 28 47 1.19343e-35
0 28 48 4.85214e-36
0 28 49 1.1623e-61
0 29 0 3.79236e-62
0 29 1 1.64776e-36
0 29 2 4.21825e-36
0 29 3 1.03752e-35
0 29 4 2.45183e-35
0 29 5 5.56688e-35
0 29 6 1.2144e-34
0 29 7 2.5453e-34
0 29 8 5.12561e-34
0 29 9 9.91699e-34
0 29 10 1.8435e-33
0 29 11 3.29256e-33
0 29 12 5.65005e-33
0 29 13 9.31535e-33
0 29 14 1.47562e-32
0 29 15 2.24584e-32
0 29 16 3.28405e-32
0 29 17 4.61392e-32
0 29 18 6.22815e-32
0 29 19 8.07747e-32
0 29 20 1.00651e-31
0 29 21 1.20502e-31
0 29 22 1.3861e-31
0 29 23 1.53188e-31
0 29 24 1.6266e-31
0 29 25 1.65946e-31
0 29 26 1.6266e-31
0 29 27 1.53188e-31
0 29 28 1.3861e-31
0 29 29 1.20502e-31
0 29 30 1.00651e-31
0 29 31 8.07747e-32
0 29 32 6.22815e-32
0 29 33 4.61392e-32
0 29 34 3.28405e-32
0 29 35 2.24584e-32
0 29 36 1.47562e-32
0 29 37 9.31535e-33
0 29 38 5.65005e-33
0 29 39 3.29256e-33
0 29 40 1.8435e-33
0 29 41 9.91699e-34
0 29 42 5.12561e-34
0 29 43 2.5453e-34
0 29 44 1.2144e-34
0 29 45 5.56688e-35
0 29 46 2.45183e-35
0 29 47 1.03752e-35
0 29 48 4.21825e-36
0 29 49 1.01046e-61
0 30 0 3.16764e-62
0 30 1 1.37633e-36
0 30 2 3.52337e-36
0 30 3 8.6661e-36
0 30 4 2.04794e-35
0 30 5 4.64985e-35
0 30 6 1.01435e-34
0 30 7 2.12601e-34
0 30 8 4.28127e-34
0 30 9 8.28336e-34
0 30 10 1.53982e-33
0 30 11 2.75017e-33
0 30 12 4.71932e-33
0 30 13 7.78084e-33
0 30 14 1.23254e-32
0 30 15 1.87588e-32
0 30 16 2.74307e-32
0 30 17 3.85387e-32
0 30 18 5.20219e-32
0 30 19 6.74687e-32
0 30 20 8.40712e-32
0 30 21 1.00651e-31
0 30 22 1.15777e-31
0 30 23 1.27953e-31
0 30 24 1.35865e-31
0 30 25 1.3861e-31
0 30 26 1.35865e-31
0 30 27 1.27953e-31
0 30 28 1.15777e-31
0 30 29 1.00651e-31
0 30 30 8.40712e-32
0 30 31 6.74687e-32
0 30 32 5.20219e-32
0 30 33 3.85387e-32
0 30 34 2.74307e-32
0 30 35 1.87588e-32
0 30 36 1.23254e-32
0 30 37 7.78084e-33
0 30 38 4.71932e-33
0 30 39 2.75017e-33
0 30 40 1.53982e-33
0 30 41 8.28336e-34
0 30 42 4.28127e-34
0 30 43 2.12601e-34
0 30 44 1.01435e-34
0 30 45 4.64985e-35
0 30 46 2.04794e-35
0 30 47 8.6661e-36
0 30 48 3.52337e-36
0 30 49 8.44004e-62
0 31 0 2.54209e-62
0 31 1 1.10453e-36
0 31 2 2.82757e-36
0 31 3 6.95471e-36
0 31 4 1.64351e-35
0 31 5 3.73159e-35
0 31 6 8.14036e-35
0 31 7 1.70617e-34
0 31 8 3.4358e-34
0 31 9 6.64755e-34
0 31 10 1.23573e-33
0 31 11 2.20707e-33
0 31 12 3.78734e-33
0 31 13 6.24427e-33
0 31 14 9.89138e-33
0 31 15 1.50543e-32
0 31 16 2.20137e-32
0 31 17 3.09281e-32
0 31 18 4.17485e-32
0 31 19 5.41449e-32
0 31 20 6.74687e-32
0 31 21 8.07747e-32
0 31 22 9.2913e-32
0 31 23 1.02685e-31
0 31 24 1.09034e-31
0 31 25 1.11237e-31
0 31 26 1.09034e-31
0 31 27 1.02685e-31
0 31 28 9.2913e-32
0 31 29 8.07747e-32
0 31 30 6.74687e-32
0 31 31 5.41449e-32
0 31 32 4.17485e-32
0 31 33 3.09281e-32
0 31 34 2.20137e-32
0 31 35 1.50543e-32
0 31 36 9.89138e-33
0 31 37 6.24427e-33
0 31 38 3.78734e-33
0 31 39 2.20707e-33
0 31 40 1.23573e-33
0 31 41 6.64755e-34
0 31 42 3.4358e-34
0 31 43 1.70617e-34
0 31 44 8.14036e-35
0 31 45 3.73159e-35
0 31 46 1.64351e-35
0 31 47 6.95471e-36
0 31 48 2.82757e-36
0 31 49 6.77329e-62
0 32 0 1.96008e-62
0 32 1 8.51649e-37
0 32 2 2.18021e-36
0 32 3 5.36244e-36
0 32 4 1.26723e-35
0 32 5 2.87725e-35
0 32 6 6.27664e-35
0 32 7 1.31554e-34
0 32 8 2.64918e-34
0 32 9 5.12561e-34
0 32 10 9.52814e-34
0 32 11 1.70176e-33
0 32 12 2.92023e-33
0 32 13 4.81465e-33
0 32 14 7.62677e-33
0 32 15 1.16076e-32
0 32 16 1.69737e-32
0 32 17 2.38471e-32
0 32 18 3.21903e-32
0 32 19 4.17485e-32
0 32 20 5.20219e-32
0 32 21 6.22815e-32
0 32 22 7.16407e-32
0 32 23 7.91753e-32
0 32 24 8.40712e-32
0 32 25 8.57695e-32
0 32 26 8.40712e-32
0 32 27 7.91753e-32
0 32 28 7.16407e-32
0 32 29 6.22815e-32
0 32 30 5.20219e-32
0 32 31 4.17485e-32
0 32 32 3.21903e-32
0 32 33 2.38471e-32
0 32 34 1.69737e-32
0 32 35 1.16076e-32
0 32 36 7.62677e-33
0 32 37 4.81465e-33
0 32 38 2.92023e-33
0 32 39 1.70176e-33
0 32 40 9.52814e-34
0 32 41 5.12561e-34
0 32 42 2.64918e-34
0 32 43 1.31554e-34
0 32 44 6.27664e-35
0 32 45 2.87725e-35
0 32 46 1.26723e-35
0 32 47 5.36244e-36
0 32 48 2.18021e-36
0 32 49 5.22256e-62
0 33 0 1.45207e-62
0 33 1 6.30917e-37
0 33 2 1.61514e-36
0 33 3 3.97259e-36
0 33 4 9.38788e-36
0 33 5 2.13152e-35
0 33 6 4.64985e-35
0 33 7 9.74578e-35
0 33 8 1.96256e-34
0 33 9 3.79714e-34
0 33 10 7.05862e-34
0 33 11 1.2607e-33
0 33 12 2.16336e-33
0 33 13 3.56678e-33
0 33 14 5.65005e-33
0 33 15 8.59915e-33
0 33 16 1.25744e-32
0 33 17 1.76664e-32
0 33 18 2.38471e-32
0 33 19 3.09281e-32
0 33 20 3.85387e-32
0 33 21 4.61392e-32
0 33 22 5.30728e-32
0 33 23 5.86545e-32
0 33 24 6.22815e-32
0 33 25 6.35396e-32
0 33 26 6.22815e-32
0 33 27 5.86545e-32
0 33 28 5.30728e-32
0 33 29 4.61392e-32
0 33 30 3.85387e-32
0 33 31 3.09281e-32
0 33 32 2.38471e-32
0 33 33 1.76664e-32
0 33 34 1.25744e-32
0 33 35 8.59915e-33
0 33 36 5.65005e-33
0 33 37 3.56678e-33
0 33 38 2.16336e-33
0 33 39 1.2607e-33
0 33 40 7.05862e-34
0 33 41 3.79714e-34
0 33 42 1.96256e-34
0 33 43 9.74578e-35
0 33 44 4.64985e-35
0 33 45 2.13152e-35
0 33 46 9.38788e-36
0 33 47 3.97259e-36
0 33 48 1.61514e-36
0 33 49 3.86897e-62
0 34 0 1.03354e-62
0 34 1 4.49068e-37
0 34 2 1.14961e-36
0 34 3 2.82757e-36
0 34 4 6.68201e-36
0 34 5 1.51715e-35
0 34 6 3.30962e-35
0 34 7 6.93676e-35
0 34 8 1.39689e-34
0 34 9 2.70269e-34
0 34 10 5.02411e-34
0 34 11 8.97326e-34
0 34 12 1.53982e-33
0 34 13 2.53873e-33
0 34 14 4.02154e-33
0 34 15 6.12062e-33
0 34 16 8.95009e-33
0 34 17 1.25744e-32
0 34 18 1.69737e-32
0 34 19 2.20137e-32
0 34 20 2.74307e-32
0 34 21 3.28405e-32
0 34 22 3.77756e-32
0 34 23 4.17485e-32
0 34 24 4.43301e-32
0 34 25 4.52256e-32
0 34 26 4.43301e-32
0 34 27 4.17485e-32
0 34 28 3.77756e-32
0 34 29 3.28405e-32
0 34 30 2.74307e-32
0 34 31 2.20137e-32
0 34 32 1.69737e-32
0 34 33 1.25744e-32
0 34 34 8.95009e-33
0 34 35 6.12062e-33
0 34 36 4.02154e-33
0 34 37 2.53873e-33
0 34 38 1.53982e-33
0 34 39 8.97326e-34
0 34 40 5.02411e-34
0 34 41 2.70269e-34
0 34 42 1.39689e-34
0 34 43 6.93676e-35
0 34 44 3.30962e-35
0 34 45 1.51715e-35
0 34 46 6.68201e-36
0 34 47 2.82757e-36
0 34 48 1.14961e-36
0 34 49 2.75382e-62
0 35 0 7.06797e-63
0 35 1 3.071e-37
0 35 2 7.86171e-37
0 35 3 1.93367e-36
0 35 4 4.56957e-36
0 35 5 1.03752e-35
0 35 6 2.26332e-35
0 35 7 4.74378e-35
0 35 8 9.5528e-35
0 35 9 1.84827e-34
0 35 10 3.4358e-34
0 35 11 6.13647e-34
0 35 12 1.05302e-33
0 35 13 1.73614e-33
0 35 14 2.75017e-33
0 35 15 4.18566e-33
0 35 16 6.12062e-33
0 35 17 8.59915e-33
0 35 18 1.16076e-32
0 35 19 1.50543e-32
0 35 20 1.87588e-32
0 35 21 2.24584e-32
0 35 22 2.58333e-32
0 35 23 2.85502e-32
0 35 24 3.03156e-32
0 35 25 3.09281e-32
0 35 26 3.03156e-32
0 35 27 2.85502e-32
0 35 28 2.58333e-32
0 35 29 2.24584e-32
0 35 30 1.87588e-32
0 35 31 1.50543e-32
0 35 32 1.16076e-32
0 35 33 8.59915e-33
0 35 34 6.12062e-33
0 35 35 4.18566e-33
0 35 36 2.75017e-33
0 35 37 1.73614e-33
0 35 38 1.05302e-33
0 35 39 6.13647e-34
0 35 40 3.4358e-34
0 35 41 1.84827e-34
0 35 42 9.5528e-35
0 35 43 4.74378e-35
0 35 44 2.26332e-35
0 35 45 1.03752e-35
0 35 46 4.56957e-36
0 35 47 1.93367e-36
0 35 48 7.86171e-37
0 35 49 1.88323e-62
0 36 0 4.64398e-63
0 36 1 2.01779e-37
0 36 2 5.16551e-37
0 36 3 1.27051e-36
0 36 4 3.00242e-36
0 36 5 6.817e-36
0 36 6 1.48711e-35
0 36 7 3.11689e-35
0 36 8 6.27664e-35
0 36 9 1.2144e-34
0 36 10 2.25748e-34
0 36 11 4.03195e-34
0 36 12 6.91885e-34
0 36 13 1.14072e-33
0 36 14 1.80699e-33
0 36 15 2.75017e-33
0 36 16 4.02154e-33
0 36 17 5.65005e-33
0 36 18 7.62677e-33
0 36 19 9.89138e-33
0 36 20 1.23254e-32
0 36 21 1.47562e-32
0 36 22 1.69737e-32
0 36 23 1.87588e-32
0 36 24 1.99188e-32
0 36 25 2.03212e-32
0 36 26 1.99188e-32
0 36 27 1.87588e-32
0 36 28 1.69737e-32
0 36 29 1.47562e-32
0 36 30 1.23254e-32
0 36 31 9.89138e-33
0 36 32 7.62677e-33
0 36 33 5.65005e-33
0 36 34 4.02154e-33
0 36 35 2.75017e-33
0 36 36 1.80699e-33
0 36 37 1.14072e-33
0 36 38 6.91885e-34
0 36 39 4.03195e-34
0 36 40 2.25748e-34
0 36 41 1.2144e-34
0 36 42 6.27664e-35
0 36 43 3.11689e-35
0 36 44 1.48711e-35
0 36 45 6.817e-36
0 36 46 3.00242e-36
0 36 47 1.27051e-36
0 36 48 5.16551e-37
0 36 49 1.23737e-62
0 37 0 2.93167e-63
0 37 1 1.2738e-37
0 37 2 3.2609e-37
0 37 3 8.02053e-37
0 37 4 1.89538e-36
0 37 5 4.30346e-36
0 37 6 9.38788e-36
0 37 7 1.96764e-35
0 37 8 3.96234e-35
0 37 9 7.6663e-35
0 37 10 1.42511e-34
0 37 11 2.5453e-34
0 37 12 4.36775e-34
0 37 13 7.20121e-34
0 37 14 1.14072e-33
0 37 15 1.73614e-33
0 37 16 2.53873e-33
0 37 17 3.56678e-33
0 37 18 4.81465e-33
0 37 19 6.24427e-33
0 37 20 7.78084e-33
0 37 21 9.31535e-33
0 37 22 1.07152e-32
0 37 23 1.18421e-32
0 37 24 1.25744e-32
0 37 25 1.28284e-32
0 37 26 1.25744e-32
0 37 27 1.18421e-32
0 37 28 1.07152e-32
0 37 29 9.31535e-33
0 37 30 7.78084e-33
0 37 31 6.24427e-33
0 37 32 4.81465e-33
0 37 33 3.56678e-33
0 37 34 2.53873e-33
0 37 35 1.73614e-33
0 37 36 1.14072e-33
0 37 37 7.20121e-34
0 37 38 4.36775e-34
0 37 39 2.5453e-34
0 37 40 1.42511e-34
0 37 41 7.6663e-35
0 37 42 3.96234e-35
0 37 43 1.96764e-35
0 37 44 9.38788e-36
0 37 45 4.30346e-36
0 37 46 1.89538e-36
0 37 47 8.02053e-37
0 37 48 3.2609e-37
0 37 49 7.81131e-63
0 38 0 1.77815e-63
0 38 1 7.72599e-38
0 38 2 1.97784e-37
0 38 3 4.8647e-37
0 38 4 1.14961e-36
0 38 5 2.61018e-36
0 38 6 5.69404e-36
0 38 7 1.19343e-35
0 38 8 2.40328e-35
0 38 9 4.64985e-35
0 38 10 8.64373e-35
0 38 11 1.5438e-34
0 38 12 2.64918e-34
0 38 13 4.36775e-34
0 38 14 6.91885e-34
0 38 15 1.05302e-33
0 38 16 1.53982e-33
0 38 17 2.16336e-33
0 38 18 2.92023e-33
0 38 19 3.78734e-33
0 38 20 4.71932e-33
0 38 21 5.65005e-33
0 38 22 6.4991e-33
0 38 23 7.18262e-33
0 38 24 7.62677e-33
0 38 25 7.78084e-33
0 38 26 7.62677e-33
0 38 27 7.18262e-33
0 38 28 6.4991e-33
0 38 29 5.65005e-33
0 38 30 4.71932e-33
0 38 31 3.78734e-33
0 38 32 2.92023e-33
0 38 33 2.16336e-33
0 38 34 1.53982e-33
0 38 35 1.05302e-33
0 38 36 6.91885e-34
0 38 37 4.36775e-34
0 38 38 2.64918e-34
0 38 39 1.5438e-34
0 38 40 8.64373e-35
0 38 41 4.64985e-35
0 38 42 2.40328e-35
0 38 43 1.19343e-35
0 38 44 5.69404e-36
0 38 45 2.61018e-36
0 38 46 1.14961e-36
0 38 47 4.8647e-37
0 38 48 1.97784e-37
0 38 49 4.7378e-63
0 39 0 1.03621e-63
0 39 1 4.5023e-38
0 39 2 1.15258e-37
0 39 3 2.83489e-37
0 39 4 6.69931e-37
0 39 5 1.52108e-36
0 39 6 3.31819e-36
0 39 7 6.95471e-36
0 39 8 1.40051e-35
0 39 9 2.70969e-35
0 39 10 5.03712e-35
0 39 11 8.99649e-35
0 39 12 1.5438e-34
0 39 13 2.5453e-34
0 39 14 4.03195e-34
0 39 15 6.13647e-34
0 39 16 8.97326e-34
0 39 17 1.2607e-33
0 39 18 1.70176e-33
0 39 19 2.20707e-33
0 39 20 2.75017e-33
0 39 21 3.29256e-33
0 39 22 3.78734e-33
0 39 23 4.18566e-33
0 39 24 4.44448e-33
0 39 25 4.53427e-33
0 39 26 4.44448e-33
0 39 27 4.18566e-33
0 39 28 3.78734e-33
0 39 29 3.29256e-33
0 39 30 2.75017e-33
0 39 31 2.20707e-33
0 39 32 1.70176e-33
0 39 33 1.2607e-33
0 39 34 8.97326e-34
0 39 35 6.13647e-34
0 39 36 4.03195e-34
0 39 37 2.5453e-34
0 39 38 1.5438e-34
0 39 39 8.99649e-35
0 39 40 5.03712e-35
0 39 41 2.70969e-35
0 39 42 1.40051e-35
0 39 43 6.95471e-36
0 39 44 3.31819e-36
0 39 45 1.52108e-36
0 39 46 6.69931e-37
0 39 47 2.83489e-37
0 39 48 1.15258e-37
0 39 49 2.76094e-63
0 40 0 5.80174e-64
0 40 1 2.52083e-38
0 40 2 6.45329e-38
0 40 3 1.58725e-37
0 40 4 3.75093e-37
0 40 5 8.51649e-37
0 40 6 1.85785e-36
0 40 7 3.89393e-36
0 40 8 7.84141e-36
0 40 9 1.51715e-35
0 40 10 2.82027e-35
0 40 11 5.03712e-35
0 40 12 8.64373e-35
0 40 13 1.42511e-34
0 40 14 2.25748e-34
0 40 15 3.4358e-34
0 40 16 5.02411e-34
0 40 17 7.05862e-34
0 40 18 9.52814e-34
0 40 19 1.23573e-33
0 40 20 1.53982e-33
0 40 21 1.8435e-33
0 40 22 2.12053e-33
0 40 23 2.34354e-33
0 40 24 2.48846e-33
0 40 25 2.53873e-33
0 40 26 2.48846e-33
0 40 27 2.34354e-33
0 40 28 2.12053e-33
0 40 29 1.8435e-33
0 40 30 1.53982e-33
0 40 31 1.23573e-33
0 40 32 9.52814e-34
0 40 33 7.05862e-34
0 40 34 5.02411e-34
0 40 35 3.4358e-34
0 40 36 2.25748e-34
0 40 37 1.42511e-34
0 40 38 8.64373e-35
0 40 39 5.03712e-35
0 40 40 2.82027e-35
0 40 41 1.51715e-35
0 40 42 7.84141e-36
0 40 43 3.89393e-36
0 40 44 1.85785e-36
0 40 45 8.51649e-37
0 40 46 3.75093e-37
0 40 47 1.58725e-37
0 40 48 6.45329e-38
0 40 49 1.54585e-63
0 41 0 3.12101e-64
0 41 1 1.35607e-38
0 41 2 3.47151e-38
0 41 3 8.53853e-38
0 41 4 2.01779e-37
0 41 5 4.5814e-37
0 41 6 9.99419e-37
