0 0 0 2.23655e-106
0 0 1 3.65858e-76
0 0 2 9.3659e-76
0 0 3 2.30364e-75
0 0 4 5.44387e-75
0 0 5 1.23603e-74
0 0 6 2.69637e-74
0 0 7 5.65141e-74
0 0 8 1.13805e-73
0 0 9 2.2019e-73
0 0 10 4.09317e-73
0 0 11 7.31056e-73
0 0 12 1.2545e-72
0 0 13 2.06832e-72
0 0 14 3.27637e-72
0 0 15 4.98651e-72
0 0 16 7.29169e-72
0 0 17 1.02444e-71
0 0 18 1.38286e-71
0 0 19 1.79347e-71
0 0 20 2.2348e-71
0 0 21 2.67554e-71
0 0 22 3.0776e-71
0 0 23 3.40127e-71
0 0 24 3.6116e-71
0 0 25 3.68456e-71
0 0 26 3.6116e-71
0 0 27 3.40127e-71
0 0 28 3.0776e-71
0 0 29 2.67554e-71
0 0 30 2.2348e-71
0 0 31 1.79347e-71
0 0 32 1.38286e-71
0 0 33 1.02444e-71
0 0 34 7.29169e-72
0 0 35 4.98651e-72
0 0 36 3.27637e-72
0 0 37 2.06832e-72
0 0 38 1.2545e-72
0 0 39 7.31056e-73
0 0 40 4.09317e-73
0 0 41 2.2019e-73
0 0 42 1.13805e-73
0 0 43 5.65141e-74
0 0 44 2.69637e-74
0 0 45 1.23603e-74
0 0 46 5.44387e-75
0 0 47 2.30364e-75
0 0 48 9.3659e-76
0 0 49 5.95918e-106
0 1 0 3.65858e-76
0 1 1 5.98477e-46
0 1 2 1.53209e-45
0 1 3 3.76834e-45
0 1 4 8.90518e-45
0 1 5 2.02192e-44
0 1 6 4.41077e-44
0 1 7 9.24468e-44
0 1 8 1.86165e-43
0 1 9 3.60191e-43
0 1 10 6.69569e-43
0 1 11 1.19588e-42
0 1 12 2.05213e-42
0 1 13 3.38339e-42
0 1 14 5.35954e-42
0 1 15 8.15701e-42
0 1 16 1.19279e-41
0 1 17 1.6758e-41
0 1 18 2.2621e-41
0 1 19 2.93378e-41
0 1 20 3.65572e-41
0 1 21 4.37669e-41
0 1 22 5.03439e-41
0 1 23 5.56387e-41
0 1 24 5.90792e-41
0 1 25 6.02726e-41
0 1 26 5.90792e-41
0 1 27 5.56387e-41
0 1 28 5.03439e-41
0 1 29 4.37669e-41
0 1 30 3.65572e-41
0 1 31 2.93378e-41
0 1 32 2.2621e-41
0 1 33 1.6758e-41
0 1 34 1.19279e-41
0 1 35 8.15701e-42
0 1 36 5.35954e-42
0 1 37 3.38339e-42
0 1 38 2.05213e-42
0 1 39 1.19588e-42
0 1 40 6.69569e-43
0 1 41 3.60191e-43
0 1 42 1.86165e-43
0 1 43 9.24468e-44
0 1 44 4.41077e-44
0 1 45 2.02192e-44
0 1 46 8.90518e-45
0 1 47 3.76834e-45
0 1 48 1.53209e-45
0 1 49 9.74813e-76
0 2 0 9.3659e-76
0 2 1 1.53209e-45
0 2 2 3.92212e-45
0 2 3 9.64687e-45
0 2 4 2.27971e-44
0 2 5 5.17608e-44
0 2 6 1.12915e-43
0 2 7 2.36662e-43
0 2 8 4.76579e-43
0 2 9 9.22081e-43
0 2 10 1.71408e-42
0 2 11 3.06142e-42
0 2 12 5.25341e-42
0 2 13 8.66142e-42
0 2 14 1.37203e-41
0 2 15 2.08818e-41
0 2 16 3.05351e-41
0 2 17 4.29003e-41
0 2 18 5.79093e-41
0 2 19 7.51043e-41
0 2 20 9.35858e-41
0 2 21 1.12042e-40
0 2 22 1.2888e-40
0 2 23 1.42434e-40
0 2 24 1.51242e-40
0 2 25 1.54297e-40
0 2 26 1.51242e-40
0 2 27 1.42434e-40
0 2 28 1.2888e-40
0 2 29 1.12042e-40
0 2 30 9.35858e-41
0 2 31 7.51043e-41
0 2 32 5.79093e-41
0 2 33 4.29003e-41
0 2 34 3.05351e-41
0 2 35 2.08818e-41
0 2 36 1.37203e-41
0 2 37 8.66142e-42
0 2 38 5.25341e-42
0 2 39 3.06142e-42
0 2 40 1.71408e-42
0 2 41 9.22081e-43
0 2 42 4.76579e-43
0 2 43 2.36662e-43
0 2 44 1.12915e-43
0 2 45 5.17608e-44
0 2 46 2.27971e-44
0 2 47 9.64687e-45
0 2 48 3.92212e-45
0 2 49 2.4955e-75
0 3 0 2.30364e-75
0 3 1 3.76834e-45
0 3 2 9.64687e-45
0 3 3 2.37275e-44
0 3 4 5.60718e-44
0 3 5 1.27311e-43
0 3 6 2.77726e-43
0 3 7 5.82095e-43
0 3 8 1.1722e-42
0 3 9 2.26795e-42
0 3 10 4.21596e-42
0 3 11 7.52987e-42
0 3 12 1.29213e-41
0 3 13 2.13036e-41
0 3 14 3.37466e-41
0 3 15 5.1361e-41
0 3 16 7.51043e-41
0 3 17 1.05518e-40
0 3 18 1.42434e-40
0 3 19 1.84727e-40
0 3 20 2.30184e-40
0 3 21 2.7558e-40
0 3 22 3.16993e-40
0 3 23 3.50331e-40
0 3 24 3.71994e-40
0 3 25 3.79509e-40
0 3 26 3.71994e-40
0 3 27 3.50331e-40
0 3 28 3.16993e-40
0 3 29 2.7558e-40
0 3 30 2.30184e-40
0 3 31 1.84727e-40
0 3 32 1.42434e-40
0 3 33 1.05518e-40
0 3 34 7.51043e-41
0 3 35 5.1361e-41
0 3 36 3.37466e-41
0 3 37 2.13036e-41
0 3 38 1.29213e-41
0 3 39 7.52987e-42
0 3 40 4.21596e-42
0 3 41 2.26795e-42
0 3 42 1.1722e-42
0 3 43 5.82095e-43
0 3 44 2.77726e-43
0 3 45 1.27311e-43
0 3 46 5.60718e-44
0 3 47 2.37275e-44
0 3 48 9.64687e-45
0 3 49 6.13795e-75
0 4 0 5.44387e-75
0 4 1 8.90518e-45
0 4 2 2.27971e-44
0 4 3 5.60718e-44
0 4 4 1.32507e-43
0 4 5 3.00857e-43
0 4 6 6.5631e-43
0 4 7 1.37558e-42
0 4 8 2.77009e-42
0 4 9 5.35954e-42
0 4 10 9.963e-42
0 4 11 1.77943e-41
0 4 12 3.05351e-41
0 4 13 5.03439e-41
0 4 14 7.97485e-41
0 4 15 1.21374e-40
0 4 16 1.77484e-40
0 4 17 2.49355e-40
0 4 18 3.36594e-40
0 4 19 4.36539e-40
0 4 20 5.43961e-40
0 4 21 6.5124e-40
0 4 22 7.49104e-40
0 4 23 8.27888e-40
0 4 24 8.79082e-40
0 4 25 8.96841e-40
0 4 26 8.79082e-40
0 4 27 8.27888e-40
0 4 28 7.49104e-40
0 4 29 6.5124e-40
0 4 30 5.43961e-40
0 4 31 4.36539e-40
0 4 32 3.36594e-40
0 4 33 2.49355e-40
0 4 34 1.77484e-40
0 4 35 1.21374e-40
0 4 36 7.97485e-41
0 4 37 5.03439e-41
0 4 38 3.05351e-41
0 4 39 1.77943e-41
0 4 40 9.963e-42
0 4 41 5.35954e-42
0 4 42 2.77009e-42
0 4 43 1.37558e-42
0 4 44 6.5631e-43
0 4 45 3.00857e-43
0 4 46 1.32507e-43
0 4 47 5.60718e-44
0 4 48 2.27971e-44
0 4 49 1.4505e-74
0 5 0 1.23603e-74
0 5 1 2.02192e-44
0 5 2 5.17608e-44
0 5 3 1.27311e-43
0 5 4 3.00857e-43
0 5 5 6.83095e-43
0 5 6 1.49015e-42
0 5 7 3.12326e-42
0 5 8 6.28948e-42
0 5 9 1.21688e-41
0 5 10 2.2621e-41
0 5 11 4.0402e-41
0 5 12 6.933e-41
0 5 13 1.14306e-40
0 5 14 1.81069e-40
0 5 15 2.7558e-40
0 5 16 4.02976e-40
0 5 17 5.66161e-40
0 5 18 7.64237e-40
0 5 19 9.91162e-40
0 5 20 1.23506e-39
0 5 21 1.47864e-39
0 5 22 1.70084e-39
0 5 23 1.87972e-39
0 5 24 1.99596e-39
0 5 25 2.03628e-39
0 5 26 1.99596e-39
0 5 27 1.87972e-39
0 5 28 1.70084e-39
0 5 29 1.47864e-39
0 5 30 1.23506e-39
0 5 31 9.91162e-40
0 5 32 7.64237e-40
0 5 33 5.66161e-40
0 5 34 4.02976e-40
0 5 35 2.7558e-40
0 5 36 1.81069e-40
0 5 37 1.14306e-40
0 5 38 6.933e-41
0 5 39 4.0402e-41
0 5 40 2.2621e-41
0 5 41 1.21688e-41
0 5 42 6.28948e-42
0 5 43 3.12326e-42
0 5 44 1.49015e-42
0 5 45 6.83095e-43
0 5 46 3.00857e-43
0 5 47 1.27311e-43
0 5 48 5.17608e-44
0 5 49 3.29335e-74
0 6 0 2.69637e-74
0 6 1 4.41077e-44
0 6 2 1.12915e-43
0 6 3 2.77726e-43
0 6 4 6.5631e-43
0 6 5 1.49015e-42
0 6 6 3.25073e-42
0 6 7 6.81331e-42
0 6 8 1.37203e-41
0 6 9 2.6546e-41
0 6 10 4.93471e-41
0 6 11 8.81357e-41
0 6 12 1.51242e-40
0 6 13 2.49355e-40
0 6 14 3.94997e-40
0 6 15 6.0117e-40
0 6 16 8.79082e-40
0 6 17 1.23506e-39
0 6 18 1.66716e-39
0 6 19 2.16219e-39
0 6 20 2.69426e-39
0 6 21 3.22561e-39
0 6 22 3.71034e-39
0 6 23 4.10056e-39
0 6 24 4.35412e-39
0 6 25 4.44208e-39
0 6 26 4.35412e-39
0 6 27 4.10056e-39
0 6 28 3.71034e-39
0 6 29 3.22561e-39
0 6 30 2.69426e-39
0 6 31 2.16219e-39
0 6 32 1.66716e-39
0 6 33 1.23506e-39
0 6 34 8.79082e-40
0 6 35 6.0117e-40
0 6 36 3.94997e-40
0 6 37 2.49355e-40
0 6 38 1.51242e-40
0 6 39 8.81357e-41
0 6 40 4.93471e-41
0 6 41 2.6546e-41
0 6 42 1.37203e-41
0 6 43 6.81331e-42
0 6 44 3.25073e-42
0 6 45 1.49015e-42
0 6 46 6.5631e-43
0 6 47 2.77726e-43
0 6 48 1.12915e-43
0 6 49 7.18435e-74
0 7 0 5.65141e-74
0 7 1 9.24468e-44
0 7 2 2.36662e-43
0 7 3 5.82095e-43
0 7 4 1.37558e-42
0 7 5 3.12326e-42
0 7 6 6.81331e-42
0 7 7 1.42803e-41
0 7 8 2.87569e-41
0 7 9 5.56387e-41
0 7 10 1.03428e-40
0 7 11 1.84727e-40
0 7 12 3.16993e-40
0 7 13 5.22632e-40
0 7 14 8.27888e-40
0 7 15 1.26001e-39
0 7 16 1.8425e-39
0 7 17 2.58861e-39
0 7 18 3.49426e-39
0 7 19 4.53182e-39
0 7 20 5.64699e-39
0 7 21 6.76068e-39
0 7 22 7.77663e-39
0 7 23 8.5945e-39
0 7 24 9.12596e-39
0 7 25 9.31032e-39
0 7 26 9.12596e-39
0 7 27 8.5945e-39
0 7 28 7.77663e-39
0 7 29 6.76068e-39
0 7 30 5.64699e-39
0 7 31 4.53182e-39
0 7 32 3.49426e-39
0 7 33 2.58861e-39
0 7 34 1.8425e-39
0 7 35 1.26001e-39
0 7 36 8.27888e-40
0 7 37 5.22632e-40
0 7 38 3.16993e-40
0 7 39 1.84727e-40
0 7 40 1.03428e-40
0 7 41 5.56387e-41
0 7 42 2.87569e-41
0 7 43 1.42803e-41
0 7 44 6.81331e-42
0 7 45 3.12326e-42
0 7 46 1.37558e-42
0 7 47 5.82095e-43
0 7 48 2.36662e-43
0 7 49 1.50579e-73
0 8 0 1.13805e-73
0 8 1 1.86165e-43
0 8 2 4.76579e-43
0 8 3 1.1722e-42
0 8 4 2.77009e-42
0 8 5 6.28948e-42
0 8 6 1.37203e-41
0 8 7 2.87569e-41
0 8 8 5.79093e-41
0 8 9 1.12042e-40
0 8 10 2.08279e-40
0 8 11 3.71994e-40
0 8 12 6.38345e-40
0 8 13 1.05245e-39
0 8 14 1.66716e-39
0 8 15 2.53736e-39
0 8 16 3.71034e-39
0 8 17 5.21283e-39
0 8 18 7.03658e-39
0 8 19 9.12596e-39
0 8 20 1.13716e-38
0 8 21 1.36143e-38
0 8 22 1.56602e-38
0 8 23 1.73072e-38
0 8 24 1.83774e-38
0 8 25 1.87487e-38
0 8 26 1.83774e-38
0 8 27 1.73072e-38
0 8 28 1.56602e-38
0 8 29 1.36143e-38
0 8 30 1.13716e-38
0 8 31 9.12596e-39
0 8 32 7.03658e-39
0 8 33 5.21283e-39
0 8 34 3.71034e-39
0 8 35 2.53736e-39
0 8 36 1.66716e-39
0 8 37 1.05245e-39
0 8 38 6.38345e-40
0 8 39 3.71994e-40
0 8 40 2.08279e-40
0 8 41 1.12042e-40
0 8 42 5.79093e-41
0 8 43 2.87569e-41
0 8 44 1.37203e-41
0 8 45 6.28948e-42
0 8 46 2.77009e-42
0 8 47 1.1722e-42
0 8 48 4.76579e-43
0 8 49 3.0323e-73
0 9 0 2.2019e-73
0 9 1 3.60191e-43
0 9 2 9.22081e-43
0 9 3 2.26795e-42
0 9 4 5.35954e-42
0 9 5 1.21688e-41
0 9 6 2.6546e-41
0 9 7 5.56387e-41
0 9 8 1.12042e-40
0 9 9 2.16779e-40
0 9 10 4.02976e-40
0 9 11 7.19731e-40
0 9 12 1.23506e-39
0 9 13 2.03628e-39
0 9 14 3.22561e-39
0 9 15 4.90926e-39
0 9 16 7.17873e-39
0 9 17 1.00857e-38
0 9 18 1.36143e-38
0 9 19 1.76568e-38
0 9 20 2.20018e-38
0 9 21 2.63409e-38
0 9 22 3.02992e-38
0 9 23 3.34858e-38
0 9 24 3.55565e-38
0 9 25 3.62748e-38
0 9 26 3.55565e-38
0 9 27 3.34858e-38
0 9 28 3.02992e-38
0 9 29 2.63409e-38
0 9 30 2.20018e-38
0 9 31 1.76568e-38
0 9 32 1.36143e-38
0 9 33 1.00857e-38
0 9 34 7.17873e-39
0 9 35 4.90926e-39
0 9 36 3.22561e-39
0 9 37 2.03628e-39
0 9 38 1.23506e-39
0 9 39 7.19731e-40
0 9 40 4.02976e-40
0 9 41 2.16779e-40
0 9 42 1.12042e-40
0 9 43 5.56387e-41
0 9 44 2.6546e-41
0 9 45 1.21688e-41
0 9 46 5.35954e-42
0 9 47 2.26795e-42
0 9 48 9.22081e-43
0 9 49 5.86686e-73
0 10 0 4.09317e-73
0 10 1 6.69569e-43
0 10 2 1.71408e-42
0 10 3 4.21596e-42
0 10 4 9.963e-42
0 10 5 2.2621e-41
0 10 6 4.93471e-41
0 10 7 1.03428e-40
0 10 8 2.08279e-40
0 10 9 4.02976e-40
0 10 10 7.49104e-40
0 10 11 1.33793e-39
0 10 12 2.2959e-39
0 10 13 3.78529e-39
0 10 14 5.99618e-39
0 10 15 9.12596e-39
0 10 16 1.33447e-38
0 10 17 1.87487e-38
0 10 18 2.53081e-38
0 10 19 3.28228e-38
0 10 20 4.08997e-38
0 10 21 4.89658e-38
0 10 22 5.63241e-38
0 10 23 6.22478e-38
0 10 24 6.6097e-38
0 10 25 6.74322e-38
0 10 26 6.6097e-38
0 10 27 6.22478e-38
0 10 28 5.63241e-38
0 10 29 4.89658e-38
0 10 30 4.08997e-38
0 10 31 3.28228e-38
0 10 32 2.53081e-38
0 10 33 1.87487e-38
0 10 34 1.33447e-38
0 10 35 9.12596e-39
0 10 36 5.99618e-39
0 10 37 3.78529e-39
0 10 38 2.2959e-39
0 10 39 1.33793e-39
0 10 40 7.49104e-40
0 10 41 4.02976e-40
0 10 42 2.08279e-40
0 10 43 1.03428e-40
0 10 44 4.93471e-41
0 10 45 2.2621e-41
0 10 46 9.963e-42
0 10 47 4.21596e-42
0 10 48 1.71408e-42
0 10 49 1.09061e-72
0 11 0 7.31056e-73
0 11 1 1.19588e-42
0 11 2 3.06142e-42
0 11 3 7.52987e-42
0 11 4 1.77943e-41
0 11 5 4.0402e-41
0 11 6 8.81357e-41
0 11 7 1.84727e-40
0 11 8 3.71994e-40
0 11 9 7.19731e-40
0 11 10 1.33793e-39
0 11 11 2.38959e-39
0 11 12 4.10056e-39
0 11 13 6.76068e-39
0 11 14 1.07094e-38
0 11 15 1.62993e-38
0 11 16 2.38342e-38
0 11 17 3.34858e-38
0 11 18 4.52012e-38
0 11 19 5.86228e-38
0 11 20 7.30485e-38
0 11 21 8.74549e-38
0 11 22 1.00597e-37
0 11 23 1.11177e-37
0 11 24 1.18052e-37
0 11 25 1.20437e-37
0 11 26 1.18052e-37
0 11 27 1.11177e-37
0 11 28 1.00597e-37
0 11 29 8.74549e-38
0 11 30 7.30485e-38
0 11 31 5.86228e-38
0 11 32 4.52012e-38
0 11 33 3.34858e-38
0 11 34 2.38342e-38
0 11 35 1.62993e-38
0 11 36 1.07094e-38
0 11 37 6.76068e-39
0 11 38 4.10056e-39
0 11 39 2.38959e-39
0 11 40 1.33793e-39
0 11 41 7.19731e-40
0 11 42 3.71994e-40
0 11 43 1.84727e-40
0 11 44 8.81357e-41
0 11 45 4.0402e-41
0 11 46 1.77943e-41
0 11 47 7.52987e-42
0 11 48 3.06142e-42
0 11 49 1.94787e-72
0 12 0 1.2545e-72
0 12 1 2.05213e-42
0 12 2 5.25341e-42
0 12 3 1.29213e-41
0 12 4 3.05351e-41
0 12 5 6.933e-41
0 12 6 1.51242e-40
0 12 7 3.16993e-40
0 12 8 6.38345e-40
0 12 9 1.23506e-39
0 12 10 2.2959e-39
0 12 11 4.10056e-39
0 12 12 7.03658e-39
0 12 13 1.16014e-38
0 12 14 1.83774e-38
0 12 15 2.79697e-38
0 12 16 4.08997e-38
0 12 17 5.74619e-38
0 12 18 7.75655e-38
0 12 19 1.00597e-37
0 12 20 1.25352e-37
0 12 21 1.50073e-37
0 12 22 1.72625e-37
0 12 23 1.9078e-37
0 12 24 2.02578e-37
0 12 25 2.0667e-37
0 12 26 2.02578e-37
0 12 27 1.9078e-37
0 12 28 1.72625e-37
0 12 29 1.50073e-37
0 12 30 1.25352e-37
0 12 31 1.00597e-37
0 12 32 7.75655e-38
0 12 33 5.74619e-38
0 12 34 4.08997e-38
0 12 35 2.79697e-38
0 12 36 1.83774e-38
0 12 37 1.16014e-38
0 12 38 7.03658e-39
0 12 39 4.10056e-39
0 12 40 2.2959e-39
0 12 41 1.23506e-39
0 12 42 6.38345e-40
0 12 43 3.16993e-40
0 12 44 1.51242e-40
0 12 45 6.933e-41
0 12 46 3.05351e-41
0 12 47 1.29213e-41
0 12 48 5.25341e-42
0 12 49 3.34255e-72
0 13 0 2.06832e-72
0 13 1 3.38339e-42
0 13 2 8.66142e-42
0 13 3 2.13036e-41
0 13 4 5.03439e-41
0 13 5 1.14306e-40
0 13 6 2.49355e-40
0 13 7 5.22632e-40
0 13 8 1.05245e-39
0 13 9 2.03628e-39
0 13 10 3.78529e-39
0 13 11 6.76068e-39
0 13 12 1.16014e-38
0 13 13 1.91274e-38
0 13 14 3.02992e-38
0 13 15 4.61143e-38
0 13 16 6.74322e-38
0 13 17 9.47387e-38
0 13 18 1.27884e-37
0 13 19 1.65856e-37
0 13 20 2.0667e-37
0 13 21 2.47429e-37
0 13 22 2.84611e-37
0 13 23 3.14544e-37
0 13 24 3.33994e-37
0 13 25 3.40741e-37
0 13 26 3.33994e-37
0 13 27 3.14544e-37
0 13 28 2.84611e-37
0 13 29 2.47429e-37
0 13 30 2.0667e-37
0 13 31 1.65856e-37
0 13 32 1.27884e-37
0 13 33 9.47387e-38
0 13 34 6.74322e-38
0 13 35 4.61143e-38
0 13 36 3.02992e-38
0 13 37 1.91274e-38
0 13 38 1.16014e-38
0 13 39 6.76068e-39
0 13 40 3.78529e-39
0 13 41 2.03628e-39
0 13 42 1.05245e-39
0 13 43 5.22632e-40
0 13 44 2.49355e-40
0 13 45 1.14306e-40
0 13 46 5.03439e-41
0 13 47 2.13036e-41
0 13 48 8.66142e-42
0 13 49 5.51094e-72
0 14 0 3.27637e-72
0 14 1 5.35954e-42
0 14 2 1.37203e-41
0 14 3 3.37466e-41
0 14 4 7.97485e-41
0 14 5 1.81069e-40
0 14 6 3.94997e-40
0 14 7 8.27888e-40
0 14 8 1.66716e-39
0 14 9 3.22561e-39
0 14 10 5.99618e-39
0 14 11 1.07094e-38
0 14 12 1.83774e-38
0 14 13 3.02992e-38
0 14 14 4.79963e-38
0 14 15 7.30485e-38
0 14 16 1.06818e-37
0 14 17 1.50073e-37
0 14 18 2.02578e-37
0 14 19 2.62729e-37
0 14 20 3.2738e-37
0 14 21 3.91946e-37
0 14 22 4.50845e-37
0 14 23 4.9826e-37
0 14 24 5.29071e-37
0 14 25 5.39759e-37
0 14 26 5.29071e-37
0 14 27 4.9826e-37
0 14 28 4.50845e-37
0 14 29 3.91946e-37
0 14 30 3.2738e-37
0 14 31 2.62729e-37
0 14 32 2.02578e-37
0 14 33 1.50073e-37
0 14 34 1.06818e-37
0 14 35 7.30485e-38
0 14 36 4.79963e-38
0 14 37 3.02992e-38
0 14 38 1.83774e-38
0 14 39 1.07094e-38
0 14 40 5.99618e-39
0 14 41 3.22561e-39
0 14 42 1.66716e-39
0 14 43 8.27888e-40
0 14 44 3.94997e-40
0 14 45 1.81069e-40
0 14 46 7.97485e-41
0 14 47 3.37466e-41
0 14 48 1.37203e-41
0 14 49 8.72974e-72
0 15 0 4.98651e-72
0 15 1 8.15701e-42
0 15 2 2.08818e-41
0 15 3 5.1361e-41
0 15 4 1.21374e-40
0 15 5 2.7558e-40
0 15 6 6.0117e-40
0 15 7 1.26001e-39
0 15 8 2.53736e-39
0 15 9 4.90926e-39
0 15 10 9.12596e-39
0 15 11 1.62993e-38
0 15 12 2.79697e-38
0 15 13 4.61143e-38
0 15 14 7.30485e-38
0 15 15 1.11177e-37
0 15 16 1.62572e-37
0 15 17 2.28406e-37
0 15 18 3.08315e-37
0 15 19 3.99863e-37
0 15 20 4.9826e-37
0 15 21 5.96526e-37
0 15 22 6.86168e-37
0 15 23 7.58333e-37
0 15 24 8.05226e-37
0 15 25 8.21493e-37
0 15 26 8.05226e-37
0 15 27 7.58333e-37
0 15 28 6.86168e-37
0 15 29 5.96526e-37
0 15 30 4.9826e-37
0 15 31 3.99863e-37
0 15 32 3.08315e-37
0 15 33 2.28406e-37
0 15 34 1.62572e-37
0 15 35 1.11177e-37
0 15 36 7.30485e-38
0 15 37 4.61143e-38
0 15 38 2.79697e-38
0 15 39 1.62993e-38
0 15 40 9.12596e-39
0 15 41 4.90926e-39
0 15 42 2.53736e-39
0 15 43 1.26001e-39
0 15 44 6.0117e-40
0 15 45 2.7558e-40
0 15 46 1.21374e-40
0 15 47 5.1361e-41
0 15 48 2.08818e-41
0 15 49 1.32863e-71
0 16 0 7.29169e-72
0 16 1 1.19279e-41
0 16 2 3.05351e-41
0 16 3 7.51043e-41
0 16 4 1.77484e-40
0 16 5 4.02976e-40
0 16 6 8.79082e-40
0 16 7 1.8425e-39
0 16 8 3.71034e-39
0 16 9 7.17873e-39
0 16 10 1.33447e-38
0 16 11 2.38342e-38
0 16 12 4.08997e-38
0 16 13 6.74322e-38
0 16 14 1.06818e-37
0 16 15 1.62572e-37
0 16 16 2.37727e-37
0 16 17 3.33994e-37
0 16 18 4.50845e-37
0 16 19 5.84714e-37
0 16 20 7.28599e-37
0 16 21 8.72291e-37
0 16 22 1.00337e-36
0 16 23 1.1089e-36
0 16 24 1.17747e-36
0 16 25 1.20126e-36
0 16 26 1.17747e-36
0 16 27 1.1089e-36
0 16 28 1.00337e-36
0 16 29 8.72291e-37
0 16 30 7.28599e-37
0 16 31 5.84714e-37
0 16 32 4.50845e-37
0 16 33 3.33994e-37
0 16 34 2.37727e-37
0 16 35 1.62572e-37
0 16 36 1.06818e-37
0 16 37 6.74322e-38
0 16 38 4.08997e-38
0 16 39 2.38342e-38
0 16 40 1.33447e-38
0 16 41 7.17873e-39
0 16 42 3.71034e-39
0 16 43 1.8425e-39
0 16 44 8.79082e-40
0 16 45 4.02976e-40
0 16 46 1.77484e-40
0 16 47 7.51043e-41
0 16 48 3.05351e-41
0 16 49 1.94284e-71
0 17 0 1.02444e-71
0 17 1 1.6758e-41
0 17 2 4.29003e-41
0 17 3 1.05518e-40
0 17 4 2.49355e-40
0 17 5 5.66161e-40
0 17 6 1.23506e-39
0 17 7 2.58861e-39
0 17 8 5.21283e-39
0 17 9 1.00857e-38
0 17 10 1.87487e-38
0 17 11 3.34858e-38
0 17 12 5.74619e-38
0 17 13 9.47387e-38
0 17 14 1.50073e-37
0 17 15 2.28406e-37
0 17 16 3.33994e-37
0 17 17 4.69244e-37
0 17 18 6.33413e-37
0 17 19 8.21493e-37
0 17 20 1.02364e-36
0 17 21 1.22552e-36
0 17 22 1.40969e-36
0 17 23 1.55795e-36
0 17 24 1.65428e-36
0 17 25 1.6877e-36
0 17 26 1.65428e-36
0 17 27 1.55795e-36
0 17 28 1.40969e-36
0 17 29 1.22552e-36
0 17 30 1.02364e-36
0 17 31 8.21493e-37
0 17 32 6.33413e-37
0 17 33 4.69244e-37
0 17 34 3.33994e-37
0 17 35 2.28406e-37
0 17 36 1.50073e-37
0 17 37 9.47387e-38
0 17 38 5.74619e-38
0 17 39 3.34858e-38
0 17 40 1.87487e-38
0 17 41 1.00857e-38
0 17 42 5.21283e-39
0 17 43 2.58861e-39
0 17 44 1.23506e-39
0 17 45 5.66161e-40
0 17 46 2.49355e-40
0 17 47 1.05518e-40
0 17 48 4.29003e-41
0 17 49 2.72959e-71
0 18 0 1.38286e-71
0 18 1 2.2621e-41
0 18 2 5.79093e-41
0 18 3 1.42434e-40
0 18 4 3.36594e-40
0 18 5 7.64237e-40
0 18 6 1.66716e-39
0 18 7 3.49426e-39
0 18 8 7.03658e-39
0 18 9 1.36143e-38
0 18 10 2.53081e-38
0 18 11 4.52012e-38
0 18 12 7.75655e-38
0 18 13 1.27884e-37
0 18 14 2.02578e-37
0 18 15 3.08315e-37
0 18 16 4.50845e-37
0 18 17 6.33413e-37
0 18 18 8.55018e-37
0 18 19 1.1089e-36
0 18 20 1.38177e-36
0 18 21 1.65428e-36
0 18 22 1.90288e-36
0 18 23 2.10301e-36
0 18 24 2.23305e-36
0 18 25 2.27816e-36
0 18 26 2.23305e-36
0 18 27 2.10301e-36
0 18 28 1.90288e-36
0 18 29 1.65428e-36
0 18 30 1.38177e-36
0 18 31 1.1089e-36
0 18 32 8.55018e-37
0 18 33 6.33413e-37
0 18 34 4.50845e-37
0 18 35 3.08315e-37
0 18 36 2.02578e-37
0 18 37 1.27884e-37
0 18 38 7.75655e-38
0 18 39 4.52012e-38
0 18 40 2.53081e-38
0 18 41 1.36143e-38
0 18 42 7.03658e-39
0 18 43 3.49426e-39
0 18 44 1.66716e-39
0 18 45 7.64237e-40
0 18 46 3.36594e-40
0 18 47 1.42434e-40
0 18 48 5.79093e-41
0 18 49 3.68456e-71
0 19 0 1.79347e-71
0 19 1 2.93378e-41
0 19 2 7.51043e-41
0 19 3 1.84727e-40
0 19 4 4.36539e-40
0 19 5 9.91162e-40
0 19 6 2.16219e-39
0 19 7 4.53182e-39
0 19 8 9.12596e-39
0 19 9 1.76568e-38
0 19 10 3.28228e-38
0 19 11 5.86228e-38
0 19 12 1.00597e-37
0 19 13 1.65856e-37
0 19 14 2.62729e-37
0 19 15 3.99863e-37
0 19 16 5.84714e-37
0 19 17 8.21493e-37
0 19 18 1.1089e-36
0 19 19 1.43816e-36
0 19 20 1.79206e-36
0 19 21 2.14549e-36
0 19 22 2.4679e-36
0 19 23 2.72745e-36
0 19 24 2.89611e-36
0 19 25 2.95461e-36
0 19 26 2.89611e-36
0 19 27 2.72745e-36
0 19 28 2.4679e-36
0 19 29 2.14549e-36
0 19 30 1.79206e-36
0 19 31 1.43816e-36
0 19 32 1.1089e-36
0 19 33 8.21493e-37
0 19 34 5.84714e-37
0 19 35 3.99863e-37
0 19 36 2.62729e-37
0 19 37 1.65856e-37
0 19 38 1.00597e-37
0 19 39 5.86228e-38
0 19 40 3.28228e-38
0 19 41 1.76568e-38
0 19 42 9.12596e-39
0 19 43 4.53182e-39
0 19 44 2.16219e-39
0 19 45 9.91162e-40
0 19 46 4.36539e-40
0 19 47 1.84727e-40
0 19 48 7.51043e-41
0 19 49 4.77861e-71
0 20 0 2.2348e-71
0 20 1 3.65572e-41
0 20 2 9.35858e-41
0 20 3 2.30184e-40
0 20 4 5.43961e-40
0 20 5 1.23506e-39
0 20 6 2.69426e-39
0 20 7 5.64699e-39
0 20 8 1.13716e-38
0 20 9 2.20018e-38
0 20 10 4.08997e-38
0 20 11 7.30485e-38
0 20 12 1.25352e-37
0 20 13 2.0667e-37
0 20 14 3.2738e-37
0 20 15 4.9826e-37
0 20 16 7.28599e-37
0 20 17 1.02364e-36
0 20 18 1.38177e-36
0 20 19 1.79206e-36
0 20 20 2.23305e-36
0 20 21 2.67344e-36
0 20 22 3.07519e-36
0 20 23 3.39861e-36
0 20 24 3.60877e-36
0 20 25 3.68167e-36
0 20 26 3.60877e-36
0 20 27 3.39861e-36
0 20 28 3.07519e-36
0 20 29 2.67344e-36
0 20 30 2.23305e-36
0 20 31 1.79206e-36
0 20 32 1.38177e-36
0 20 33 1.02364e-36
0 20 34 7.28599e-37
0 20 35 4.9826e-37
0 20 36 3.2738e-37
0 20 37 2.0667e-37
0 20 38 1.25352e-37
0 20 39 7.30485e-38
0 20 40 4.08997e-38
0 20 41 2.20018e-38
0 20 42 1.13716e-38
0 20 43 5.64699e-39
0 20 44 2.69426e-39
0 20 45 1.23506e-39
0 20 46 5.43961e-40
0 20 47 2.30184e-40
0 20 48 9.35858e-41
0 20 49 5.95452e-71
0 21 0 2.67554e-71
0 21 1 4.37669e-41
0 21 2 1.12042e-40
0 21 3 2.7558e-40
0 21 4 6.5124e-40
0 21 5 1.47864e-39
0 21 6 3.22561e-39
0 21 7 6.76068e-39
0 21 8 1.36143e-38
0 21 9 2.63409e-38
0 21 10 4.89658e-38
0 21 11 8.74549e-38
0 21 12 1.50073e-37
0 21 13 2.47429e-37
0 21 14 3.91946e-37
0 21 15 5.96526e-37
0 21 16 8.72291e-37
0 21 17 1.22552e-36
0 21 18 1.65428e-36
0 21 19 2.14549e-36
0 21 20 2.67344e-36
0 21 21 3.20069e-36
0 21 22 3.68167e-36
0 21 23 4.06888e-36
0 21 24 4.32048e-36
0 21 25 4.40776e-36
0 21 26 4.32048e-36
0 21 27 4.06888e-36
0 21 28 3.68167e-36
0 21 29 3.20069e-36
0 21 30 2.67344e-36
0 21 31 2.14549e-36
0 21 32 1.65428e-36
0 21 33 1.22552e-36
0 21 34 8.72291e-37
0 21 35 5.96526e-37
0 21 36 3.91946e-37
0 21 37 2.47429e-37
0 21 38 1.50073e-37
0 21 39 8.74549e-38
0 21 40 4.89658e-38
0 21 41 2.63409e-38
0 21 42 1.36143e-38
0 21 43 6.76068e-39
0 21 44 3.22561e-39
0 21 45 1.47864e-39
0 21 46 6.5124e-40
0 21 47 2.7558e-40
0 21 48 1.12042e-40
0 21 49 7.12885e-71
0 22 0 3.0776e-71
0 22 1 5.03439e-41
0 22 2 1.2888e-40
0 22 3 3.16993e-40
0 22 4 7.49104e-40
0 22 5 1.70084e-39
0 22 6 3.71034e-39
0 22 7 7.77663e-39
0 22 8 1.56602e-38
0 22 9 3.02992e-38
0 22 10 5.63241e-38
0 22 11 1.00597e-37
0 22 12 1.72625e-37
0 22 13 2.84611e-37
0 22 14 4.50845e-37
0 22 15 6.86168e-37
0 22 16 1.00337e-36
0 22 17 1.40969e-36
0 22 18 1.90288e-36
0 22 19 2.4679e-36
0 22 20 3.07519e-36
0 22 21 3.68167e-36
0 22 22 4.23493e-36
0 22 23 4.68033e-36
0 22 24 4.96974e-36
0 22 25 5.07014e-36
0 22 26 4.96974e-36
0 22 27 4.68033e-36
0 22 28 4.23493e-36
0 22 29 3.68167e-36
0 22 30 3.07519e-36
0 22 31 2.4679e-36
0 22 32 1.90288e-36
0 22 33 1.40969e-36
0 22 34 1.00337e-36
0 22 35 6.86168e-37
0 22 36 4.50845e-37
0 22 37 2.84611e-37
0 22 38 1.72625e-37
0 22 39 1.00597e-37
0 22 40 5.63241e-38
0 22 41 3.02992e-38
0 22 42 1.56602e-38
0 22 43 7.77663e-39
0 22 44 3.71034e-39
0 22 45 1.70084e-39
0 22 46 7.49104e-40
0 22 47 3.16993e-40
0 22 48 1.2888e-40
0 22 49 8.20013e-71
0 23 0 3.40127e-71
0 23 1 5.56387e-41
0 23 2 1.42434e-40
0 23 3 3.50331e-40
0 23 4 8.27888e-40
0 23 5 1.87972e-39
0 23 6 4.10056e-39
0 23 7 8.5945e-39
0 23 8 1.73072e-38
0 23 9 3.34858e-38
0 23 10 6.22478e-38
0 23 11 1.11177e-37
0 23 12 1.9078e-37
0 23 13 3.14544e-37
0 23 14 4.9826e-37
0 23 15 7.58333e-37
0 23 16 1.1089e-36
0 23 17 1.55795e-36
0 23 18 2.10301e-36
0 23 19 2.72745e-36
0 23 20 3.39861e-36
0 23 21 4.06888e-36
0 23 22 4.68033e-36
0 23 23 5.17256e-36
0 23 24 5.49241e-36
0 23 25 5.60337e-36
0 23 26 5.49241e-36
0 23 27 5.17256e-36
0 23 28 4.68033e-36
0 23 29 4.06888e-36
0 23 30 3.39861e-36
0 23 31 2.72745e-36
0 23 32 2.10301e-36
0 23 33 1.55795e-36
0 23 34 1.1089e-36
0 23 35 7.58333e-37
0 23 36 4.9826e-37
0 23 37 3.14544e-37
0 23 38 1.9078e-37
0 23 39 1.11177e-37
0 23 40 6.22478e-38
0 23 41 3.34858e-38
0 23 42 1.73072e-38
0 23 43 8.5945e-39
0 23 44 4.10056e-39
0 23 45 1.87972e-39
0 23 46 8.27888e-40
0 23 47 3.50331e-40
0 23 48 1.42434e-40
0 23 49 9.06255e-71
0 24 0 3.6116e-71
0 24 1 5.90792e-41
0 24 2 1.51242e-40
0 24 3 3.71994e-40
0 24 4 8.79082e-40
0 24 5 1.99596e-39
0 24 6 4.35412e-39
0 24 7 9.12596e-39
0 24 8 1.83774e-38
0 24 9 3.55565e-38
0 24 10 6.6097e-38
0 24 11 1.18052e-37
0 24 12 2.02578e-37
0 24 13 3.33994e-37
0 24 14 5.29071e-37
0 24 15 8.05226e-37
0 24 16 1.17747e-36
0 24 17 1.65428e-36
0 24 18 2.23305e-36
0 24 19 2.89611e-36
0 24 20 3.60877e-36
0 24 21 4.32048e-36
0 24 22 4.96974e-36
0 24 23 5.49241e-36
0 24 24 5.83204e-36
0 24 25 5.94986e-36
0 24 26 5.83204e-36
0 24 27 5.49241e-36
0 24 28 4.96974e-36
0 24 29 4.32048e-36
0 24 30 3.60877e-36
0 24 31 2.89611e-36
0 24 32 2.23305e-36
0 24 33 1.65428e-36
0 24 34 1.17747e-36
0 24 35 8.05226e-37
0 24 36 5.29071e-37
0 24 37 3.33994e-37
0 24 38 2.02578e-37
0 24 39 1.18052e-37
0 24 40 6.6097e-38
0 24 41 3.55565e-38
0 24 42 1.83774e-38
0 24 43 9.12596e-39
0 24 44 4.35412e-39
0 24 45 1.99596e-39
0 24 46 8.79082e-40
0 24 47 3.71994e-40
0 24 48 1.51242e-40
0 24 49 9.62294e-71
0 25 0 3.68456e-71
0 25 1 6.02726e-41
0 25 2 1.54297e-40
0 25 3 3.79509e-40
0 25 4 8.96841e-40
0 25 5 2.03628e-39
0 25 6 4.44208e-39
0 25 7 9.31032e-39
0 25 8 1.87487e-38
0 25 9 3.62748e-38
0 25 10 6.74322e-38
0 25 11 1.20437e-37
0 25 12 2.0667e-37
0 25 13 3.40741e-37
0 25 14 5.39759e-37
0 25 15 8.21493e-37
0 25 16 1.20126e-36
0 25 17 1.6877e-36
0 25 18 2.27816e-36
0 25 19 2.95461e-36
0 25 20 3.68167e-36
0 25 21 4.40776e-36
0 25 22 5.07014e-36
0 25 23 5.60337e-36
0 25 24 5.94986e-36
0 25 25 6.07005e-36
0 25 26 5.94986e-36
0 25 27 5.60337e-36
0 25 28 5.07014e-36
0 25 29 4.40776e-36
0 25 30 3.68167e-36
0 25 31 2.95461e-36
0 25 32 2.27816e-36
0 25 33 1.6877e-36
0 25 34 1.20126e-36
0 25 35 8.21493e-37
0 25 36 5.39759e-37
0 25 37 3.40741e-37
0 25 38 2.0667e-37
0 25 39 1.20437e-37
0 25 40 6.74322e-38
0 25 41 3.62748e-38
0 25 42 1.87487e-38
0 25 43 9.31032e-39
0 25 44 4.44208e-39
0 25 45 2.03628e-39
0 25 46 8.96841e-40
0 25 47 3.79509e-40
0 25 48 1.54297e-40
0 25 49 9.81734e-71
0 26 0 3.6116e-71
0 26 1 5.90792e-41
0 26 2 1.51242e-40
0 26 3 3.71994e-40
0 26 4 8.79082e-40
0 26 5 1.99596e-39
0 26 6 4.35412e-39
0 26 7 9.12596e-39
0 26 8 1.83774e-38
0 26 9 3.55565e-38
0 26 10 6.6097e-38
0 26 11 1.18052e-37
0 26 12 2.02578e-37
0 26 13 3.33994e-37
0 26 14 5.29071e-37
0 26 15 8.05226e-37
0 26 16 1.17747e-36
0 26 17 1.65428e-36
0 26 18 2.23305e-36
0 26 19 2.89611e-36
0 26 20 3.60877e-36
0 26 21 4.32048e-36
0 26 22 4.96974e-36
0 26 23 5.49241e-36
0 26 24 5.83204e-36
0 26 25 5.94986e-36
0 26 26 5.83204e-36
0 26 27 5.49241e-36
0 26 28 4.96974e-36
0 26 29 4.32048e-36
0 26 30 3.60877e-36
0 26 31 2.89611e-36
0 26 32 2.23305e-36
0 26 33 1.65428e-36
0 26 34 1.17747e-36
0 26 35 8.05226e-37
0 26 36 5.29071e-37
0 26 37 3.33994e-37
0 26 38 2.02578e-37
0 26 39 1.18052e-37
0 26 40 6.6097e-38
0 26 41 3.55565e-38
0 26 42 1.83774e-38
0 26 43 9.12596e-39
0 26 44 4.35412e-39
0 26 45 1.99596e-39
0 26 46 8.79082e-40
0 26 47 3.71994e-40
0 26 48 1.51242e-40
0 26 49 9.62294e-71
0 27 0 3.40127e-71
0 27 1 5.56387e-41
0 27 2 1.42434e-40
0 27 3 3.50331e-40
0 27 4 8.27888e-40
0 27 5 1.87972e-39
0 27 6 4.10056e-39
0 27 7 8.5945e-39
0 27 8 1.73072e-38
0 27 9 3.34858e-38
0 27 10 6.22478e-38
0 27 11 1.11177e-37
0 27 12 1.9078e-37
0 27 13 3.14544e-37
0 27 14 4.9826e-37
0 27 15 7.58333e-37
0 27 16 1.1089e-36
0 27 17 1.55795e-36
0 27 18 2.10301e-36
0 27 19 2.72745e-36
0 27 20 3.39861e-36
0 27 21 4.06888e-36
0 27 22 4.68033e-36
0 27 23 5.17256e-36
0 27 24 5.49241e-36
0 27 25 5.60337e-36
0 27 26 5.49241e-36
0 27 27 5.17256e-36
0 27 28 4.68033e-36
0 27 29 4.06888e-36
0 27 30 3.39861e-36
0 27 31 2.72745e-36
0 27 32 2.10301e-36
0 27 33 1.55795e-36
0 27 34 1.1089e-36
0 27 35 7.58333e-37
0 27 36 4.9826e-37
0 27 37 3.14544e-37
0 27 38 1.9078e-37
0 27 39 1.11177e-37
0 27 40 6.22478e-38
0 27 41 3.34858e-38
0 27 42 1.73072e-38
0 27 43 8.5945e-39
0 27 44 4.10056e-39
0 27 45 1.87972e-39
0 27 46 8.27888e-40
0 27 47 3.50331e-40
0 27 48 1.42434e-40
0 27 49 9.06255e-71
0 28 0 3.0776e-71
0 28 1 5.03439e-41
0 28 2 1.2888e-40
0 28 3 3.16993e-40
0 28 4 7.49104e-40
0 28 5 1.70084e-39
0 28 6 3.71034e-39
0 28 7 7.77663e-39
0 28 8 1.56602e-38
0 28 9 3.02992e-38
0 28 10 5.63241e-38
0 28 11 1.00597e-37
0 28 12 1.72625e-37
0 28 13 2.84611e-37
0 28 14 4.50845e-37
0 28 15 6.86168e-37
0 28 16 1.00337e-36
0 28 17 1.40969e-36
0 28 18 1.90288e-36
0 28 19 2.4679e-36
0 28 20 3.07519e-36
0 28 21 3.68167e-36
0 28 22 4.23493e-36
0 28 23 4.68033e-36
0 28 24 4.96974e-36
0 28 25 5.07014e-36
0 28 26 4.96974e-36
0 28 27 4.68033e-36
0 28 28 4.23493e-36
0 28 29 3.68167e-36
0 28 30 3.07519e-36
0 28 31 2.4679e-36
0 28 32 1.90288e-36
0 28 33 1.40969e-36
0 28 34 1.00337e-36
0 28 35 6.86168e-37
0 28 36 4.50845e-37
0 28 37 2.84611e-37
0 28 38 1.72625e-37
0 28 39 1.00597e-37
0 28 40 5.63241e-38
0 28 41 3.02992e-38
0 28 42 1.56602e-38
0 28 43 7.77663e-39
0 28 44 3.71034e-39
0 28 45 1.70084e-39
0 28 46 7.49104e-40
0 28 47 3.16993e-40
0 28 48 1.2888e-40
0 28 49 8.20013e-71
0 29 0 2.67554e-71
0 29 1 4.37669e-41
0 29 2 1.12042e-40
0 29 3 2.7558e-40
0 29 4 6.5124e-40
0 29 5 1.47864e-39
0 29 6 3.22561e-39
0 29 7 6.76068e-39
0 29 8 1.36143e-38
0 29 9 2.63409e-38
0 29 10 4.89658e-38
0 29 11 8.74549e-38
0 29 12 1.50073e-37
0 29 13 2.47429e-37
0 29 14 3.91946e-37
0 29 15 5.96526e-37
0 29 16 8.72291e-37
0 29 17 1.22552e-36
0 29 18 1.65428e-36
0 29 19 2.14549e-36
0 29 20 2.67344e-36
0 29 21 3.20069e-36
0 29 22 3.68167e-36
0 29 23 4.06888e-36
0 29 24 4.32048e-36
0 29 25 4.40776e-36
0 29 26 4.32048e-36
0 29 27 4.06888e-36
0 29 28 3.68167e-36
0 29 29 3.20069e-36
0 29 30 2.67344e-36
0 29 31 2.14549e-36
0 29 32 1.65428e-36
0 29 33 1.22552e-36
0 29 34 8.72291e-37
0 29 35 5.96526e-37
0 29 36 3.91946e-37
0 29 37 2.47429e-37
0 29 38 1.50073e-37
0 29 39 8.74549e-38
0 29 40 4.89658e-38
0 29 41 2.63409e-38
0 29 42 1.36143e-38
0 29 43 6.76068e-39
0 29 44 3.22561e-39
0 29 45 1.47864e-39
0 29 46 6.5124e-40
0 29 47 2.7558e-40
0 29 48 1.12042e-40
0 29 49 7.12885e-71
0 30 0 2.2348e-71
0 30 1 3.65572e-41
0 30 2 9.35858e-41
0 30 3 2.30184e-40
0 30 4 5.43961e-40
0 30 5 1.23506e-39
0 30 6 2.69426e-39
0 30 7 5.64699e-39
0 30 8 1.13716e-38
0 30 9 2.20018e-38
0 30 10 4.08997e-38
0 30 11 7.30485e-38
0 30 12 1.25352e-37
0 30 13 2.0667e-37
0 30 14 3.2738e-37
0 30 15 4.9826e-37
0 30 16 7.28599e-37
0 30 17 1.02364e-36
0 30 18 1.38177e-36
0 30 19 1.79206e-36
0 30 20 2.23305e-36
0 30 21 2.67344e-36
0 30 22 3.07519e-36
0 30 23 3.39861e-36
0 30 24 3.60877e-36
0 30 25 3.68167e-36
0 30 26 3.60877e-36
0 30 27 3.39861e-36
0 30 28 3.07519e-36
0 30 29 2.67344e-36
0 30 30 2.23305e-36
0 30 31 1.79206e-36
0 30 32 1.38177e-36
0 30 33 1.02364e-36
0 30 34 7.28599e-37
0 30 35 4.9826e-37
0 30 36 3.2738e-37
0 30 37 2.0667e-37
0 30 38 1.25352e-37
0 30 39 7.30485e-38
0 30 40 4.08997e-38
0 30 41 2.20018e-38
0 30 42 1.13716e-38
0 30 43 5.64699e-39
0 30 44 2.69426e-39
0 30 45 1.23506e-39
0 30 46 5.43961e-40
0 30 47 2.30184e-40
0 30 48 9.35858e-41
0 30 49 5.95452e-71
0 31 0 1.79347e-71
0 31 1 2.93378e-41
0 31 2 7.51043e-41
0 31 3 1.84727e-40
0 31 4 4.36539e-40
0 31 5 9.91162e-40
0 31 6 2.16219e-39
0 31 7 4.53182e-39
0 31 8 9.12596e-39
0 31 9 1.76568e-38
0 31 10 3.28228e-38
0 31 11 5.86228e-38
0 31 12 1.00597e-37
0 31 13 1.65856e-37
0 31 14 2.62729e-37
0 31 15 3.99863e-37
0 31 16 5.84714e-37
0 31 17 8.21493e-37
0 31 18 1.1089e-36
0 31 19 1.43816e-36
0 31 20 1.79206e-36
0 31 21 2.14549e-36
0 31 22 2.4679e-36
0 31 23 2.72745e-36
0 31 24 2.89611e-36
0 31 25 2.95461e-36
0 31 26 2.89611e-36
0 31 27 2.72745e-36
0 31 28 2.4679e-36
0 31 29 2.14549e-36
0 31 30 1.79206e-36
0 31 31 1.43816e-36
0 31 32 1.1089e-36
0 31 33 8.21493e-37
0 31 34 5.84714e-37
0 31 35 3.99863e-37
0 31 36 2.62729e-37
0 31 37 1.65856e-37
0 31 38 1.00597e-37
0 31 39 5.86228e-38
0 31 40 3.28228e-38
0 31 41 1.76568e-38
0 31 42 9.12596e-39
0 31 43 4.53182e-39
0 31 44 2.16219e-39
0 31 45 9.91162e-40
0 31 46 4.36539e-40
0 31 47 1.84727e-40
0 31 48 7.51043e-41
0 31 49 4.77861e-71
0 32 0 1.38286e-71
0 32 1 2.2621e-41
0 32 2 5.79093e-41
0 32 3 1.42434e-40
0 32 4 3.36594e-40
0 32 5 7.64237e-40
0 32 6 1.66716e-39
0 32 7 3.49426e-39
0 32 8 7.03658e-39
0 32 9 1.36143e-38
0 32 10 2.53081e-38
0 32 11 4.52012e-38
0 32 12 7.75655e-38
0 32 13 1.27884e-37
0 32 14 2.02578e-37
0 32 15 3.08315e-37
0 32 16 4.50845e-37
0 32 17 6.33413e-37
0 32 18 8.55018e-37
0 32 19 1.1089e-36
0 32 20 1.38177e-36
0 32 21 1.65428e-36
0 32 22 1.90288e-36
0 32 23 2.10301e-36
0 32 24 2.23305e-36
0 32 25 2.27816e-36
0 32 26 2.23305e-36
0 32 27 2.10301e-36
0 32 28 1.90288e-36
0 32 29 1.65428e-36
0 32 30 1.38177e-36
0 32 31 1.1089e-36
0 32 32 8.55018e-37
0 32 33 6.33413e-37
0 32 34 4.50845e-37
0 32 35 3.08315e-37
0 32 36 2.02578e-37
0 32 37 1.27884e-37
0 32 38 7.75655e-38
0 32 39 4.52012e-38
0 32 40 2.53081e-38
0 32 41 1.36143e-38
0 32 42 7.03658e-39
0 32 43 3.49426e-39
0 32 44 1.66716e-39
0 32 45 7.64237e-40
0 32 46 3.36594e-40
0 32 47 1.42434e-40
0 32 48 5.79093e-41
0 32 49 3.68456e-71
0 33 0 1.02444e-71
0 33 1 1.6758e-41
0 33 2 4.29003e-41
0 33 3 1.05518e-40
0 33 4 2.49355e-40
0 33 5 5.66161e-40
0 33 6 1.23506e-39
0 33 7 2.58861e-39
0 33 8 5.21283e-39
0 33 9 1.00857e-38
0 33 10 1.87487e-38
0 33 11 3.34858e-38
0 33 12 5.74619e-38
0 33 13 9.47387e-38
0 33 14 1.50073e-37
0 33 15 2.28406e-37
0 33 16 3.33994e-37
0 33 17 4.69244e-37
0 33 18 6.33413e-37
0 33 19 8.21493e-37
0 33 20 1.02364e-36
0 33 21 1.22552e-36
0 33 22 1.40969e-36
0 33 23 1.55795e-36
0 33 24 1.65428e-36
0 33 25 1.6877e-36
0 33 26 1.65428e-36
0 33 27 1.55795e-36
0 33 28 1.40969e-36
0 33 29 1.22552e-36
0 33 30 1.02364e-36
0 33 31 8.21493e-37
0 33 32 6.33413e-37
0 33 33 4.69244e-37
0 33 34 3.33994e-37
0 33 35 2.28406e-37
0 33 36 1.50073e-37
0 33 37 9.47387e-38
0 33 38 5.74619e-38
0 33 39 3.34858e-38
0 33 40 1.87487e-38
0 33 41 1.00857e-38
0 33 42 5.21283e-39
0 33 43 2.58861e-39
0 33 44 1.23506e-39
0 33 45 5.66161e-40
0 33 46 2.49355e-40
0 33 47 1.05518e-40
0 33 48 4.29003e-41
0 33 49 2.72959e-71
0 34 0 7.29169e-72
0 34 1 1.19279e-41
0 34 2 3.05351e-41
0 34 3 7.51043e-41
0 34 4 1.77484e-40
0 34 5 4.02976e-40
0 34 6 8.79082e-40
0 34 7 1.8425e-39
0 34 8 3.71034e-39
0 34 9 7.17873e-39
0 34 10 1.33447e-38
0 34 11 2.38342e-38
0 34 12 4.08997e-38
0 34 13 6.74322e-38
0 34 14 1.06818e-37
0 34 15 1.62572e-37
0 34 16 2.37727e-37
0 34 17 3.33994e-37
0 34 18 4.50845e-37
0 34 19 5.84714e-37
0 34 20 7.28599e-37
0 34 21 8.72291e-37
0 34 22 1.00337e-36
0 34 23 1.1089e-36
0 34 24 1.17747e-36
0 34 25 1.20126e-36
0 34 26 1.17747e-36
0 34 27 1.1089e-36
0 34 28 1.00337e-36
0 34 29 8.72291e-37
0 34 30 7.28599e-37
0 34 31 5.84714e-37
0 34 32 4.50845e-37
0 34 33 3.33994e-37
0 34 34 2.37727e-37
0 34 35 1.62572e-37
0 34 36 1.06818e-37
0 34 37 6.74322e-38
0 34 38 4.08997e-38
0 34 39 2.38342e-38
0 34 40 1.33447e-38
0 34 41 7.17873e-39
0 34 42 3.71034e-39
0 34 43 1.8425e-39
0 34 44 8.79082e-40
0 34 45 4.02976e-40
0 34 46 1.77484e-40
0 34 47 7.51043e-41
0 34 48 3.05351e-41
0 34 49 1.94284e-71
0 35 0 4.98651e-72
0 35 1 8.15701e-42
0 35 2 2.08818e-41
0 35 3 5.1361e-41
0 35 4 1.21374e-40
0 35 5 2.7558e-40
0 35 6 6.0117e-40
0 35 7 1.26001e-39
0 35 8 2.53736e-39
0 35 9 4.90926e-39
0 35 10 9.12596e-39
0 35 11 1.62993e-38
0 35 12 2.79697e-38
0 35 13 4.61143e-38
0 35 14 7.30485e-38
0 35 15 1.11177e-37
0 35 16 1.62572e-37
0 35 17 2.28406e-37
0 35 18 3.08315e-37
0 35 19 3.99863e-37
0 35 20 4.9826e-37
0 35 21 5.96526e-37
0 35 22 6.86168e-37
0 35 23 7.58333e-37
0 35 24 8.05226e-37
0 35 25 8.21493e-37
0 35 26 8.05226e-37
0 35 27 7.58333e-37
0 35 28 6.86168e-37
0 35 29 5.96526e-37
0 35 30 4.9826e-37
0 35 31 3.99863e-37
0 35 32 3.08315e-37
0 35 33 2.28406e-37
0 35 34 1.62572e-37
0 35 35 1.11177e-37
0 35 36 7.30485e-38
0 35 37 4.61143e-38
0 35 38 2.79697e-38
0 35 39 1.62993e-38
0 35 40 9.12596e-39
0 35 41 4.90926e-39
0 35 42 2.53736e-39
0 35 43 1.26001e-39
0 35 44 6.0117e-40
0 35 45 2.7558e-40
0 35 46 1.21374e-40
0 35 47 5.1361e-41
0 35 48 2.08818e-41
0 35 49 1.32863e-71
0 36 0 3.27637e-72
0 36 1 5.35954e-42
0 36 2 1.37203e-41
0 36 3 3.37466e-41
0 36 4 7.97485e-41
0 36 5 1.81069e-40
0 36 6 3.94997e-40
0 36 7 8.27888e-40
0 36 8 1.66716e-39
0 36 9 3.22561e-39
0 36 10 5.99618e-39
0 36 11 1.07094e-38
0 36 12 1.83774e-38
0 36 13 3.02992e-38
0 36 14 4.79963e-38
0 36 15 7.30485e-38
0 36 16 1.06818e-37
0 36 17 1.50073e-37
0 36 18 2.02578e-37
0 36 19 2.62729e-37
0 36 20 3.2738e-37
0 36 21 3.91946e-37
0 36 22 4.50845e-37
0 36 23 4.9826e-37
0 36 24 5.29071e-37
0 36 25 5.39759e-37
0 36 26 5.29071e-37
0 36 27 4.9826e-37
0 36 28 4.50845e-37
0 36 29 3.91946e-37
0 36 30 3.2738e-37
0 36 31 2.62729e-37
0 36 32 2.02578e-37
0 36 33 1.50073e-37
0 36 34 1.06818e-37
0 36 35 7.30485e-38
0 36 36 4.79963e-38
0 36 37 3.02992e-38
0 36 38 1.83774e-38
0 36 39 1.07094e-38
0 36 40 5.99618e-39
0 36 41 3.22561e-39
0 36 42 1.66716e-39
0 36 43 8.27888e-40
0 36 44 3.94997e-40
0 36 45 1.81069e-40
0 36 46 7.97485e-41
0 36 47 3.37466e-41
0 36 48 1.37203e-41
0 36 49 8.72974e-72
0 37 0 2.06832e-72
0 37 1 3.38339e-42
0 37 2 8.66142e-42
0 37 3 2.13036e-41
0 37 4 5.03439e-41
0 37 5 1.14306e-40
0 37 6 2.49355e-40
0 37 7 5.22632e-40
0 37 8 1.05245e-39
0 37 9 2.03628e-39
0 37 10 3.78529e-39
0 37 11 6.76068e-39
0 37 12 1.16014e-38
0 37 13 1.91274e-38
0 37 14 3.02992e-38
0 37 15 4.61143e-38
0 37 16 6.74322e-38
0 37 17 9.47387e-38
0 37 18 1.27884e-37
0 37 19 1.65856e-37
0 37 20 2.0667e-37
0 37 21 2.47429e-37
0 37 22 2.84611e-37
0 37 23 3.14544e-37
0 37 24 3.33994e-37
0 37 25 3.40741e-37
0 37 26 3.33994e-37
0 37 27 3.14544e-37
0 37 28 2.84611e-37
0 37 29 2.47429e-37
0 37 30 2.0667e-37
0 37 31 1.65856e-37
0 37 32 1.27884e-37
0 37 33 9.47387e-38
0 37 34 6.74322e-38
0 37 35 4.61143e-38
0 37 36 3.02992e-38
0 37 37 1.91274e-38
0 37 38 1.16014e-38
0 37 39 6.76068e-39
0 37 40 3.78529e-39
0 37 41 2.03628e-39
0 37 42 1.05245e-39
0 37 43 5.22632e-40
0 37 44 2.49355e-40
0 37 45 1.14306e-40
0 37 46 5.03439e-41
0 37 47 2.13036e-41
0 37 48 8.66142e-42
0 37 49 5.51094e-72
0 38 0 1.2545e-72
0 38 1 2.05213e-42
0 38 2 5.25341e-42
0 38 3 1.29213e-41
0 38 4 3.05351e-41
0 38 5 6.933e-41
0 38 6 1.51242e-40
0 38 7 3.16993e-40
0 38 8 6.38345e-40
0 38 9 1.23506e-39
0 38 10 2.2959e-39
0 38 11 4.10056e-39
0 38 12 7.03658e-39
0 38 13 1.16014e-38
0 38 14 1.83774e-38
0 38 15 2.79697e-38
0 38 16 4.08997e-38
0 38 17 5.74619e-38
0 38 18 7.75655e-38
0 38 19 1.00597e-37
0 38 20 1.25352e-37
0 38 21 1.50073e-37
0 38 22 1.72625e-37
0 38 23 1.9078e-37
0 38 24 2.02578e-37
0 38 25 2.0667e-37
0 38 26 2.02578e-37
0 38 27 1.9078e-37
0 38 28 1.72625e-37
0 38 29 1.50073e-37
0 38 30 1.25352e-37
0 38 31 1.00597e-37
0 38 32 7.75655e-38
0 38 33 5.74619e-38
0 38 34 4.08997e-38
0 38 35 2.79697e-38
0 38 36 1.83774e-38
0 38 37 1.16014e-38
0 38 38 7.03658e-39
0 38 39 4.10056e-39
0 38 40 2.2959e-39
0 38 41 1.23506e-39
0 38 42 6.38345e-40
0 38 43 3.16993e-40
0 38 44 1.51242e-40
0 38 45 6.933e-41
0 38 46 3.05351e-41
0 38 47 1.29213e-41
0 38 48 5.25341e-42
0 38 49 3.34255e-72
0 39 0 7.31056e-73
0 39 1 1.19588e-42
0 39 2 3.06142e-42
0 39 3 7.52987e-42
0 39 4 1.77943e-41
0 39 5 4.0402e-41
0 39 6 8.81357e-41
0 39 7 1.84727e-40
0 39 8 3.71994e-40
0 39 9 7.19731e-40
0 39 10 1.33793e-39
0 39 11 2.38959e-39
0 39 12 4.10056e-39
0 39 13 6.76068e-39
0 39 14 1.07094e-38
0 39 15 1.62993e-38
0 39 16 2.38342e-38
0 39 17 3.34858e-38
0 39 18 4.52012e-38
0 39 19 5.86228e-38
0 39 20 7.30485e-38
0 39 21 8.74549e-38
0 39 22 1.00597e-37
0 39 23 1.11177e-37
0 39 24 1.18052e-37
0 39 25 1.20437e-37
0 39 26 1.18052e-37
0 39 27 1.11177e-37
0 39 28 1.00597e-37
0 39 29 8.74549e-38
0 39 30 7.30485e-38
0 39 31 5.86228e-38
0 39 32 4.52012e-38
0 39 33 3.34858e-38
0 39 34 2.38342e-38
0 39 35 1.62993e-38
0 39 36 1.07094e-38
0 39 37 6.76068e-39
0 39 38 4.10056e-39
0 39 39 2.38959e-39
0 39 40 1.33793e-39
0 39 41 7.19731e-40
0 39 42 3.71994e-40
0 39 43 1.84727e-40
0 39 44 8.81357e-41
0 39 45 4.0402e-41
0 39 46 1.77943e-41
0 39 47 7.52987e-42
0 39 48 3.06142e-42
0 39 49 1.94787e-72
0 40 0 4.09317e-73
0 40 1 6.69569e-43
0 40 2 1.71408e-42
0 40 3 4.21596e-42
0 40 4 9.963e-42
0 40 5 2.2621e-41
0 40 6 4.93471e-41
0 40 7 1.03428e-40
0 40 8 2.08279e-40
0 40 9 4.02976e-40
0 40 10 7.49104e-40
0 40 11 1.33793e-39
0 40 12 2.2959e-39
0 40 13 3.78529e-39
0 40 14 5.99618e-39
0 40 15 9.12596e-39
0 40 16 1.33447e-38
0 40 17 1.87487e-38
0 40 18 2.53081e-38
0 40 19 3.28228e-38
0 40 20 4.08997e-38
0 40 21 4.89658e-38
0 40 22 5.63241e-38
0 40 23 6.22478e-38
0 40 24 6.6097e-38
0 40 25 6.74322e-38
0 40 26 6.6097e-38
0 40 27 6.22478e-38
0 40 28 5.63241e-38
0 40 29 4.89658e-38
0 40 30 4.08997e-38
0 40 31 3.28228e-38
0 40 32 2.53081e-38
0 40 33 1.87487e-38
0 40 34 1.33447e-38
0 40 35 9.12596e-39
0 40 36 5.99618e-39
0 40 37 3.78529e-39
0 40 38 2.2959e-39
0 40 39 1.33793e-39
0 40 40 7.49104e-40
0 40 41 4.02976e-40
0 40 42 2.08279e-40
0 40 43 1.03428e-40
0 40 44 4.93471e-41
0 40 45 2.2621e-41
0 40 46 9.963e-42
0 40 47 4.21596e-42
0 40 48 1.71408e-42
0 40 49 1.09061e-72
0 41 0 2.2019e-73
0 41 1 3.60191e-43
0 41 2 9.22081e-43
0 41 3 2.26795e-42
0 41 4 5.35954e-42
0 41 5 1.21688e-41
