0 0 0 5.73729e-127
0 0 1 6.85592e-90
0 0 2 1.7551e-89
0 0 3 4.31686e-89
0 0 4 1.02014e-88
0 0 5 2.31623e-88
0 0 6 5.0528e-88
0 0 7 1.05903e-87
0 0 8 2.13263e-87
0 0 9 4.1262e-87
0 0 10 7.67031e-87
0 0 11 1.36995e-86
0 0 12 2.35084e-86
0 0 13 3.87588e-86
0 0 14 6.13968e-86
0 0 15 9.34435e-86
0 0 16 1.36641e-85
0 0 17 1.91973e-85
0 0 18 2.59137e-85
0 0 19 3.36083e-85
0 0 20 4.18785e-85
0 0 21 5.01376e-85
0 0 22 5.7672e-85
0 0 23 6.37374e-85
0 0 24 6.76787e-85
0 0 25 6.90459e-85
0 0 26 6.76787e-85
0 0 27 6.37374e-85
0 0 28 5.7672e-85
0 0 29 5.01376e-85
0 0 30 4.18785e-85
0 0 31 3.36083e-85
0 0 32 2.59137e-85
0 0 33 1.91973e-85
0 0 34 1.36641e-85
0 0 35 9.34435e-86
0 0 36 6.13968e-86
0 0 37 3.87588e-86
0 0 38 2.35084e-86
0 0 39 1.36995e-86
0 0 40 7.67031e-87
0 0 41 4.1262e-87
0 0 42 2.13263e-87
0 0 43 1.05903e-87
0 0 44 5.0528e-88
0 0 45 2.31623e-88
0 0 46 1.02014e-88
0 0 47 4.31686e-89
0 0 48 1.7551e-89
0 0 49 1.52868e-126
0 1 0 6.85592e-90
0 1 1 8.19265e-53
0 1 2 2.0973e-52
0 1 3 5.15853e-52
0 1 4 1.21904e-51
0 1 5 2.76784e-51
0 1 6 6.03796e-51
0 1 7 1.26552e-50
0 1 8 2.54844e-50
0 1 9 4.9307e-50
0 1 10 9.16582e-50
0 1 11 1.63705e-49
0 1 12 2.80919e-49
0 1 13 4.63157e-49
0 1 14 7.33675e-49
0 1 15 1.11663e-48
0 1 16 1.63282e-48
0 1 17 2.29403e-48
0 1 18 3.09662e-48
0 1 19 4.0161e-48
0 1 20 5.00437e-48
0 1 21 5.99132e-48
0 1 22 6.89166e-48
0 1 23 7.61646e-48
0 1 24 8.08743e-48
0 1 25 8.25081e-48
0 1 26 8.08743e-48
0 1 27 7.61646e-48
0 1 28 6.89166e-48
0 1 29 5.99132e-48
0 1 30 5.00437e-48
0 1 31 4.0161e-48
0 1 32 3.09662e-48
0 1 33 2.29403e-48
0 1 34 1.63282e-48
0 1 35 1.11663e-48
0 1 36 7.33675e-49
0 1 37 4.63157e-49
0 1 38 2.80919e-49
0 1 39 1.63705e-49
0 1 40 9.16582e-50
0 1 41 4.9307e-50
0 1 42 2.54844e-50
0 1 43 1.26552e-50
0 1 44 6.03796e-51
0 1 45 2.76784e-51
0 1 46 1.21904e-51
0 1 47 5.15853e-52
0 1 48 2.0973e-52
0 1 49 1.82673e-89
0 2 0 1.7551e-89
0 2 1 2.0973e-52
0 2 2 5.36905e-52
0 2 3 1.32057e-51
0 2 4 3.12073e-51
0 2 5 7.08562e-51
0 2 6 1.54571e-50
0 2 7 3.2397e-50
0 2 8 6.52396e-50
0 2 9 1.26225e-49
0 2 10 2.34643e-49
0 2 11 4.19082e-49
0 2 12 7.19148e-49
0 2 13 1.18567e-48
0 2 14 1.8782e-48
0 2 15 2.85854e-48
0 2 16 4.18e-48
0 2 17 5.87268e-48
0 2 18 7.92729e-48
0 2 19 1.02811e-47
0 2 20 1.28111e-47
0 2 21 1.53377e-47
0 2 22 1.76425e-47
0 2 23 1.9498e-47
0 2 24 2.07037e-47
0 2 25 2.11219e-47
0 2 26 2.07037e-47
0 2 27 1.9498e-47
0 2 28 1.76425e-47
0 2 29 1.53377e-47
0 2 30 1.28111e-47
0 2 31 1.02811e-47
0 2 32 7.92729e-48
0 2 33 5.87268e-48
0 2 34 4.18e-48
0 2 35 2.85854e-48
0 2 36 1.8782e-48
0 2 37 1.18567e-48
0 2 38 7.19148e-49
0 2 39 4.19082e-49
0 2 40 2.34643e-49
0 2 41 1.26225e-49
0 2 42 6.52396e-50
0 2 43 3.2397e-50
0 2 44 1.54571e-50
0 2 45 7.08562e-51
0 2 46 3.12073e-51
0 2 47 1.32057e-51
0 2 48 5.36905e-52
0 2 49 4.67639e-89
0 3 0 4.31686e-89
0 3 1 5.15853e-52
0 3 2 1.32057e-51
0 3 3 3.24809e-51
0 3 4 7.67576e-51
0 3 5 1.74278e-50
0 3 6 3.80183e-50
0 3 7 7.96838e-50
0 3 8 1.60464e-49
0 3 9 3.10464e-49
0 3 10 5.7713e-49
0 3 11 1.03078e-48
0 3 12 1.76882e-48
0 3 13 2.91629e-48
0 3 14 4.61962e-48
0 3 15 7.03088e-48
0 3 16 1.02811e-47
0 3 17 1.44445e-47
0 3 18 1.9498e-47
0 3 19 2.52875e-47
0 3 20 3.15102e-47
0 3 21 3.77246e-47
0 3 22 4.33936e-47
0 3 23 4.79573e-47
0 3 24 5.09228e-47
0 3 25 5.19515e-47
0 3 26 5.09228e-47
0 3 27 4.79573e-47
0 3 28 4.33936e-47
0 3 29 3.77246e-47
0 3 30 3.15102e-47
0 3 31 2.52875e-47
0 3 32 1.9498e-47
0 3 33 1.44445e-47
0 3 34 1.02811e-47
0 3 35 7.03088e-48
0 3 36 4.61962e-48
0 3 37 2.91629e-48
0 3 38 1.76882e-48
0 3 39 1.03078e-48
0 3 40 5.7713e-49
0 3 41 3.10464e-49
0 3 42 1.60464e-49
0 3 43 7.96838e-50
0 3 44 3.80183e-50
0 3 45 1.74278e-50
0 3 46 7.67576e-51
0 3 47 3.24809e-51
0 3 48 1.32057e-51
0 3 49 1.15021e-88
0 4 0 1.02014e-88
0 4 1 1.21904e-51
0 4 2 3.12073e-51
0 4 3 7.67576e-51
0 4 4 1.8139e-50
0 4 5 4.11847e-50
0 4 6 8.98433e-50
0 4 7 1.88306e-49
0 4 8 3.79201e-49
0 4 9 7.33675e-49
0 4 10 1.36385e-48
0 4 11 2.43589e-48
0 4 12 4.18e-48
0 4 13 6.89166e-48
0 4 14 1.09169e-47
0 4 15 1.66151e-47
0 4 16 2.4296e-47
0 4 17 3.41346e-47
0 4 18 4.60769e-47
0 4 19 5.97585e-47
0 4 20 7.44637e-47
0 4 21 8.91492e-47
0 4 22 1.02546e-46
0 4 23 1.13331e-46
0 4 24 1.20339e-46
0 4 25 1.2277e-46
0 4 26 1.20339e-46
0 4 27 1.13331e-46
0 4 28 1.02546e-46
0 4 29 8.91492e-47
0 4 30 7.44637e-47
0 4 31 5.97585e-47
0 4 32 4.60769e-47
0 4 33 3.41346e-47
0 4 34 2.4296e-47
0 4 35 1.66151e-47
0 4 36 1.09169e-47
0 4 37 6.89166e-48
0 4 38 4.18e-48
0 4 39 2.43589e-48
0 4 40 1.36385e-48
0 4 41 7.33675e-49
0 4 42 3.79201e-49
0 4 43 1.88306e-49
0 4 44 8.98433e-50
0 4 45 4.11847e-50
0 4 46 1.8139e-50
0 4 47 7.67576e-51
0 4 48 3.12073e-51
0 4 49 2.71812e-88
0 5 0 2.31623e-88
0 5 1 2.76784e-51
0 5 2 7.08562e-51
0 5 3 1.74278e-50
0 5 4 4.11847e-50
0 5 5 9.35098e-50
0 5 6 2.03989e-49
0 5 7 4.27548e-49
0 5 8 8.60976e-49
0 5 9 1.66581e-48
0 5 10 3.09662e-48
0 5 11 5.53068e-48
0 5 12 9.49069e-48
0 5 13 1.56475e-47
0 5 14 2.47868e-47
0 5 15 3.77246e-47
0 5 16 5.5164e-47
0 5 17 7.75026e-47
0 5 18 1.04618e-46
0 5 19 1.35682e-46
0 5 20 1.6907e-46
0 5 21 2.02413e-46
0 5 22 2.32831e-46
0 5 23 2.57318e-46
0 5 24 2.73229e-46
0 5 25 2.78749e-46
0 5 26 2.73229e-46
0 5 27 2.57318e-46
0 5 28 2.32831e-46
0 5 29 2.02413e-46
0 5 30 1.6907e-46
0 5 31 1.35682e-46
0 5 32 1.04618e-46
0 5 33 7.75026e-47
0 5 34 5.5164e-47
0 5 35 3.77246e-47
0 5 36 2.47868e-47
0 5 37 1.56475e-47
0 5 38 9.49069e-48
0 5 39 5.53068e-48
0 5 40 3.09662e-48
0 5 41 1.66581e-48
0 5 42 8.60976e-49
0 5 43 4.27548e-49
0 5 44 2.03989e-49
0 5 45 9.35098e-50
0 5 46 4.11847e-50
0 5 47 1.74278e-50
0 5 48 7.08562e-51
0 5 49 6.1715e-88
0 6 0 5.0528e-88
0 6 1 6.03796e-51
0 6 2 1.54571e-50
0 6 3 3.80183e-50
0 6 4 8.98433e-50
0 6 5 2.03989e-49
0 6 6 4.44997e-49
0 6 7 9.32684e-49
0 6 8 1.8782e-48
0 6 9 3.63392e-48
0 6 10 6.75519e-48
0 6 11 1.2065e-47
0 6 12 2.07037e-47
0 6 13 3.41346e-47
0 6 14 5.40717e-47
0 6 15 8.22951e-47
0 6 16 1.20339e-46
0 6 17 1.6907e-46
0 6 18 2.2822e-46
0 6 19 2.95986e-46
0 6 20 3.68821e-46
0 6 21 4.41559e-46
0 6 22 5.07914e-46
0 6 23 5.61331e-46
0 6 24 5.96042e-46
0 6 25 6.08083e-46
0 6 26 5.96042e-46
0 6 27 5.61331e-46
0 6 28 5.07914e-46
0 6 29 4.41559e-46
0 6 30 3.68821e-46
0 6 31 2.95986e-46
0 6 32 2.2822e-46
0 6 33 1.6907e-46
0 6 34 1.20339e-46
0 6 35 8.22951e-47
0 6 36 5.40717e-47
0 6 37 3.41346e-47
0 6 38 2.07037e-47
0 6 39 1.2065e-47
0 6 40 6.75519e-48
0 6 41 3.63392e-48
0 6 42 1.8782e-48
0 6 43 9.32684e-49
0 6 44 4.44997e-49
0 6 45 2.03989e-49
0 6 46 8.98433e-50
0 6 47 3.80183e-50
0 6 48 1.54571e-50
0 6 49 1.3463e-87
0 7 0 1.05903e-87
0 7 1 1.26552e-50
0 7 2 3.2397e-50
0 7 3 7.96838e-50
0 7 4 1.88306e-49
0 7 5 4.27548e-49
0 7 6 9.32684e-49
0 7 7 1.95485e-48
0 7 8 3.93658e-48
0 7 9 7.61646e-48
0 7 10 1.41584e-47
0 7 11 2.52875e-47
0 7 12 4.33936e-47
0 7 13 7.15439e-47
0 7 14 1.13331e-46
0 7 15 1.72485e-46
0 7 16 2.52222e-46
0 7 17 3.54359e-46
0 7 18 4.78335e-46
0 7 19 6.20367e-46
0 7 20 7.73025e-46
0 7 21 9.25479e-46
0 7 22 1.06455e-45
0 7 23 1.17651e-45
0 7 24 1.24927e-45
0 7 25 1.2745e-45
0 7 26 1.24927e-45
0 7 27 1.17651e-45
0 7 28 1.06455e-45
0 7 29 9.25479e-46
0 7 30 7.73025e-46
0 7 31 6.20367e-46
0 7 32 4.78335e-46
0 7 33 3.54359e-46
0 7 34 2.52222e-46
0 7 35 1.72485e-46
0 7 36 1.13331e-46
0 7 37 7.15439e-47
0 7 38 4.33936e-47
0 7 39 2.52875e-47
0 7 40 1.41584e-47
0 7 41 7.61646e-48
0 7 42 3.93658e-48
0 7 43 1.95485e-48
0 7 44 9.32684e-49
0 7 45 4.27548e-49
0 7 46 1.88306e-49
0 7 47 7.96838e-50
0 7 48 3.2397e-50
0 7 49 2.82175e-87
0 8 0 2.13263e-87
0 8 1 2.54844e-50
0 8 2 6.52396e-50
0 8 3 1.60464e-49
0 8 4 3.79201e-49
0 8 5 8.60976e-49
0 8 6 1.8782e-48
0 8 7 3.93658e-48
0 8 8 7.92729e-48
0 8 9 1.53377e-47
0 8 10 2.85116e-47
0 8 11 5.09228e-47
0 8 12 8.73839e-47
0 8 13 1.44072e-46
0 8 14 2.2822e-46
0 8 15 3.47343e-46
0 8 16 5.07914e-46
0 8 17 7.13592e-46
0 8 18 9.63248e-46
0 8 19 1.24927e-45
0 8 20 1.55668e-45
0 8 21 1.86369e-45
0 8 22 2.14375e-45
0 8 23 2.36921e-45
0 8 24 2.51571e-45
0 8 25 2.56653e-45
0 8 26 2.51571e-45
0 8 27 2.36921e-45
0 8 28 2.14375e-45
0 8 29 1.86369e-45
0 8 30 1.55668e-45
0 8 31 1.24927e-45
0 8 32 9.63248e-46
0 8 33 7.13592e-46
0 8 34 5.07914e-46
0 8 35 3.47343e-46
0 8 36 2.2822e-46
0 8 37 1.44072e-46
0 8 38 8.73839e-47
0 8 39 5.09228e-47
0 8 40 2.85116e-47
0 8 41 1.53377e-47
0 8 42 7.92729e-48
0 8 43 3.93658e-48
0 8 44 1.8782e-48
0 8 45 8.60976e-49
0 8 46 3.79201e-49
0 8 47 1.60464e-49
0 8 48 6.52396e-50
0 8 49 5.68231e-87
0 9 0 4.1262e-87
0 9 1 4.9307e-50
0 9 2 1.26225e-49
0 9 3 3.10464e-49
0 9 4 7.33675e-49
0 9 5 1.66581e-48
0 9 6 3.63392e-48
0 9 7 7.61646e-48
0 9 8 1.53377e-47
0 9 9 2.96752e-47
0 9 10 5.5164e-47
0 9 11 9.85251e-47
0 9 12 1.6907e-46
0 9 13 2.78749e-46
0 9 14 4.41559e-46
0 9 15 6.72036e-46
0 9 16 9.82707e-46
0 9 17 1.38065e-45
0 9 18 1.86369e-45
0 9 19 2.41707e-45
0 9 20 3.01185e-45
0 9 21 3.60585e-45
0 9 22 4.14771e-45
0 9 23 4.58393e-45
0 9 24 4.86738e-45
0 9 25 4.96571e-45
0 9 26 4.86738e-45
0 9 27 4.58393e-45
0 9 28 4.14771e-45
0 9 29 3.60585e-45
0 9 30 3.01185e-45
0 9 31 2.41707e-45
0 9 32 1.86369e-45
0 9 33 1.38065e-45
0 9 34 9.82707e-46
0 9 35 6.72036e-46
0 9 36 4.41559e-46
0 9 37 2.78749e-46
0 9 38 1.6907e-46
0 9 39 9.85251e-47
0 9 40 5.5164e-47
0 9 41 2.96752e-47
0 9 42 1.53377e-47
0 9 43 7.61646e-48
0 9 44 3.63392e-48
0 9 45 1.66581e-48
0 9 46 7.33675e-49
0 9 47 3.10464e-49
0 9 48 1.26225e-49
0 9 49 1.09941e-86
0 10 0 7.67031e-87
0 10 1 9.16582e-50
0 10 2 2.34643e-49
0 10 3 5.7713e-49
0 10 4 1.36385e-48
0 10 5 3.09662e-48
0 10 6 6.75519e-48
0 10 7 1.41584e-47
0 10 8 2.85116e-47
0 10 9 5.5164e-47
0 10 10 1.02546e-46
0 10 11 1.83151e-46
0 10 12 3.14289e-46
0 10 13 5.18174e-46
0 10 14 8.20826e-46
0 10 15 1.24927e-45
0 10 16 1.82678e-45
0 10 17 2.56653e-45
0 10 18 3.46446e-45
0 10 19 4.49316e-45
0 10 20 5.59882e-45
0 10 21 6.70301e-45
0 10 22 7.71029e-45
0 10 23 8.52119e-45
0 10 24 9.04811e-45
0 10 25 9.2309e-45
0 10 26 9.04811e-45
0 10 27 8.52119e-45
0 10 28 7.71029e-45
0 10 29 6.70301e-45
0 10 30 5.59882e-45
0 10 31 4.49316e-45
0 10 32 3.46446e-45
0 10 33 2.56653e-45
0 10 34 1.82678e-45
0 10 35 1.24927e-45
0 10 36 8.20826e-46
0 10 37 5.18174e-46
0 10 38 3.14289e-46
0 10 39 1.83151e-46
0 10 40 1.02546e-46
0 10 41 5.5164e-47
0 10 42 2.85116e-47
0 10 43 1.41584e-47
0 10 44 6.75519e-48
0 10 45 3.09662e-48
0 10 46 1.36385e-48
0 10 47 5.7713e-49
0 10 48 2.34643e-49
0 10 49 2.04372e-86
0 11 0 1.36995e-86
0 11 1 1.63705e-49
0 11 2 4.19082e-49
0 11 3 1.03078e-48
0 11 4 2.43589e-48
0 11 5 5.53068e-48
0 11 6 1.2065e-47
0 11 7 2.52875e-47
0 11 8 5.09228e-47
0 11 9 9.85251e-47
0 11 10 1.83151e-46
0 11 11 3.27115e-46
0 11 12 5.61331e-46
0 11 13 9.25479e-46
0 11 14 1.46603e-45
0 11 15 2.23124e-45
0 11 16 3.2627e-45
0 11 17 4.58393e-45
0 11 18 6.18765e-45
0 11 19 8.02496e-45
0 11 20 9.99971e-45
0 11 21 1.19718e-44
0 11 22 1.37709e-44
0 11 23 1.52192e-44
0 11 24 1.61603e-44
0 11 25 1.64867e-44
0 11 26 1.61603e-44
0 11 27 1.52192e-44
0 11 28 1.37709e-44
0 11 29 1.19718e-44
0 11 30 9.99971e-45
0 11 31 8.02496e-45
0 11 32 6.18765e-45
0 11 33 4.58393e-45
0 11 34 3.2627e-45
0 11 35 2.23124e-45
0 11 36 1.46603e-45
0 11 37 9.25479e-46
0 11 38 5.61331e-46
0 11 39 3.27115e-46
0 11 40 1.83151e-46
0 11 41 9.85251e-47
0 11 42 5.09228e-47
0 11 43 2.52875e-47
0 11 44 1.2065e-47
0 11 45 5.53068e-48
0 11 46 2.43589e-48
0 11 47 1.03078e-48
0 11 48 4.19082e-49
0 11 49 3.65016e-86
0 12 0 2.35084e-86
0 12 1 2.80919e-49
0 12 2 7.19148e-49
0 12 3 1.76882e-48
0 12 4 4.18e-48
0 12 5 9.49069e-48
0 12 6 2.07037e-47
0 12 7 4.33936e-47
0 12 8 8.73839e-47
0 12 9 1.6907e-46
0 12 10 3.14289e-46
0 12 11 5.61331e-46
0 12 12 9.63248e-46
0 12 13 1.58813e-45
0 12 14 2.51571e-45
0 12 15 3.82882e-45
0 12 16 5.59882e-45
0 12 17 7.86605e-45
0 12 18 1.06181e-44
0 12 19 1.37709e-44
0 12 20 1.71596e-44
0 12 21 2.05437e-44
0 12 22 2.36309e-44
0 12 23 2.61162e-44
0 12 24 2.77311e-44
0 12 25 2.82914e-44
0 12 26 2.77311e-44
0 12 27 2.61162e-44
0 12 28 2.36309e-44
0 12 29 2.05437e-44
0 12 30 1.71596e-44
0 12 31 1.37709e-44
0 12 32 1.06181e-44
0 12 33 7.86605e-45
0 12 34 5.59882e-45
0 12 35 3.82882e-45
0 12 36 2.51571e-45
0 12 37 1.58813e-45
0 12 38 9.63248e-46
0 12 39 5.61331e-46
0 12 40 3.14289e-46
0 12 41 1.6907e-46
0 12 42 8.73839e-47
0 12 43 4.33936e-47
0 12 44 2.07037e-47
0 12 45 9.49069e-48
0 12 46 4.18e-48
0 12 47 1.76882e-48
0 12 48 7.19148e-49
0 12 49 6.26371e-86
0 13 0 3.87588e-86
0 13 1 4.63157e-49
0 13 2 1.18567e-48
0 13 3 2.91629e-48
0 13 4 6.89166e-48
0 13 5 1.56475e-47
0 13 6 3.41346e-47
0 13 7 7.15439e-47
0 13 8 1.44072e-46
0 13 9 2.78749e-46
0 13 10 5.18174e-46
0 13 11 9.25479e-46
0 13 12 1.58813e-45
0 13 13 2.61838e-45
0 13 14 4.14771e-45
0 13 15 6.31265e-45
0 13 16 9.2309e-45
0 13 17 1.29689e-44
0 13 18 1.75062e-44
0 13 19 2.27043e-44
0 13 20 2.82914e-44
0 13 21 3.38709e-44
0 13 22 3.89608e-44
0 13 23 4.30583e-44
0 13 24 4.57209e-44
0 13 25 4.66446e-44
0 13 26 4.57209e-44
0 13 27 4.30583e-44
0 13 28 3.89608e-44
0 13 29 3.38709e-44
0 13 30 2.82914e-44
0 13 31 2.27043e-44
0 13 32 1.75062e-44
0 13 33 1.29689e-44
0 13 34 9.2309e-45
0 13 35 6.31265e-45
0 13 36 4.14771e-45
0 13 37 2.61838e-45
0 13 38 1.58813e-45
0 13 39 9.25479e-46
0 13 40 5.18174e-46
0 13 41 2.78749e-46
0 13 42 1.44072e-46
0 13 43 7.15439e-47
0 13 44 3.41346e-47
0 13 45 1.56475e-47
0 13 46 6.89166e-48
0 13 47 2.91629e-48
0 13 48 1.18567e-48
0 13 49 1.03271e-85
0 14 0 6.13968e-86
0 14 1 7.33675e-49
0 14 2 1.8782e-48
0 14 3 4.61962e-48
0 14 4 1.09169e-47
0 14 5 2.47868e-47
0 14 6 5.40717e-47
0 14 7 1.13331e-46
0 14 8 2.2822e-46
0 14 9 4.41559e-46
0 14 10 8.20826e-46
0 14 11 1.46603e-45
0 14 12 2.51571e-45
0 14 13 4.14771e-45
0 14 14 6.57028e-45
0 14 15 9.99971e-45
0 14 16 1.46224e-44
0 14 17 2.05437e-44
0 14 18 2.77311e-44
0 14 19 3.59654e-44
0 14 20 4.48156e-44
0 14 21 5.3654e-44
0 14 22 6.17168e-44
0 14 23 6.82076e-44
0 14 24 7.24253e-44
0 14 25 7.38884e-44
0 14 26 7.24253e-44
0 14 27 6.82076e-44
0 14 28 6.17168e-44
0 14 29 5.3654e-44
0 14 30 4.48156e-44
0 14 31 3.59654e-44
0 14 32 2.77311e-44
0 14 33 2.05437e-44
0 14 34 1.46224e-44
0 14 35 9.99971e-45
0 14 36 6.57028e-45
0 14 37 4.14771e-45
0 14 38 2.51571e-45
0 14 39 1.46603e-45
0 14 40 8.20826e-46
0 14 41 4.41559e-46
0 14 42 2.2822e-46
0 14 43 1.13331e-46
0 14 44 5.40717e-47
0 14 45 2.47868e-47
0 14 46 1.09169e-47
0 14 47 4.61962e-48
0 14 48 1.8782e-48
0 14 49 1.63589e-85
0 15 0 9.34435e-86
0 15 1 1.11663e-48
0 15 2 2.85854e-48
0 15 3 7.03088e-48
0 15 4 1.66151e-47
0 15 5 3.77246e-47
0 15 6 8.22951e-47
0 15 7 1.72485e-46
0 15 8 3.47343e-46
0 15 9 6.72036e-46
0 15 10 1.24927e-45
0 15 11 2.23124e-45
0 15 12 3.82882e-45
0 15 13 6.31265e-45
0 15 14 9.99971e-45
0 15 15 1.52192e-44
0 15 16 2.22548e-44
0 15 17 3.12668e-44
0 15 18 4.22057e-44
0 15 19 5.47379e-44
0 15 20 6.82076e-44
0 15 21 8.16593e-44
0 15 22 9.39306e-44
0 15 23 1.03809e-43
0 15 24 1.10229e-43
0 15 25 1.12455e-43
0 15 26 1.10229e-43
0 15 27 1.03809e-43
0 15 28 9.39306e-44
0 15 29 8.16593e-44
0 15 30 6.82076e-44
0 15 31 5.47379e-44
0 15 32 4.22057e-44
0 15 33 3.12668e-44
0 15 34 2.22548e-44
0 15 35 1.52192e-44
0 15 36 9.99971e-45
0 15 37 6.31265e-45
0 15 38 3.82882e-45
0 15 39 2.23124e-45
0 15 40 1.24927e-45
0 15 41 6.72036e-46
0 15 42 3.47343e-46
0 15 43 1.72485e-46
0 15 44 8.22951e-47
0 15 45 3.77246e-47
0 15 46 1.66151e-47
0 15 47 7.03088e-48
0 15 48 2.85854e-48
0 15 49 2.48976e-85
0 16 0 1.36641e-85
0 16 1 1.63282e-48
0 16 2 4.18e-48
0 16 3 1.02811e-47
0 16 4 2.4296e-47
0 16 5 5.5164e-47
0 16 6 1.20339e-46
0 16 7 2.52222e-46
0 16 8 5.07914e-46
0 16 9 9.82707e-46
0 16 10 1.82678e-45
0 16 11 3.2627e-45
0 16 12 5.59882e-45
0 16 13 9.2309e-45
0 16 14 1.46224e-44
0 16 15 2.22548e-44
0 16 16 3.25428e-44
0 16 17 4.57209e-44
0 16 18 6.17168e-44
0 16 19 8.00424e-44
0 16 20 9.97389e-44
0 16 21 1.19409e-43
0 16 22 1.37353e-43
0 16 23 1.51799e-43
0 16 24 1.61186e-43
0 16 25 1.64442e-43
0 16 26 1.61186e-43
0 16 27 1.51799e-43
0 16 28 1.37353e-43
0 16 29 1.19409e-43
0 16 30 9.97389e-44
0 16 31 8.00424e-44
0 16 32 6.17168e-44
0 16 33 4.57209e-44
0 16 34 3.25428e-44
0 16 35 2.22548e-44
0 16 36 1.46224e-44
0 16 37 9.2309e-45
0 16 38 5.59882e-45
0 16 39 3.2627e-45
0 16 40 1.82678e-45
0 16 41 9.82707e-46
0 16 42 5.07914e-46
0 16 43 2.52222e-46
0 16 44 1.20339e-46
0 16 45 5.5164e-47
0 16 46 2.4296e-47
0 16 47 1.02811e-47
0 16 48 4.18e-48
0 16 49 3.64074e-85
0 17 0 1.91973e-85
0 17 1 2.29403e-48
0 17 2 5.87268e-48
0 17 3 1.44445e-47
0 17 4 3.41346e-47
0 17 5 7.75026e-47
0 17 6 1.6907e-46
0 17 7 3.54359e-46
0 17 8 7.13592e-46
0 17 9 1.38065e-45
0 17 10 2.56653e-45
0 17 11 4.58393e-45
0 17 12 7.86605e-45
0 17 13 1.29689e-44
0 17 14 2.05437e-44
0 17 15 3.12668e-44
0 17 16 4.57209e-44
0 17 17 6.42355e-44
0 17 18 8.67089e-44
0 17 19 1.12455e-43
0 17 20 1.40128e-43
0 17 21 1.67764e-43
0 17 22 1.92974e-43
0 17 23 2.13269e-43
0 17 24 2.26457e-43
0 17 25 2.31032e-43
0 17 26 2.26457e-43
0 17 27 2.13269e-43
0 17 28 1.92974e-43
0 17 29 1.67764e-43
0 17 30 1.40128e-43
0 17 31 1.12455e-43
0 17 32 8.67089e-44
0 17 33 6.42355e-44
0 17 34 4.57209e-44
0 17 35 3.12668e-44
0 17 36 2.05437e-44
0 17 37 1.29689e-44
0 17 38 7.86605e-45
0 17 39 4.58393e-45
0 17 40 2.56653e-45
0 17 41 1.38065e-45
0 17 42 7.13592e-46
0 17 43 3.54359e-46
0 17 44 1.6907e-46
0 17 45 7.75026e-47
0 17 46 3.41346e-47
0 17 47 1.44445e-47
0 17 48 5.87268e-48
0 17 49 5.11505e-85
0 18 0 2.59137e-85
0 18 1 3.09662e-48
0 18 2 7.92729e-48
0 18 3 1.9498e-47
0 18 4 4.60769e-47
0 18 5 1.04618e-46
0 18 6 2.2822e-46
0 18 7 4.78335e-46
0 18 8 9.63248e-46
0 18 9 1.86369e-45
0 18 10 3.46446e-45
0 18 11 6.18765e-45
0 18 12 1.06181e-44
0 18 13 1.75062e-44
0 18 14 2.77311e-44
0 18 15 4.22057e-44
0 18 16 6.17168e-44
0 18 17 8.67089e-44
0 18 18 1.17045e-43
0 18 19 1.51799e-43
0 18 20 1.89153e-43
0 18 21 2.26457e-43
0 18 22 2.60488e-43
0 18 23 2.87884e-43
0 18 24 3.05685e-43
0 18 25 3.11861e-43
0 18 26 3.05685e-43
0 18 27 2.87884e-43
0 18 28 2.60488e-43
0 18 29 2.26457e-43
0 18 30 1.89153e-43
0 18 31 1.51799e-43
0 18 32 1.17045e-43
0 18 33 8.67089e-44
0 18 34 6.17168e-44
0 18 35 4.22057e-44
0 18 36 2.77311e-44
0 18 37 1.75062e-44
0 18 38 1.06181e-44
0 18 39 6.18765e-45
0 18 40 3.46446e-45
0 18 41 1.86369e-45
0 18 42 9.63248e-46
0 18 43 4.78335e-46
0 18 44 2.2822e-46
0 18 45 1.04618e-46
0 18 46 4.60769e-47
0 18 47 1.9498e-47
0 18 48 7.92729e-48
0 18 49 6.90459e-85
0 19 0 3.36083e-85
0 19 1 4.0161e-48
0 19 2 1.02811e-47
0 19 3 2.52875e-47
0 19 4 5.97585e-47
0 19 5 1.35682e-46
0 19 6 2.95986e-46
0 19 7 6.20367e-46
0 19 8 1.24927e-45
0 19 9 2.41707e-45
0 19 10 4.49316e-45
0 19 11 8.02496e-45
0 19 12 1.37709e-44
0 19 13 2.27043e-44
0 19 14 3.59654e-44
0 19 15 5.47379e-44
0 19 16 8.00424e-44
0 19 17 1.12455e-43
0 19 18 1.51799e-43
0 19 19 1.96872e-43
0 19 20 2.45318e-43
0 19 21 2.93699e-43
0 19 22 3.37835e-43
0 19 23 3.73365e-43
0 19 24 3.96452e-43
0 19 25 4.04461e-43
0 19 26 3.96452e-43
0 19 27 3.73365e-43
0 19 28 3.37835e-43
0 19 29 2.93699e-43
0 19 30 2.45318e-43
0 19 31 1.96872e-43
0 19 32 1.51799e-43
0 19 33 1.12455e-43
0 19 34 8.00424e-44
0 19 35 5.47379e-44
0 19 36 3.59654e-44
0 19 37 2.27043e-44
0 19 38 1.37709e-44
0 19 39 8.02496e-45
0 19 40 4.49316e-45
0 19 41 2.41707e-45
0 19 42 1.24927e-45
0 19 43 6.20367e-46
0 19 44 2.95986e-46
0 19 45 1.35682e-46
0 19 46 5.97585e-47
0 19 47 2.52875e-47
0 19 48 1.02811e-47
0 19 49 8.95477e-85
0 20 0 4.18785e-85
0 20 1 5.00437e-48
0 20 2 1.28111e-47
0 20 3 3.15102e-47
0 20 4 7.44637e-47
0 20 5 1.6907e-46
0 20 6 3.68821e-46
0 20 7 7.73025e-46
0 20 8 1.55668e-45
0 20 9 3.01185e-45
0 20 10 5.59882e-45
0 20 11 9.99971e-45
0 20 12 1.71596e-44
0 20 13 2.82914e-44
0 20 14 4.48156e-44
0 20 15 6.82076e-44
0 20 16 9.97389e-44
0 20 17 1.40128e-43
0 20 18 1.89153e-43
0 20 19 2.45318e-43
0 20 20 3.05685e-43
0 20 21 3.65972e-43
0 20 22 4.20968e-43
0 20 23 4.65241e-43
0 20 24 4.9401e-43
0 20 25 5.0399e-43
0 20 26 4.9401e-43
0 20 27 4.65241e-43
0 20 28 4.20968e-43
0 20 29 3.65972e-43
0 20 30 3.05685e-43
0 20 31 2.45318e-43
0 20 32 1.89153e-43
0 20 33 1.40128e-43
0 20 34 9.97389e-44
0 20 35 6.82076e-44
0 20 36 4.48156e-44
0 20 37 2.82914e-44
0 20 38 1.71596e-44
0 20 39 9.99971e-45
0 20 40 5.59882e-45
0 20 41 3.01185e-45
0 20 42 1.55668e-45
0 20 43 7.73025e-46
0 20 44 3.68821e-46
0 20 45 1.6907e-46
0 20 46 7.44637e-47
0 20 47 3.15102e-47
0 20 48 1.28111e-47
0 20 49 1.11583e-84
0 21 0 5.01376e-85
0 21 1 5.99132e-48
0 21 2 1.53377e-47
0 21 3 3.77246e-47
0 21 4 8.91492e-47
0 21 5 2.02413e-46
0 21 6 4.41559e-46
0 21 7 9.25479e-46
0 21 8 1.86369e-45
0 21 9 3.60585e-45
0 21 10 6.70301e-45
0 21 11 1.19718e-44
0 21 12 2.05437e-44
0 21 13 3.38709e-44
0 21 14 5.3654e-44
0 21 15 8.16593e-44
0 21 16 1.19409e-43
0 21 17 1.67764e-43
0 21 18 2.26457e-43
0 21 19 2.93699e-43
0 21 20 3.65972e-43
0 21 21 4.38148e-43
0 21 22 5.0399e-43
0 21 23 5.56995e-43
0 21 24 5.91438e-43
0 21 25 6.03385e-43
0 21 26 5.91438e-43
0 21 27 5.56995e-43
0 21 28 5.0399e-43
0 21 29 4.38148e-43
0 21 30 3.65972e-43
0 21 31 2.93699e-43
0 21 32 2.26457e-43
0 21 33 1.67764e-43
0 21 34 1.19409e-43
0 21 35 8.16593e-44
0 21 36 5.3654e-44
0 21 37 3.38709e-44
0 21 38 2.05437e-44
0 21 39 1.19718e-44
0 21 40 6.70301e-45
0 21 41 3.60585e-45
0 21 42 1.86369e-45
0 21 43 9.25479e-46
0 21 44 4.41559e-46
0 21 45 2.02413e-46
0 21 46 8.91492e-47
0 21 47 3.77246e-47
0 21 48 1.53377e-47
0 21 49 1.3359e-84
0 22 0 5.7672e-85
0 22 1 6.89166e-48
0 22 2 1.76425e-47
0 22 3 4.33936e-47
0 22 4 1.02546e-46
0 22 5 2.32831e-46
0 22 6 5.07914e-46
0 22 7 1.06455e-45
0 22 8 2.14375e-45
0 22 9 4.14771e-45
0 22 10 7.71029e-45
0 22 11 1.37709e-44
0 22 12 2.36309e-44
0 22 13 3.89608e-44
0 22 14 6.17168e-44
0 22 15 9.39306e-44
0 22 16 1.37353e-43
0 22 17 1.92974e-43
0 22 18 2.60488e-43
0 22 19 3.37835e-43
0 22 20 4.20968e-43
0 22 21 5.0399e-43
0 22 22 5.79726e-43
0 22 23 6.40697e-43
0 22 24 6.80315e-43
0 22 25 6.94058e-43
0 22 26 6.80315e-43
0 22 27 6.40697e-43
0 22 28 5.79726e-43
0 22 29 5.0399e-43
0 22 30 4.20968e-43
0 22 31 3.37835e-43
0 22 32 2.60488e-43
0 22 33 1.92974e-43
0 22 34 1.37353e-43
0 22 35 9.39306e-44
0 22 36 6.17168e-44
0 22 37 3.89608e-44
0 22 38 2.36309e-44
0 22 39 1.37709e-44
0 22 40 7.71029e-45
0 22 41 4.14771e-45
0 22 42 2.14375e-45
0 22 43 1.06455e-45
0 22 44 5.07914e-46
0 22 45 2.32831e-46
0 22 46 1.02546e-46
0 22 47 4.33936e-47
0 22 48 1.76425e-47
0 22 49 1.53665e-84
0 23 0 6.37374e-85
0 23 1 7.61646e-48
0 23 2 1.9498e-47
0 23 3 4.79573e-47
0 23 4 1.13331e-46
0 23 5 2.57318e-46
0 23 6 5.61331e-46
0 23 7 1.17651e-45
0 23 8 2.36921e-45
0 23 9 4.58393e-45
0 23 10 8.52119e-45
0 23 11 1.52192e-44
0 23 12 2.61162e-44
0 23 13 4.30583e-44
0 23 14 6.82076e-44
0 23 15 1.03809e-43
0 23 16 1.51799e-43
0 23 17 2.13269e-43
0 23 18 2.87884e-43
0 23 19 3.73365e-43
0 23 20 4.65241e-43
0 23 21 5.56995e-43
0 23 22 6.40697e-43
0 23 23 7.08079e-43
0 23 24 7.51865e-43
0 23 25 7.67053e-43
0 23 26 7.51865e-43
0 23 27 7.08079e-43
0 23 28 6.40697e-43
0 23 29 5.56995e-43
0 23 30 4.65241e-43
0 23 31 3.73365e-43
0 23 32 2.87884e-43
0 23 33 2.13269e-43
0 23 34 1.51799e-43
0 23 35 1.03809e-43
0 23 36 6.82076e-44
0 23 37 4.30583e-44
0 23 38 2.61162e-44
0 23 39 1.52192e-44
0 23 40 8.52119e-45
0 23 41 4.58393e-45
0 23 42 2.36921e-45
0 23 43 1.17651e-45
0 23 44 5.61331e-46
0 23 45 2.57318e-46
0 23 46 1.13331e-46
0 23 47 4.79573e-47
0 23 48 1.9498e-47
0 23 49 1.69826e-84
0 24 0 6.76787e-85
0 24 1 8.08743e-48
0 24 2 2.07037e-47
0 24 3 5.09228e-47
0 24 4 1.20339e-46
0 24 5 2.73229e-46
0 24 6 5.96042e-46
0 24 7 1.24927e-45
0 24 8 2.51571e-45
0 24 9 4.86738e-45
0 24 10 9.04811e-45
0 24 11 1.61603e-44
0 24 12 2.77311e-44
0 24 13 4.57209e-44
0 24 14 7.24253e-44
0 24 15 1.10229e-43
0 24 16 1.61186e-43
0 24 17 2.26457e-43
0 24 18 3.05685e-43
0 24 19 3.96452e-43
0 24 20 4.9401e-43
0 24 21 5.91438e-43
0 24 22 6.80315e-43
0 24 23 7.51865e-43
0 24 24 7.98357e-43
0 24 25 8.14485e-43
0 24 26 7.98357e-43
0 24 27 7.51865e-43
0 24 28 6.80315e-43
0 24 29 5.91438e-43
0 24 30 4.9401e-43
0 24 31 3.96452e-43
0 24 32 3.05685e-43
0 24 33 2.26457e-43
0 24 34 1.61186e-43
0 24 35 1.10229e-43
0 24 36 7.24253e-44
0 24 37 4.57209e-44
0 24 38 2.77311e-44
0 24 39 1.61603e-44
0 24 40 9.04811e-45
0 24 41 4.86738e-45
0 24 42 2.51571e-45
0 24 43 1.24927e-45
0 24 44 5.96042e-46
0 24 45 2.73229e-46
0 24 46 1.20339e-46
0 24 47 5.09228e-47
0 24 48 2.07037e-47
0 24 49 1.80327e-84
0 25 0 6.90459e-85
0 25 1 8.25081e-48
0 25 2 2.11219e-47
0 25 3 5.19515e-47
0 25 4 1.2277e-46
0 25 5 2.78749e-46
0 25 6 6.08083e-46
0 25 7 1.2745e-45
0 25 8 2.56653e-45
0 25 9 4.96571e-45
0 25 10 9.2309e-45
0 25 11 1.64867e-44
0 25 12 2.82914e-44
0 25 13 4.66446e-44
0 25 14 7.38884e-44
0 25 15 1.12455e-43
0 25 16 1.64442e-43
0 25 17 2.31032e-43
0 25 18 3.11861e-43
0 25 19 4.04461e-43
0 25 20 5.0399e-43
0 25 21 6.03385e-43
0 25 22 6.94058e-43
0 25 23 7.67053e-43
0 25 24 8.14485e-43
0 25 25 8.30939e-43
0 25 26 8.14485e-43
0 25 27 7.67053e-43
0 25 28 6.94058e-43
0 25 29 6.03385e-43
0 25 30 5.0399e-43
0 25 31 4.04461e-43
0 25 32 3.11861e-43
0 25 33 2.31032e-43
0 25 34 1.64442e-43
0 25 35 1.12455e-43
0 25 36 7.38884e-44
0 25 37 4.66446e-44
0 25 38 2.82914e-44
0 25 39 1.64867e-44
0 25 40 9.2309e-45
0 25 41 4.96571e-45
0 25 42 2.56653e-45
0 25 43 1.2745e-45
0 25 44 6.08083e-46
0 25 45 2.78749e-46
0 25 46 1.2277e-46
0 25 47 5.19515e-47
0 25 48 2.11219e-47
0 25 49 1.8397e-84
0 26 0 6.76787e-85
0 26 1 8.08743e-48
0 26 2 2.07037e-47
0 26 3 5.09228e-47
0 26 4 1.20339e-46
0 26 5 2.73229e-46
0 26 6 5.96042e-46
0 26 7 1.24927e-45
0 26 8 2.51571e-45
0 26 9 4.86738e-45
0 26 10 9.04811e-45
0 26 11 1.61603e-44
0 26 12 2.77311e-44
0 26 13 4.57209e-44
0 26 14 7.24253e-44
0 26 15 1.10229e-43
0 26 16 1.61186e-43
0 26 17 2.26457e-43
0 26 18 3.05685e-43
0 26 19 3.96452e-43
0 26 20 4.9401e-43
0 26 21 5.91438e-43
0 26 22 6.80315e-43
0 26 23 7.51865e-43
0 26 24 7.98357e-43
0 26 25 8.14485e-43
0 26 26 7.98357e-43
0 26 27 7.51865e-43
0 26 28 6.80315e-43
0 26 29 5.91438e-43
0 26 30 4.9401e-43
0 26 31 3.96452e-43
0 26 32 3.05685e-43
0 26 33 2.26457e-43
0 26 34 1.61186e-43
0 26 35 1.10229e-43
0 26 36 7.24253e-44
0 26 37 4.57209e-44
0 26 38 2.77311e-44
0 26 39 1.61603e-44
0 26 40 9.04811e-45
0 26 41 4.86738e-45
0 26 42 2.51571e-45
0 26 43 1.24927e-45
0 26 44 5.96042e-46
0 26 45 2.73229e-46
0 26 46 1.20339e-46
0 26 47 5.09228e-47
0 26 48 2.07037e-47
0 26 49 1.80327e-84
0 27 0 6.37374e-85
0 27 1 7.61646e-48
0 27 2 1.9498e-47
0 27 3 4.79573e-47
0 27 4 1.13331e-46
0 27 5 2.57318e-46
0 27 6 5.61331e-46
0 27 7 1.17651e-45
0 27 8 2.36921e-45
0 27 9 4.58393e-45
0 27 10 8.52119e-45
0 27 11 1.52192e-44
0 27 12 2.61162e-44
0 27 13 4.30583e-44
0 27 14 6.82076e-44
0 27 15 1.03809e-43
0 27 16 1.51799e-43
0 27 17 2.13269e-43
0 27 18 2.87884e-43
0 27 19 3.73365e-43
0 27 20 4.65241e-43
0 27 21 5.56995e-43
0 27 22 6.40697e-43
0 27 23 7.08079e-43
0 27 24 7.51865e-43
0 27 25 7.67053e-43
0 27 26 7.51865e-43
0 27 27 7.08079e-43
0 27 28 6.40697e-43
0 27 29 5.56995e-43
0 27 30 4.65241e-43
0 27 31 3.73365e-43
0 27 32 2.87884e-43
0 27 33 2.13269e-43
0 27 34 1.51799e-43
0 27 35 1.03809e-43
0 27 36 6.82076e-44
0 27 37 4.30583e-44
0 27 38 2.61162e-44
0 27 39 1.52192e-44
0 27 40 8.52119e-45
0 27 41 4.58393e-45
0 27 42 2.36921e-45
0 27 43 1.17651e-45
0 27 44 5.61331e-46
0 27 45 2.57318e-46
0 27 46 1.13331e-46
0 27 47 4.79573e-47
0 27 48 1.9498e-47
0 27 49 1.69826e-84
0 28 0 5.7672e-85
0 28 1 6.89166e-48
0 28 2 1.76425e-47
0 28 3 4.33936e-47
0 28 4 1.02546e-46
0 28 5 2.32831e-46
0 28 6 5.07914e-46
0 28 7 1.06455e-45
0 28 8 2.14375e-45
0 28 9 4.14771e-45
0 28 10 7.71029e-45
0 28 11 1.37709e-44
0 28 12 2.36309e-44
0 28 13 3.89608e-44
0 28 14 6.17168e-44
0 28 15 9.39306e-44
0 28 16 1.37353e-43
0 28 17 1.92974e-43
0 28 18 2.60488e-43
0 28 19 3.37835e-43
0 28 20 4.20968e-43
0 28 21 5.0399e-43
0 28 22 5.79726e-43
0 28 23 6.40697e-43
0 28 24 6.80315e-43
0 28 25 6.94058e-43
0 28 26 6.80315e-43
0 28 27 6.40697e-43
0 28 28 5.79726e-43
0 28 29 5.0399e-43
0 28 30 4.20968e-43
0 28 31 3.37835e-43
0 28 32 2.60488e-43
0 28 33 1.92974e-43
0 28 34 1.37353e-43
0 28 35 9.39306e-44
0 28 36 6.17168e-44
0 28 37 3.89608e-44
0 28 38 2.36309e-44
0 28 39 1.37709e-44
0 28 40 7.71029e-45
0 28 41 4.14771e-45
0 28 42 2.14375e-45
0 28 43 1.06455e-45
0 28 44 5.07914e-46
0 28 45 2.32831e-46
0 28 46 1.02546e-46
0 28 47 4.33936e-47
0 28 48 1.76425e-47
0 28 49 1.53665e-84
0 29 0 5.01376e-85
0 29 1 5.99132e-48
0 29 2 1.53377e-47
0 29 3 3.77246e-47
0 29 4 8.91492e-47
0 29 5 2.02413e-46
0 29 6 4.41559e-46
0 29 7 9.25479e-46
0 29 8 1.86369e-45
0 29 9 3.60585e-45
0 29 10 6.70301e-45
0 29 11 1.19718e-44
0 29 12 2.05437e-44
0 29 13 3.38709e-44
0 29 14 5.3654e-44
0 29 15 8.16593e-44
0 29 16 1.19409e-43
0 29 17 1.67764e-43
0 29 18 2.26457e-43
0 29 19 2.93699e-43
0 29 20 3.65972e-43
0 29 21 4.38148e-43
0 29 22 5.0399e-43
0 29 23 5.56995e-43
0 29 24 5.91438e-43
0 29 25 6.03385e-43
0 29 26 5.91438e-43
0 29 27 5.56995e-43
0 29 28 5.0399e-43
0 29 29 4.38148e-43
0 29 30 3.65972e-43
0 29 31 2.93699e-43
0 29 32 2.26457e-43
0 29 33 1.67764e-43
0 29 34 1.19409e-43
0 29 35 8.16593e-44
0 29 36 5.3654e-44
0 29 37 3.38709e-44
0 29 38 2.05437e-44
0 29 39 1.19718e-44
0 29 40 6.70301e-45
0 29 41 3.60585e-45
0 29 42 1.86369e-45
0 29 43 9.25479e-46
0 29 44 4.41559e-46
0 29 45 2.02413e-46
0 29 46 8.91492e-47
0 29 47 3.77246e-47
0 29 48 1.53377e-47
0 29 49 1.3359e-84
0 30 0 4.18785e-85
0 30 1 5.00437e-48
0 30 2 1.28111e-47
0 30 3 3.15102e-47
0 30 4 7.44637e-47
0 30 5 1.6907e-46
0 30 6 3.68821e-46
0 30 7 7.73025e-46
0 30 8 1.55668e-45
0 30 9 3.01185e-45
0 30 10 5.59882e-45
0 30 11 9.99971e-45
0 30 12 1.71596e-44
0 30 13 2.82914e-44
0 30 14 4.48156e-44
0 30 15 6.82076e-44
0 30 16 9.97389e-44
0 30 17 1.40128e-43
0 30 18 1.89153e-43
0 30 19 2.45318e-43
0 30 20 3.05685e-43
0 30 21 3.65972e-43
0 30 22 4.20968e-43
0 30 23 4.65241e-43
0 30 24 4.9401e-43
0 30 25 5.0399e-43
0 30 26 4.9401e-43
0 30 27 4.65241e-43
0 30 28 4.20968e-43
0 30 29 3.65972e-43
0 30 30 3.05685e-43
0 30 31 2.45318e-43
0 30 32 1.89153e-43
0 30 33 1.40128e-43
0 30 34 9.97389e-44
0 30 35 6.82076e-44
0 30 36 4.48156e-44
0 30 37 2.82914e-44
0 30 38 1.71596e-44
0 30 39 9.99971e-45
0 30 40 5.59882e-45
0 30 41 3.01185e-45
0 30 42 1.55668e-45
0 30 43 7.73025e-46
0 30 44 3.68821e-46
0 30 45 1.6907e-46
0 30 46 7.44637e-47
0 30 47 3.15102e-47
0 30 48 1.28111e-47
0 30 49 1.11583e-84
0 31 0 3.36083e-85
0 31 1 4.0161e-48
0 31 2 1.02811e-47
0 31 3 2.52875e-47
0 31 4 5.97585e-47
0 31 5 1.35682e-46
0 31 6 2.95986e-46
0 31 7 6.20367e-46
0 31 8 1.24927e-45
0 31 9 2.41707e-45
0 31 10 4.49316e-45
0 31 11 8.02496e-45
0 31 12 1.37709e-44
0 31 13 2.27043e-44
0 31 14 3.59654e-44
0 31 15 5.47379e-44
0 31 16 8.00424e-44
0 31 17 1.12455e-43
0 31 18 1.51799e-43
0 31 19 1.96872e-43
0 31 20 2.45318e-43
0 31 21 2.93699e-43
0 31 22 3.37835e-43
0 31 23 3.73365e-43
0 31 24 3.96452e-43
0 31 25 4.04461e-43
0 31 26 3.96452e-43
0 31 27 3.73365e-43
0 31 28 3.37835e-43
0 31 29 2.93699e-43
0 31 30 2.45318e-43
0 31 31 1.96872e-43
0 31 32 1.51799e-43
0 31 33 1.12455e-43
0 31 34 8.00424e-44
0 31 35 5.47379e-44
0 31 36 3.59654e-44
0 31 37 2.27043e-44
0 31 38 1.37709e-44
0 31 39 8.02496e-45
0 31 40 4.49316e-45
0 31 41 2.41707e-45
0 31 42 1.24927e-45
0 31 43 6.20367e-46
0 31 44 2.95986e-46
0 31 45 1.35682e-46
0 31 46 5.97585e-47
0 31 47 2.52875e-47
0 31 48 1.02811e-47
0 31 49 8.95477e-85
0 32 0 2.59137e-85
0 32 1 3.09662e-48
0 32 2 7.92729e-48
0 32 3 1.9498e-47
0 32 4 4.60769e-47
0 32 5 1.04618e-46
0 32 6 2.2822e-46
0 32 7 4.78335e-46
0 32 8 9.63248e-46
0 32 9 1.86369e-45
0 32 10 3.46446e-45
0 32 11 6.18765e-45
0 32 12 1.06181e-44
0 32 13 1.75062e-44
0 32 14 2.77311e-44
0 32 15 4.22057e-44
0 32 16 6.17168e-44
0 32 17 8.67089e-44
0 32 18 1.17045e-43
0 32 19 1.51799e-43
0 32 20 1.89153e-43
0 32 21 2.26457e-43
0 32 22 2.60488e-43
0 32 23 2.87884e-43
0 32 24 3.05685e-43
0 32 25 3.11861e-43
0 32 26 3.05685e-43
0 32 27 2.87884e-43
0 32 28 2.60488e-43
0 32 29 2.26457e-43
0 32 30 1.89153e-43
0 32 31 1.51799e-43
0 32 32 1.17045e-43
0 32 33 8.67089e-44
0 32 34 6.17168e-44
0 32 35 4.22057e-44
0 32 36 2.77311e-44
0 32 37 1.75062e-44
0 32 38 1.06181e-44
0 32 39 6.18765e-45
0 32 40 3.46446e-45
0 32 41 1.86369e-45
0 32 42 9.63248e-46
0 32 43 4.78335e-46
0 32 44 2.2822e-46
0 32 45 1.04618e-46
0 32 46 4.60769e-47
0 32 47 1.9498e-47
0 32 48 7.92729e-48
0 32 49 6.90459e-85
0 33 0 1.91973e-85
0 33 1 2.29403e-48
0 33 2 5.87268e-48
0 33 3 1.44445e-47
0 33 4 3.41346e-47
0 33 5 7.75026e-47
0 33 6 1.6907e-46
0 33 7 3.54359e-46
0 33 8 7.13592e-46
0 33 9 1.38065e-45
0 33 10 2.56653e-45
0 33 11 4.58393e-45
0 33 12 7.86605e-45
0 33 13 1.29689e-44
0 33 14 2.05437e-44
0 33 15 3.12668e-44
0 33 16 4.57209e-44
0 33 17 6.42355e-44
0 33 18 8.67089e-44
0 33 19 1.12455e-43
0 33 20 1.40128e-43
0 33 21 1.67764e-43
0 33 22 1.92974e-43
0 33 23 2.13269e-43
0 33 24 2.26457e-43
0 33 25 2.31032e-43
0 33 26 2.26457e-43
0 33 27 2.13269e-43
0 33 28 1.92974e-43
0 33 29 1.67764e-43
0 33 30 1.40128e-43
0 33 31 1.12455e-43
0 33 32 8.67089e-44
0 33 33 6.42355e-44
0 33 34 4.57209e-44
0 33 35 3.12668e-44
0 33 36 2.05437e-44
0 33 37 1.29689e-44
0 33 38 7.86605e-45
0 33 39 4.58393e-45
0 33 40 2.56653e-45
0 33 41 1.38065e-45
0 33 42 7.13592e-46
0 33 43 3.54359e-46
0 33 44 1.6907e-46
0 33 45 7.75026e-47
0 33 46 3.41346e-47
0 33 47 1.44445e-47
0 33 48 5.87268e-48
0 33 49 5.11505e-85
0 34 0 1.36641e-85
0 34 1 1.63282e-48
0 34 2 4.18e-48
0 34 3 1.02811e-47
0 34 4 2.4296e-47
0 34 5 5.5164e-47
0 34 6 1.20339e-46
0 34 7 2.52222e-46
0 34 8 5.07914e-46
0 34 9 9.82707e-46
0 34 10 1.82678e-45
0 34 11 3.2627e-45
0 34 12 5.59882e-45
0 34 13 9.2309e-45
0 34 14 1.46224e-44
0 34 15 2.22548e-44
0 34 16 3.25428e-44
0 34 17 4.57209e-44
0 34 18 6.17168e-44
0 34 19 8.00424e-44
0 34 20 9.97389e-44
0 34 21 1.19409e-43
0 34 22 1.37353e-43
0 34 23 1.51799e-43
0 34 24 1.61186e-43
0 34 25 1.64442e-43
0 34 26 1.61186e-43
0 34 27 1.51799e-43
0 34 28 1.37353e-43
0 34 29 1.19409e-43
0 34 30 9.97389e-44
0 34 31 8.00424e-44
0 34 32 6.17168e-44
0 34 33 4.57209e-44
0 34 34 3.25428e-44
0 34 35 2.22548e-44
0 34 36 1.46224e-44
0 34 37 9.2309e-45
0 34 38 5.59882e-45
0 34 39 3.2627e-45
0 34 40 1.82678e-45
0 34 41 9.82707e-46
0 34 42 5.07914e-46
0 34 43 2.52222e-46
0 34 44 1.20339e-46
0 34 45 5.5164e-47
0 34 46 2.4296e-47
0 34 47 1.02811e-47
0 34 48 4.18e-48
0 34 49 3.64074e-85
0 35 0 9.34435e-86
0 35 1 1.11663e-48
0 35 2 2.85854e-48
0 35 3 7.03088e-48
0 35 4 1.66151e-47
0 35 5 3.77246e-47
0 35 6 8.22951e-47
0 35 7 1.72485e-46
0 35 8 3.47343e-46
0 35 9 6.72036e-46
0 35 10 1.24927e-45
0 35 11 2.23124e-45
0 35 12 3.82882e-45
0 35 13 6.31265e-45
0 35 14 9.99971e-45
0 35 15 1.52192e-44
0 35 16 2.22548e-44
0 35 17 3.12668e-44
0 35 18 4.22057e-44
0 35 19 5.47379e-44
0 35 20 6.82076e-44
0 35 21 8.16593e-44
0 35 22 9.39306e-44
0 35 23 1.03809e-43
0 35 24 1.10229e-43
0 35 25 1.12455e-43
0 35 26 1.10229e-43
0 35 27 1.03809e-43
0 35 28 9.39306e-44
0 35 29 8.16593e-44
0 35 30 6.82076e-44
0 35 31 5.47379e-44
0 35 32 4.22057e-44
0 35 33 3.12668e-44
0 35 34 2.22548e-44
0 35 35 1.52192e-44
0 35 36 9.99971e-45
0 35 37 6.31265e-45
0 35 38 3.82882e-45
0 35 39 2.23124e-45
0 35 40 1.24927e-45
0 35 41 6.72036e-46
0 35 42 3.47343e-46
0 35 43 1.72485e-46
0 35 44 8.22951e-47
0 35 45 3.77246e-47
0 35 46 1.66151e-47
0 35 47 7.03088e-48
0 35 48 2.85854e-48
0 35 49 2.48976e-85
0 36 0 6.13968e-86
0 36 1 7.33675e-49
0 36 2 1.8782e-48
0 36 3 4.61962e-48
0 36 4 1.09169e-47
0 36 5 2.47868e-47
0 36 6 5.40717e-47
0 36 7 1.13331e-46
0 36 8 2.2822e-46
0 36 9 4.41559e-46
0 36 10 8.20826e-46
0 36 11 1.46603e-45
0 36 12 2.51571e-45
0 36 13 4.14771e-45
0 36 14 6.57028e-45
0 36 15 9.99971e-45
0 36 16 1.46224e-44
0 36 17 2.05437e-44
0 36 18 2.77311e-44
0 36 19 3.59654e-44
0 36 20 4.48156e-44
0 36 21 5.3654e-44
0 36 22 6.17168e-44
0 36 23 6.82076e-44
0 36 24 7.24253e-44
0 36 25 7.38884e-44
0 36 26 7.24253e-44
0 36 27 6.82076e-44
0 36 28 6.17168e-44
0 36 29 5.3654e-44
0 36 30 4.48156e-44
0 36 31 3.59654e-44
0 36 32 2.77311e-44
0 36 33 2.05437e-44
0 36 34 1.46224e-44
0 36 35 9.99971e-45
0 36 36 6.57028e-45
0 36 37 4.14771e-45
0 36 38 2.51571e-45
0 36 39 1.46603e-45
0 36 40 8.20826e-46
0 36 41 4.41559e-46
0 36 42 2.2822e-46
0 36 43 1.13331e-46
0 36 44 5.40717e-47
0 36 45 2.47868e-47
0 36 46 1.09169e-47
0 36 47 4.61962e-48
0 36 48 1.8782e-48
0 36 49 1.63589e-85
0 37 0 3.87588e-86
0 37 1 4.63157e-49
0 37 2 1.18567e-48
0 37 3 2.91629e-48
0 37 4 6.89166e-48
0 37 5 1.56475e-47
0 37 6 3.41346e-47
0 37 7 7.15439e-47
0 37 8 1.44072e-46
0 37 9 2.78749e-46
0 37 10 5.18174e-46
0 37 11 9.25479e-46
0 37 12 1.58813e-45
0 37 13 2.61838e-45
0 37 14 4.14771e-45
0 37 15 6.31265e-45
0 37 16 9.2309e-45
0 37 17 1.29689e-44
0 37 18 1.75062e-44
0 37 19 2.27043e-44
0 37 20 2.82914e-44
0 37 21 3.38709e-44
0 37 22 3.89608e-44
0 37 23 4.30583e-44
0 37 24 4.57209e-44
0 37 25 4.66446e-44
0 37 26 4.57209e-44
0 37 27 4.30583e-44
0 37 28 3.89608e-44
0 37 29 3.38709e-44
0 37 30 2.82914e-44
0 37 31 2.27043e-44
0 37 32 1.75062e-44
0 37 33 1.29689e-44
0 37 34 9.2309e-45
0 37 35 6.31265e-45
0 37 36 4.14771e-45
0 37 37 2.61838e-45
0 37 38 1.58813e-45
0 37 39 9.25479e-46
0 37 40 5.18174e-46
0 37 41 2.78749e-46
0 37 42 1.44072e-46
0 37 43 7.15439e-47
0 37 44 3.41346e-47
0 37 45 1.56475e-47
0 37 46 6.89166e-48
0 37 47 2.91629e-48
0 37 48 1.18567e-48
0 37 49 1.03271e-85
0 38 0 2.35084e-86
0 38 1 2.80919e-49
0 38 2 7.19148e-49
0 38 3 1.76882e-48
0 38 4 4.18e-48
0 38 5 9.49069e-48
0 38 6 2.07037e-47
0 38 7 4.33936e-47
0 38 8 8.73839e-47
0 38 9 1.6907e-46
0 38 10 3.14289e-46
0 38 11 5.61331e-46
0 38 12 9.63248e-46
0 38 13 1.58813e-45
0 38 14 2.51571e-45
0 38 15 3.82882e-45
0 38 16 5.59882e-45
0 38 17 7.86605e-45
0 38 18 1.06181e-44
0 38 19 1.37709e-44
0 38 20 1.71596e-44
0 38 21 2.05437e-44
0 38 22 2.36309e-44
0 38 23 2.61162e-44
0 38 24 2.77311e-44
0 38 25 2.82914e-44
0 38 26 2.77311e-44
0 38 27 2.61162e-44
0 38 28 2.36309e-44
0 38 29 2.05437e-44
0 38 30 1.71596e-44
0 38 31 1.37709e-44
0 38 32 1.06181e-44
0 38 33 7.86605e-45
0 38 34 5.59882e-45
0 38 35 3.82882e-45
0 38 36 2.51571e-45
0 38 37 1.58813e-45
0 38 38 9.63248e-46
0 38 39 5.61331e-46
0 38 40 3.14289e-46
0 38 41 1.6907e-46
0 38 42 8.73839e-47
0 38 43 4.33936e-47
0 38 44 2.07037e-47
0 38 45 9.49069e-48
0 38 46 4.18e-48
0 38 47 1.76882e-48
0 38 48 7.19148e-49
0 38 49 6.26371e-86
0 39 0 1.36995e-86
0 39 1 1.63705e-49
0 39 2 4.19082e-49
0 39 3 1.03078e-48
0 39 4 2.43589e-48
0 39 5 5.53068e-48
0 39 6 1.2065e-47
0 39 7 2.52875e-47
0 39 8 5.09228e-47
0 39 9 9.85251e-47
0 39 10 1.83151e-46
0 39 11 3.27115e-46
0 39 12 5.61331e-46
0 39 13 9.25479e-46
0 39 14 1.46603e-45
0 39 15 2.23124e-45
0 39 16 3.2627e-45
0 39 17 4.58393e-45
0 39 18 6.18765e-45
0 39 19 8.02496e-45
0 39 20 9.99971e-45
0 39 21 1.19718e-44
0 39 22 1.37709e-44
0 39 23 1.52192e-44
0 39 24 1.61603e-44
0 39 25 1.64867e-44
0 39 26 1.61603e-44
0 39 27 1.52192e-44
0 39 28 1.37709e-44
0 39 29 1.19718e-44
0 39 30 9.99971e-45
0 39 31 8.02496e-45
0 39 32 6.18765e-45
0 39 33 4.58393e-45
0 39 34 3.2627e-45
0 39 35 2.23124e-45
0 39 36 1.46603e-45
0 39 37 9.25479e-46
0 39 38 5.61331e-46
0 39 39 3.27115e-46
0 39 40 1.83151e-46
0 39 41 9.85251e-47
0 39 42 5.09228e-47
0 39 43 2.52875e-47
0 39 44 1.2065e-47
0 39 45 5.53068e-48
0 39 46 2.43589e-48
0 39 47 1.03078e-48
0 39 48 4.19082e-49
0 39 49 3.65016e-86
0 40 0 7.67031e-87
0 40 1 9.16582e-50
0 40 2 2.34643e-49
0 40 3 5.7713e-49
0 40 4 1.36385e-48
0 40 5 3.09662e-48
0 40 6 6.75519e-48
0 40 7 1.41584e-47
0 40 8 2.85116e-47
0 40 9 5.5164e-47
0 40 10 1.02546e-46
0 40 11 1.83151e-46
0 40 12 3.14289e-46
0 40 13 5.18174e-46
0 40 14 8.20826e-46
0 40 15 1.24927e-45
0 40 16 1.82678e-45
0 40 17 2.56653e-45
0 40 18 3.46446e-45
0 40 19 4.49316e-45
0 40 20 5.59882e-45
0 40 21 6.70301e-45
0 40 22 7.71029e-45
0 40 23 8.52119e-45
0 40 24 9.04811e-45
0 40 25 9.2309e-45
0 40 26 9.04811e-45
0 40 27 8.52119e-45
0 40 28 7.71029e-45
0 40 29 6.70301e-45
0 40 30 5.59882e-45
0 40 31 4.49316e-45
0 40 32 3.46446e-45
0 40 33 2.56653e-45
0 40 34 1.82678e-45
0 40 35 1.24927e-45
0 40 36 8.20826e-46
0 40 37 5.18174e-46
0 40 38 3.14289e-46
0 40 39 1.83151e-46
0 40 40 1.02546e-46
0 40 41 5.5164e-47
0 40 42 2.85116e-47
0 40 43 1.41584e-47
0 40 44 6.75519e-48
0 40 45 3.09662e-48
0 40 46 1.36385e-48
0 40 47 5.7713e-49
0 40 48 2.34643e-49
0 40 49 2.04372e-86
0 41 0 4.1262e-87
0 41 1 4.9307e-50
0 41 2 1.26225e-49
0 41 3 3.10464e-49
0 41 4 7.33675e-49
0 41 5 1.66581e-48
