0 0 0 1.32492e-44
0 0 1 5.55974e-35
0 0 2 1.42328e-34
0 0 3 3.50071e-34
0 0 4 8.27274e-34
0 0 5 1.87833e-33
0 0 6 4.09752e-33
0 0 7 8.58813e-33
0 0 8 1.72944e-32
0 0 9 3.3461e-32
0 0 10 6.22016e-32
0 0 11 1.11094e-31
0 0 12 1.90639e-31
0 0 13 3.1431e-31
0 0 14 4.97891e-31
0 0 15 7.57771e-31
0 0 16 1.10808e-30
0 0 17 1.55679e-30
0 0 18 2.10145e-30
0 0 19 2.72543e-30
0 0 20 3.39609e-30
0 0 21 4.06586e-30
0 0 22 4.67685e-30
0 0 23 5.16872e-30
0 0 24 5.48834e-30
0 0 25 5.59921e-30
0 0 26 5.48834e-30
0 0 27 5.16872e-30
0 0 28 4.67685e-30
0 0 29 4.06586e-30
0 0 30 3.39609e-30
0 0 31 2.72543e-30
0 0 32 2.10145e-30
0 0 33 1.55679e-30
0 0 34 1.10808e-30
0 0 35 7.57771e-31
0 0 36 4.97891e-31
0 0 37 3.1431e-31
0 0 38 1.90639e-31
0 0 39 1.11094e-31
0 0 40 6.22016e-32
0 0 41 3.3461e-32
0 0 42 1.72944e-32
0 0 43 8.58813e-33
0 0 44 4.09752e-33
0 0 45 1.87833e-33
0 0 46 8.27274e-34
0 0 47 3.50071e-34
0 0 48 1.42328e-34
0 0 49 3.5302e-44
0 1 0 5.55974e-35
0 1 1 2.33302e-25
0 1 2 5.97249e-25
0 1 3 1.469e-24
0 1 4 3.47147e-24
0 1 5 7.88198e-24
0 1 6 1.71943e-23
0 1 7 3.60382e-23
0 1 8 7.2572e-23
0 1 9 1.40412e-22
0 1 10 2.61015e-22
0 1 11 4.66183e-22
0 1 12 7.99973e-22
0 1 13 1.31893e-21
0 1 14 2.08929e-21
0 1 15 3.17982e-21
0 1 16 4.6498e-21
0 1 17 6.53272e-21
0 1 18 8.81825e-21
0 1 19 1.14367e-20
0 1 20 1.42509e-20
0 1 21 1.70615e-20
0 1 22 1.96254e-20
0 1 23 2.16894e-20
0 1 24 2.30306e-20
0 1 25 2.34958e-20
0 1 26 2.30306e-20
0 1 27 2.16894e-20
0 1 28 1.96254e-20
0 1 29 1.70615e-20
0 1 30 1.42509e-20
0 1 31 1.14367e-20
0 1 32 8.81825e-21
0 1 33 6.53272e-21
0 1 34 4.6498e-21
0 1 35 3.17982e-21
0 1 36 2.08929e-21
0 1 37 1.31893e-21
0 1 38 7.99973e-22
0 1 39 4.66183e-22
0 1 40 2.61015e-22
0 1 41 1.40412e-22
0 1 42 7.2572e-23
0 1 43 3.60382e-23
0 1 44 1.71943e-23
0 1 45 7.88198e-24
0 1 46 3.47147e-24
0 1 47 1.469e-24
0 1 48 5.97249e-25
0 1 49 1.48137e-34
0 2 0 1.42328e-34
0 2 1 5.97249e-25
0 2 2 1.52895e-24
0 2 3 3.7606e-24
0 2 4 8.8869e-24
0 2 5 2.01777e-23
0 2 6 4.40171e-23
0 2 7 9.2257e-23
0 2 8 1.85783e-22
0 2 9 3.59451e-22
0 2 10 6.68194e-22
0 2 11 1.19342e-21
0 2 12 2.04792e-21
0 2 13 3.37644e-21
0 2 14 5.34854e-21
0 2 15 8.14027e-21
0 2 16 1.19034e-20
0 2 17 1.67236e-20
0 2 18 2.25746e-20
0 2 19 2.92776e-20
0 2 20 3.64822e-20
0 2 21 4.36771e-20
0 2 22 5.02406e-20
0 2 23 5.55244e-20
0 2 24 5.89579e-20
0 2 25 6.01489e-20
0 2 26 5.89579e-20
0 2 27 5.55244e-20
0 2 28 5.02406e-20
0 2 29 4.36771e-20
0 2 30 3.64822e-20
0 2 31 2.92776e-20
0 2 32 2.25746e-20
0 2 33 1.67236e-20
0 2 34 1.19034e-20
0 2 35 8.14027e-21
0 2 36 5.34854e-21
0 2 37 3.37644e-21
0 2 38 2.04792e-21
0 2 39 1.19342e-21
0 2 40 6.68194e-22
0 2 41 3.59451e-22
0 2 42 1.85783e-22
0 2 43 9.2257e-23
0 2 44 4.40171e-23
0 2 45 2.01777e-23
0 2 46 8.8869e-24
0 2 47 3.7606e-24
0 2 48 1.52895e-24
0 2 49 3.79227e-34
0 3 0 3.50071e-34
0 3 1 1.469e-24
0 3 2 3.7606e-24
0 3 3 9.24958e-24
0 3 4 2.18583e-23
0 3 5 4.96292e-23
0 3 6 1.08265e-22
0 3 7 2.26916e-22
0 3 8 4.56952e-22
0 3 9 8.84107e-22
0 3 10 1.64349e-21
0 3 11 2.93534e-21
0 3 12 5.03706e-21
0 3 13 8.30471e-21
0 3 14 1.31553e-20
0 3 15 2.00218e-20
0 3 16 2.92776e-20
0 3 17 4.11335e-20
0 3 18 5.55244e-20
0 3 19 7.20113e-20
0 3 20 8.97316e-20
0 3 21 1.07428e-19
0 3 22 1.23572e-19
0 3 23 1.36568e-19
0 3 24 1.45013e-19
0 3 25 1.47942e-19
0 3 26 1.45013e-19
0 3 27 1.36568e-19
0 3 28 1.23572e-19
0 3 29 1.07428e-19
0 3 30 8.97316e-20
0 3 31 7.20113e-20
0 3 32 5.55244e-20
0 3 33 4.11335e-20
0 3 34 2.92776e-20
0 3 35 2.00218e-20
0 3 36 1.31553e-20
0 3 37 8.30471e-21
0 3 38 5.03706e-21
0 3 39 2.93534e-21
0 3 40 1.64349e-21
0 3 41 8.84107e-22
0 3 42 4.56952e-22
0 3 43 2.26916e-22
0 3 44 1.08265e-22
0 3 45 4.96292e-23
0 3 46 2.18583e-23
0 3 47 9.24958e-24
0 3 48 3.7606e-24
0 3 49 9.32749e-34
0 4 0 8.27274e-34
0 4 1 3.47147e-24
0 4 2 8.8869e-24
0 4 3 2.18583e-23
0 4 4 5.16546e-23
0 4 5 1.17282e-22
0 4 6 2.55847e-22
0 4 7 5.36238e-22
0 4 8 1.07985e-21
0 4 9 2.08929e-21
0 4 10 3.88384e-21
0 4 11 6.93668e-21
0 4 12 1.19034e-20
0 4 13 1.96254e-20
0 4 14 3.1088e-20
0 4 15 4.73148e-20
0 4 16 6.91877e-20
0 4 17 9.72051e-20
0 4 18 1.31213e-19
0 4 19 1.70174e-19
0 4 20 2.1205e-19
0 4 21 2.5387e-19
0 4 22 2.9202e-19
0 4 23 3.22732e-19
0 4 24 3.42689e-19
0 4 25 3.49612e-19
0 4 26 3.42689e-19
0 4 27 3.22732e-19
0 4 28 2.9202e-19
0 4 29 2.5387e-19
0 4 30 2.1205e-19
0 4 31 1.70174e-19
0 4 32 1.31213e-19
0 4 33 9.72051e-20
0 4 34 6.91877e-20
0 4 35 4.73148e-20
0 4 36 3.1088e-20
0 4 37 1.96254e-20
0 4 38 1.19034e-20
0 4 39 6.93668e-21
0 4 40 3.88384e-21
0 4 41 2.08929e-21
0 4 42 1.07985e-21
0 4 43 5.36238e-22
0 4 44 2.55847e-22
0 4 45 1.17282e-22
0 4 46 5.16546e-23
0 4 47 2.18583e-23
0 4 48 8.8869e-24
0 4 49 2.20424e-33
0 5 0 1.87833e-33
0 5 1 7.88198e-24
0 5 2 2.01777e-23
0 5 3 4.96292e-23
0 5 4 1.17282e-22
0 5 5 2.66288e-22
0 5 6 5.809e-22
0 5 7 1.21753e-21
0 5 8 2.4518e-21
0 5 9 4.74373e-21
0 5 10 8.81825e-21
0 5 11 1.57497e-20
0 5 12 2.70266e-20
0 5 13 4.45594e-20
0 5 14 7.05854e-20
0 5 15 1.07428e-19
0 5 16 1.57091e-19
0 5 17 2.20704e-19
0 5 18 2.97919e-19
0 5 19 3.86381e-19
0 5 20 4.8146e-19
0 5 21 5.76412e-19
0 5 22 6.63032e-19
0 5 23 7.32764e-19
0 5 24 7.78075e-19
0 5 25 7.93793e-19
0 5 26 7.78075e-19
0 5 27 7.32764e-19
0 5 28 6.63032e-19
0 5 29 5.76412e-19
0 5 30 4.8146e-19
0 5 31 3.86381e-19
0 5 32 2.97919e-19
0 5 33 2.20704e-19
0 5 34 1.57091e-19
0 5 35 1.07428e-19
0 5 36 7.05854e-20
0 5 37 4.45594e-20
0 5 38 2.70266e-20
0 5 39 1.57497e-20
0 5 40 8.81825e-21
0 5 41 4.74373e-21
0 5 42 2.4518e-21
0 5 43 1.21753e-21
0 5 44 5.809e-22
0 5 45 2.66288e-22
0 5 46 1.17282e-22
0 5 47 4.96292e-23
0 5 48 2.01777e-23
0 5 49 5.00472e-33
0 6 0 4.09752e-33
0 6 1 1.71943e-23
0 6 2 4.40171e-23
0 6 3 1.08265e-22
0 6 4 2.55847e-22
0 6 5 5.809e-22
0 6 6 1.26722e-21
0 6 7 2.65601e-21
0 6 8 5.34854e-21
0 6 9 1.03483e-20
0 6 10 1.92368e-20
0 6 11 3.43576e-20
0 6 12 5.89579e-20
0 6 13 9.72051e-20
0 6 14 1.5398e-19
0 6 15 2.34352e-19
0 6 16 3.42689e-19
0 6 17 4.8146e-19
0 6 18 6.49903e-19
0 6 19 8.42879e-19
0 6 20 1.05029e-18
0 6 21 1.25743e-18
0 6 22 1.44639e-18
0 6 23 1.5985e-18
0 6 24 1.69735e-18
0 6 25 1.73164e-18
0 6 26 1.69735e-18
0 6 27 1.5985e-18
0 6 28 1.44639e-18
0 6 29 1.25743e-18
0 6 30 1.05029e-18
0 6 31 8.42879e-19
0 6 32 6.49903e-19
0 6 33 4.8146e-19
0 6 34 3.42689e-19
0 6 35 2.34352e-19
0 6 36 1.5398e-19
0 6 37 9.72051e-20
0 6 38 5.89579e-20
0 6 39 3.43576e-20
0 6 40 1.92368e-20
0 6 41 1.03483e-20
0 6 42 5.34854e-21
0 6 43 2.65601e-21
0 6 44 1.26722e-21
0 6 45 5.809e-22
0 6 46 2.55847e-22
0 6 47 1.08265e-22
0 6 48 4.40171e-23
0 6 49 1.09177e-32
0 7 0 8.58813e-33
0 7 1 3.60382e-23
0 7 2 9.2257e-23
0 7 3 2.26916e-22
0 7 4 5.36238e-22
0 7 5 1.21753e-21
0 7 6 2.65601e-21
0 7 7 5.56682e-21
0 7 8 1.12102e-20
0 7 9 2.16894e-20
0 7 10 4.0319e-20
0 7 11 7.20113e-20
0 7 12 1.23572e-19
0 7 13 2.03736e-19
0 7 14 3.22732e-19
0 7 15 4.91186e-19
0 7 16 7.18254e-19
0 7 17 1.00911e-18
0 7 18 1.36216e-18
0 7 19 1.76662e-18
0 7 20 2.20134e-18
0 7 21 2.63549e-18
0 7 22 3.03153e-18
0 7 23 3.35036e-18
0 7 24 3.55754e-18
0 7 25 3.6294e-18
0 7 26 3.55754e-18
0 7 27 3.35036e-18
0 7 28 3.03153e-18
0 7 29 2.63549e-18
0 7 30 2.20134e-18
0 7 31 1.76662e-18
0 7 32 1.36216e-18
0 7 33 1.00911e-18
0 7 34 7.18254e-19
0 7 35 4.91186e-19
0 7 36 3.22732e-19
0 7 37 2.03736e-19
0 7 38 1.23572e-19
0 7 39 7.20113e-20
0 7 40 4.0319e-20
0 7 41 2.16894e-20
0 7 42 1.12102e-20
0 7 43 5.56682e-21
0 7 44 2.65601e-21
0 7 45 1.21753e-21
0 7 46 5.36238e-22
0 7 47 2.26916e-22
0 7 48 9.2257e-23
0 7 49 2.28827e-32
0 8 0 1.72944e-32
0 8 1 7.2572e-23
0 8 2 1.85783e-22
0 8 3 4.56952e-22
0 8 4 1.07985e-21
0 8 5 2.4518e-21
0 8 6 5.34854e-21
0 8 7 1.12102e-20
0 8 8 2.25746e-20
0 8 9 4.36771e-20
0 8 10 8.11925e-20
0 8 11 1.45013e-19
0 8 12 2.48843e-19
0 8 13 4.10273e-19
0 8 14 6.49903e-19
0 8 15 9.89128e-19
0 8 16 1.44639e-18
0 8 17 2.0321e-18
0 8 18 2.74304e-18
0 8 19 3.55754e-18
0 8 20 4.43296e-18
0 8 21 5.30722e-18
0 8 22 6.10476e-18
0 8 23 6.7468e-18
0 8 24 7.164e-18
0 8 25 7.30872e-18
0 8 26 7.164e-18
0 8 27 6.7468e-18
0 8 28 6.10476e-18
0 8 29 5.30722e-18
0 8 30 4.43296e-18
0 8 31 3.55754e-18
0 8 32 2.74304e-18
0 8 33 2.0321e-18
0 8 34 1.44639e-18
0 8 35 9.89128e-19
0 8 36 6.49903e-19
0 8 37 4.10273e-19
0 8 38 2.48843e-19
0 8 39 1.45013e-19
0 8 40 8.11925e-20
0 8 41 4.36771e-20
0 8 42 2.25746e-20
0 8 43 1.12102e-20
0 8 44 5.34854e-21
0 8 45 2.4518e-21
0 8 46 1.07985e-21
0 8 47 4.56952e-22
0 8 48 1.85783e-22
0 8 49 4.60801e-32
0 9 0 3.3461e-32
0 9 1 1.40412e-22
0 9 2 3.59451e-22
0 9 3 8.84107e-22
0 9 4 2.08929e-21
0 9 5 4.74373e-21
0 9 6 1.03483e-20
0 9 7 2.16894e-20
0 9 8 4.36771e-20
0 9 9 8.45061e-20
0 9 10 1.57091e-19
0 9 11 2.8057e-19
0 9 12 4.8146e-19
0 9 13 7.93793e-19
0 9 14 1.25743e-18
0 9 15 1.91376e-18
0 9 16 2.79846e-18
0 9 17 3.93168e-18
0 9 18 5.30722e-18
0 9 19 6.88309e-18
0 9 20 8.57686e-18
0 9 21 1.02684e-17
0 9 22 1.18114e-17
0 9 23 1.30537e-17
0 9 24 1.38608e-17
0 9 25 1.41409e-17
0 9 26 1.38608e-17
0 9 27 1.30537e-17
0 9 28 1.18114e-17
0 9 29 1.02684e-17
0 9 30 8.57686e-18
0 9 31 6.88309e-18
0 9 32 5.30722e-18
0 9 33 3.93168e-18
0 9 34 2.79846e-18
0 9 35 1.91376e-18
0 9 36 1.25743e-18
0 9 37 7.93793e-19
0 9 38 4.8146e-19
0 9 39 2.8057e-19
0 9 40 1.57091e-19
0 9 41 8.45061e-20
0 9 42 4.36771e-20
0 9 43 2.16894e-20
0 9 44 1.03483e-20
0 9 45 4.74373e-21
0 9 46 2.08929e-21
0 9 47 8.84107e-22
0 9 48 3.59451e-22
0 9 49 8.91554e-32
0 10 0 6.22016e-32
0 10 1 2.61015e-22
0 10 2 6.68194e-22
0 10 3 1.64349e-21
0 10 4 3.88384e-21
0 10 5 8.81825e-21
0 10 6 1.92368e-20
0 10 7 4.0319e-20
0 10 8 8.11925e-20
0 10 9 1.57091e-19
0 10 10 2.9202e-19
0 10 11 5.21559e-19
0 10 12 8.95e-19
0 10 13 1.4756e-18
0 10 14 2.33747e-18
0 10 15 3.55754e-18
0 10 16 5.20213e-18
0 10 17 7.30872e-18
0 10 18 9.86574e-18
0 10 19 1.27952e-17
0 10 20 1.59438e-17
0 10 21 1.90882e-17
0 10 22 2.19566e-17
0 10 23 2.42658e-17
0 10 24 2.57663e-17
0 10 25 2.62868e-17
0 10 26 2.57663e-17
0 10 27 2.42658e-17
0 10 28 2.19566e-17
0 10 29 1.90882e-17
0 10 30 1.59438e-17
0 10 31 1.27952e-17
0 10 32 9.86574e-18
0 10 33 7.30872e-18
0 10 34 5.20213e-18
0 10 35 3.55754e-18
0 10 36 2.33747e-18
0 10 37 1.4756e-18
0 10 38 8.95e-19
0 10 39 5.21559e-19
0 10 40 2.9202e-19
0 10 41 1.57091e-19
0 10 42 8.11925e-20
0 10 43 4.0319e-20
0 10 44 1.92368e-20
0 10 45 8.81825e-21
0 10 46 3.88384e-21
0 10 47 1.64349e-21
0 10 48 6.68194e-22
0 10 49 1.65733e-31
0 11 0 1.11094e-31
0 11 1 4.66183e-22
0 11 2 1.19342e-21
0 11 3 2.93534e-21
0 11 4 6.93668e-21
0 11 5 1.57497e-20
0 11 6 3.43576e-20
0 11 7 7.20113e-20
0 11 8 1.45013e-19
0 11 9 2.8057e-19
0 11 10 5.21559e-19
0 11 11 9.31525e-19
0 11 12 1.5985e-18
0 11 13 2.63549e-18
0 11 14 4.17481e-18
0 11 15 6.3539e-18
0 11 16 9.2912e-18
0 11 17 1.30537e-17
0 11 18 1.76206e-17
0 11 19 2.28527e-17
0 11 20 2.84762e-17
0 11 21 3.40922e-17
0 11 22 3.92153e-17
0 11 23 4.33397e-17
0 11 24 4.60196e-17
0 11 25 4.69493e-17
0 11 26 4.60196e-17
0 11 27 4.33397e-17
0 11 28 3.92153e-17
0 11 29 3.40922e-17
0 11 30 2.84762e-17
0 11 31 2.28527e-17
0 11 32 1.76206e-17
0 11 33 1.30537e-17
0 11 34 9.2912e-18
0 11 35 6.3539e-18
0 11 36 4.17481e-18
0 11 37 2.63549e-18
0 11 38 1.5985e-18
0 11 39 9.31525e-19
0 11 40 5.21559e-19
0 11 41 2.8057e-19
0 11 42 1.45013e-19
0 11 43 7.20113e-20
0 11 44 3.43576e-20
0 11 45 1.57497e-20
0 11 46 6.93668e-21
0 11 47 2.93534e-21
0 11 48 1.19342e-21
0 11 49 2.96006e-31
0 12 0 1.90639e-31
0 12 1 7.99973e-22
0 12 2 2.04792e-21
0 12 3 5.03706e-21
0 12 4 1.19034e-20
0 12 5 2.70266e-20
0 12 6 5.89579e-20
0 12 7 1.23572e-19
0 12 8 2.48843e-19
0 12 9 4.8146e-19
0 12 10 8.95e-19
0 12 11 1.5985e-18
0 12 12 2.74304e-18
0 12 13 4.52251e-18
0 12 14 7.164e-18
0 12 15 1.09033e-17
0 12 16 1.59438e-17
0 12 17 2.24002e-17
0 12 18 3.02371e-17
0 12 19 3.92153e-17
0 12 20 4.88653e-17
0 12 21 5.85024e-17
0 12 22 6.72938e-17
0 12 23 7.43711e-17
0 12 24 7.897e-17
0 12 25 8.05653e-17
0 12 26 7.897e-17
0 12 27 7.43711e-17
0 12 28 6.72938e-17
0 12 29 5.85024e-17
0 12 30 4.88653e-17
0 12 31 3.92153e-17
0 12 32 3.02371e-17
0 12 33 2.24002e-17
0 12 34 1.59438e-17
0 12 35 1.09033e-17
0 12 36 7.164e-18
0 12 37 4.52251e-18
0 12 38 2.74304e-18
0 12 39 1.5985e-18
0 12 40 8.95e-19
0 12 41 4.8146e-19
0 12 42 2.48843e-19
0 12 43 1.23572e-19
0 12 44 5.89579e-20
0 12 45 2.70266e-20
0 12 46 1.19034e-20
0 12 47 5.03706e-21
0 12 48 2.04792e-21
0 12 49 5.07949e-31
0 13 0 3.1431e-31
0 13 1 1.31893e-21
0 13 2 3.37644e-21
0 13 3 8.30471e-21
0 13 4 1.96254e-20
0 13 5 4.45594e-20
0 13 6 9.72051e-20
0 13 7 2.03736e-19
0 13 8 4.10273e-19
0 13 9 7.93793e-19
0 13 10 1.4756e-18
0 13 11 2.63549e-18
0 13 12 4.52251e-18
0 13 13 7.45636e-18
0 13 14 1.18114e-17
0 13 15 1.79765e-17
0 13 16 2.62868e-17
0 13 17 3.69316e-17
0 13 18 4.98525e-17
0 13 19 6.46552e-17
0 13 20 8.05653e-17
0 13 21 9.64542e-17
0 13 22 1.10949e-16
0 13 23 1.22617e-16
0 13 24 1.302e-16
0 13 25 1.3283e-16
0 13 26 1.302e-16
0 13 27 1.22617e-16
0 13 28 1.10949e-16
0 13 29 9.64542e-17
0 13 30 8.05653e-17
0 13 31 6.46552e-17
0 13 32 4.98525e-17
0 13 33 3.69316e-17
0 13 34 2.62868e-17
0 13 35 1.79765e-17
0 13 36 1.18114e-17
0 13 37 7.45636e-18
0 13 38 4.52251e-18
0 13 39 2.63549e-18
0 13 40 1.4756e-18
0 13 41 7.93793e-19
0 13 42 4.10273e-19
0 13 43 2.03736e-19
0 13 44 9.72051e-20
0 13 45 4.45594e-20
0 13 46 1.96254e-20
0 13 47 8.30471e-21
0 13 48 3.37644e-21
0 13 49 8.37466e-31
0 14 0 4.97891e-31
0 14 1 2.08929e-21
0 14 2 5.34854e-21
0 14 3 1.31553e-20
0 14 4 3.1088e-20
0 14 5 7.05854e-20
0 14 6 1.5398e-19
0 14 7 3.22732e-19
0 14 8 6.49903e-19
0 14 9 1.25743e-18
0 14 10 2.33747e-18
0 14 11 4.17481e-18
0 14 12 7.164e-18
0 14 13 1.18114e-17
0 14 14 1.87102e-17
0 14 15 2.84762e-17
0 14 16 4.16403e-17
0 14 17 5.85024e-17
0 14 18 7.897e-17
0 14 19 1.02419e-16
0 14 20 1.27621e-16
0 14 21 1.52791e-16
0 14 22 1.75751e-16
0 14 23 1.94235e-16
0 14 24 2.06246e-16
0 14 25 2.10412e-16
0 14 26 2.06246e-16
0 14 27 1.94235e-16
0 14 28 1.75751e-16
0 14 29 1.52791e-16
0 14 30 1.27621e-16
0 14 31 1.02419e-16
0 14 32 7.897e-17
0 14 33 5.85024e-17
0 14 34 4.16403e-17
0 14 35 2.84762e-17
0 14 36 1.87102e-17
0 14 37 1.18114e-17
0 14 38 7.164e-18
0 14 39 4.17481e-18
0 14 40 2.33747e-18
0 14 41 1.25743e-18
0 14 42 6.49903e-19
0 14 43 3.22732e-19
0 14 44 1.5398e-19
0 14 45 7.05854e-20
0 14 46 3.1088e-20
0 14 47 1.31553e-20
0 14 48 5.34854e-21
0 14 49 1.32661e-30
0 15 0 7.57771e-31
0 15 1 3.17982e-21
0 15 2 8.14027e-21
0 15 3 2.00218e-20
0 15 4 4.73148e-20
0 15 5 1.07428e-19
0 15 6 2.34352e-19
0 15 7 4.91186e-19
0 15 8 9.89128e-19
0 15 9 1.91376e-18
0 15 10 3.55754e-18
0 15 11 6.3539e-18
0 15 12 1.09033e-17
0 15 13 1.79765e-17
0 15 14 2.84762e-17
0 15 15 4.33397e-17
0 15 16 6.33749e-17
0 15 17 8.90384e-17
0 15 18 1.20189e-16
0 15 19 1.55877e-16
0 15 20 1.94235e-16
0 15 21 2.32541e-16
0 15 22 2.67486e-16
0 15 23 2.95618e-16
0 15 24 3.13898e-16
0 15 25 3.20239e-16
0 15 26 3.13898e-16
0 15 27 2.95618e-16
0 15 28 2.67486e-16
0 15 29 2.32541e-16
0 15 30 1.94235e-16
0 15 31 1.55877e-16
0 15 32 1.20189e-16
0 15 33 8.90384e-17
0 15 34 6.33749e-17
0 15 35 4.33397e-17
0 15 36 2.84762e-17
0 15 37 1.79765e-17
0 15 38 1.09033e-17
0 15 39 6.3539e-18
0 15 40 3.55754e-18
0 15 41 1.91376e-18
0 15 42 9.89128e-19
0 15 43 4.91186e-19
0 15 44 2.34352e-19
0 15 45 1.07428e-19
0 15 46 4.73148e-20
0 15 47 2.00218e-20
0 15 48 8.14027e-21
0 15 49 2.01905e-30
0 16 0 1.10808e-30
0 16 1 4.6498e-21
0 16 2 1.19034e-20
0 16 3 2.92776e-20
0 16 4 6.91877e-20
0 16 5 1.57091e-19
0 16 6 3.42689e-19
0 16 7 7.18254e-19
0 16 8 1.44639e-18
0 16 9 2.79846e-18
0 16 10 5.20213e-18
0 16 11 9.2912e-18
0 16 12 1.59438e-17
0 16 13 2.62868e-17
0 16 14 4.16403e-17
0 16 15 6.33749e-17
0 16 16 9.26722e-17
0 16 17 1.302e-16
0 16 18 1.75751e-16
0 16 19 2.27937e-16
0 16 20 2.84027e-16
0 16 21 3.40042e-16
0 16 22 3.91141e-16
0 16 23 4.32278e-16
0 16 24 4.59008e-16
0 16 25 4.68281e-16
0 16 26 4.59008e-16
0 16 27 4.32278e-16
0 16 28 3.91141e-16
0 16 29 3.40042e-16
0 16 30 2.84027e-16
0 16 31 2.27937e-16
0 16 32 1.75751e-16
0 16 33 1.302e-16
0 16 34 9.26722e-17
0 16 35 6.33749e-17
0 16 36 4.16403e-17
0 16 37 2.62868e-17
0 16 38 1.59438e-17
0 16 39 9.2912e-18
0 16 40 5.20213e-18
0 16 41 2.79846e-18
0 16 42 1.44639e-18
0 16 43 7.18254e-19
0 16 44 3.42689e-19
0 16 45 1.57091e-19
0 16 46 6.91877e-20
0 16 47 2.92776e-20
0 16 48 1.19034e-20
0 16 49 2.95242e-30
0 17 0 1.55679e-30
0 17 1 6.53272e-21
0 17 2 1.67236e-20
0 17 3 4.11335e-20
0 17 4 9.72051e-20
0 17 5 2.20704e-19
0 17 6 4.8146e-19
0 17 7 1.00911e-18
0 17 8 2.0321e-18
0 17 9 3.93168e-18
0 17 10 7.30872e-18
0 17 11 1.30537e-17
0 17 12 2.24002e-17
0 17 13 3.69316e-17
0 17 14 5.85024e-17
0 17 15 8.90384e-17
0 17 16 1.302e-16
0 17 17 1.82923e-16
0 17 18 2.46921e-16
0 17 19 3.20239e-16
0 17 20 3.99043e-16
0 17 21 4.77741e-16
0 17 22 5.49533e-16
0 17 23 6.07327e-16
0 17 24 6.44882e-16
0 17 25 6.5791e-16
0 17 26 6.44882e-16
0 17 27 6.07327e-16
0 17 28 5.49533e-16
0 17 29 4.77741e-16
0 17 30 3.99043e-16
0 17 31 3.20239e-16
0 17 32 2.46921e-16
0 17 33 1.82923e-16
0 17 34 1.302e-16
0 17 35 8.90384e-17
0 17 36 5.85024e-17
0 17 37 3.69316e-17
0 17 38 2.24002e-17
0 17 39 1.30537e-17
0 17 40 7.30872e-18
0 17 41 3.93168e-18
0 17 42 2.0321e-18
0 17 43 1.00911e-18
0 17 44 4.8146e-19
0 17 45 2.20704e-19
0 17 46 9.72051e-20
0 17 47 4.11335e-20
0 17 48 1.67236e-20
0 17 49 4.148e-30
0 18 0 2.10145e-30
0 18 1 8.81825e-21
0 18 2 2.25746e-20
0 18 3 5.55244e-20
0 18 4 1.31213e-19
0 18 5 2.97919e-19
0 18 6 6.49903e-19
0 18 7 1.36216e-18
0 18 8 2.74304e-18
0 18 9 5.30722e-18
0 18 10 9.86574e-18
0 18 11 1.76206e-17
0 18 12 3.02371e-17
0 18 13 4.98525e-17
0 18 14 7.897e-17
0 18 15 1.20189e-16
0 18 16 1.75751e-16
0 18 17 2.46921e-16
0 18 18 3.33308e-16
0 18 19 4.32278e-16
0 18 20 5.38651e-16
0 18 21 6.44882e-16
0 18 22 7.41791e-16
0 18 23 8.19806e-16
0 18 24 8.705e-16
0 18 25 8.88086e-16
0 18 26 8.705e-16
0 18 27 8.19806e-16
0 18 28 7.41791e-16
0 18 29 6.44882e-16
0 18 30 5.38651e-16
0 18 31 4.32278e-16
0 18 32 3.33308e-16
0 18 33 2.46921e-16
0 18 34 1.75751e-16
0 18 35 1.20189e-16
0 18 36 7.897e-17
0 18 37 4.98525e-17
0 18 38 3.02371e-17
0 18 39 1.76206e-17
0 18 40 9.86574e-18
0 18 41 5.30722e-18
0 18 42 2.74304e-18
0 18 43 1.36216e-18
0 18 44 6.49903e-19
0 18 45 2.97919e-19
0 18 46 1.31213e-19
0 18 47 5.55244e-20
0 18 48 2.25746e-20
0 18 49 5.59921e-30
0 19 0 2.72543e-30
0 19 1 1.14367e-20
0 19 2 2.92776e-20
0 19 3 7.20113e-20
0 19 4 1.70174e-19
0 19 5 3.86381e-19
0 19 6 8.42879e-19
0 19 7 1.76662e-18
0 19 8 3.55754e-18
0 19 9 6.88309e-18
0 19 10 1.27952e-17
0 19 11 2.28527e-17
0 19 12 3.92153e-17
0 19 13 6.46552e-17
0 19 14 1.02419e-16
0 19 15 1.55877e-16
0 19 16 2.27937e-16
0 19 17 3.20239e-16
0 19 18 4.32278e-16
0 19 19 5.60634e-16
0 19 20 6.98593e-16
0 19 21 8.36367e-16
0 19 22 9.62052e-16
0 19 23 1.06323e-15
0 19 24 1.12898e-15
0 19 25 1.15178e-15
0 19 26 1.12898e-15
0 19 27 1.06323e-15
0 19 28 9.62052e-16
0 19 29 8.36367e-16
0 19 30 6.98593e-16
0 19 31 5.60634e-16
0 19 32 4.32278e-16
0 19 33 3.20239e-16
0 19 34 2.27937e-16
0 19 35 1.55877e-16
0 19 36 1.02419e-16
0 19 37 6.46552e-17
0 19 38 3.92153e-17
0 19 39 2.28527e-17
0 19 40 1.27952e-17
0 19 41 6.88309e-18
0 19 42 3.55754e-18
0 19 43 1.76662e-18
0 19 44 8.42879e-19
0 19 45 3.86381e-19
0 19 46 1.70174e-19
0 19 47 7.20113e-20
0 19 48 2.92776e-20
0 19 49 7.26178e-30
0 20 0 3.39609e-30
0 20 1 1.42509e-20
0 20 2 3.64822e-20
0 20 3 8.97316e-20
0 20 4 2.1205e-19
0 20 5 4.8146e-19
0 20 6 1.05029e-18
0 20 7 2.20134e-18
0 20 8 4.43296e-18
0 20 9 8.57686e-18
0 20 10 1.59438e-17
0 20 11 2.84762e-17
0 20 12 4.88653e-17
0 20 13 8.05653e-17
0 20 14 1.27621e-16
0 20 15 1.94235e-16
0 20 16 2.84027e-16
0 20 17 3.99043e-16
0 20 18 5.38651e-16
0 20 19 6.98593e-16
0 20 20 8.705e-16
0 20 21 1.04218e-15
0 20 22 1.19879e-15
0 20 23 1.32487e-15
0 20 24 1.40679e-15
0 20 25 1.43521e-15
0 20 26 1.40679e-15
0 20 27 1.32487e-15
0 20 28 1.19879e-15
0 20 29 1.04218e-15
0 20 30 8.705e-16
0 20 31 6.98593e-16
0 20 32 5.38651e-16
0 20 33 3.99043e-16
0 20 34 2.84027e-16
0 20 35 1.94235e-16
0 20 36 1.27621e-16
0 20 37 8.05653e-17
0 20 38 4.88653e-17
0 20 39 2.84762e-17
0 20 40 1.59438e-17
0 20 41 8.57686e-18
0 20 42 4.43296e-18
0 20 43 2.20134e-18
0 20 44 1.05029e-18
0 20 45 4.8146e-19
0 20 46 2.1205e-19
0 20 47 8.97316e-20
0 20 48 3.64822e-20
0 20 49 9.04874e-30
0 21 0 4.06586e-30
0 21 1 1.70615e-20
0 21 2 4.36771e-20
0 21 3 1.07428e-19
0 21 4 2.5387e-19
0 21 5 5.76412e-19
0 21 6 1.25743e-18
0 21 7 2.63549e-18
0 21 8 5.30722e-18
0 21 9 1.02684e-17
0 21 10 1.90882e-17
0 21 11 3.40922e-17
0 21 12 5.85024e-17
0 21 13 9.64542e-17
0 21 14 1.52791e-16
0 21 15 2.32541e-16
0 21 16 3.40042e-16
0 21 17 4.77741e-16
0 21 18 6.44882e-16
0 21 19 8.36367e-16
0 21 20 1.04218e-15
0 21 21 1.24771e-15
0 21 22 1.43521e-15
0 21 23 1.58615e-15
0 21 24 1.68424e-15
0 21 25 1.71826e-15
0 21 26 1.68424e-15
0 21 27 1.58615e-15
0 21 28 1.43521e-15
0 21 29 1.24771e-15
0 21 30 1.04218e-15
0 21 31 8.36367e-16
0 21 32 6.44882e-16
0 21 33 4.77741e-16
0 21 34 3.40042e-16
0 21 35 2.32541e-16
0 21 36 1.52791e-16
0 21 37 9.64542e-17
0 21 38 5.85024e-17
0 21 39 3.40922e-17
0 21 40 1.90882e-17
0 21 41 1.02684e-17
0 21 42 5.30722e-18
0 21 43 2.63549e-18
0 21 44 1.25743e-18
0 21 45 5.76412e-19
0 21 46 2.5387e-19
0 21 47 1.07428e-19
0 21 48 4.36771e-20
0 21 49 1.08333e-29
0 22 0 4.67685e-30
0 22 1 1.96254e-20
0 22 2 5.02406e-20
0 22 3 1.23572e-19
0 22 4 2.9202e-19
0 22 5 6.63032e-19
0 22 6 1.44639e-18
0 22 7 3.03153e-18
0 22 8 6.10476e-18
0 22 9 1.18114e-17
0 22 10 2.19566e-17
0 22 11 3.92153e-17
0 22 12 6.72938e-17
0 22 13 1.10949e-16
0 22 14 1.75751e-16
0 22 15 2.67486e-16
0 22 16 3.91141e-16
0 22 17 5.49533e-16
0 22 18 7.41791e-16
0 22 19 9.62052e-16
0 22 20 1.19879e-15
0 22 21 1.43521e-15
0 22 22 1.65089e-15
0 22 23 1.82451e-15
0 22 24 1.93733e-15
0 22 25 1.97647e-15
0 22 26 1.93733e-15
0 22 27 1.82451e-15
0 22 28 1.65089e-15
0 22 29 1.43521e-15
0 22 30 1.19879e-15
0 22 31 9.62052e-16
0 22 32 7.41791e-16
0 22 33 5.49533e-16
0 22 34 3.91141e-16
0 22 35 2.67486e-16
0 22 36 1.75751e-16
0 22 37 1.10949e-16
0 22 38 6.72938e-17
0 22 39 3.92153e-17
0 22 40 2.19566e-17
0 22 41 1.18114e-17
0 22 42 6.10476e-18
0 22 43 3.03153e-18
0 22 44 1.44639e-18
0 22 45 6.63032e-19
0 22 46 2.9202e-19
0 22 47 1.23572e-19
0 22 48 5.02406e-20
0 22 49 1.24613e-29
0 23 0 5.16872e-30
0 23 1 2.16894e-20
0 23 2 5.55244e-20
0 23 3 1.36568e-19
0 23 4 3.22732e-19
0 23 5 7.32764e-19
0 23 6 1.5985e-18
0 23 7 3.35036e-18
0 23 8 6.7468e-18
0 23 9 1.30537e-17
0 23 10 2.42658e-17
0 23 11 4.33397e-17
0 23 12 7.43711e-17
0 23 13 1.22617e-16
0 23 14 1.94235e-16
0 23 15 2.95618e-16
0 23 16 4.32278e-16
0 23 17 6.07327e-16
0 23 18 8.19806e-16
0 23 19 1.06323e-15
0 23 20 1.32487e-15
0 23 21 1.58615e-15
0 23 22 1.82451e-15
0 23 23 2.0164e-15
0 23 24 2.14109e-15
0 23 25 2.18434e-15
0 23 26 2.14109e-15
0 23 27 2.0164e-15
0 23 28 1.82451e-15
0 23 29 1.58615e-15
0 23 30 1.32487e-15
0 23 31 1.06323e-15
0 23 32 8.19806e-16
0 23 33 6.07327e-16
0 23 34 4.32278e-16
0 23 35 2.95618e-16
0 23 36 1.94235e-16
0 23 37 1.22617e-16
0 23 38 7.43711e-17
0 23 39 4.33397e-17
0 23 40 2.42658e-17
0 23 41 1.30537e-17
0 23 42 6.7468e-18
0 23 43 3.35036e-18
0 23 44 1.5985e-18
0 23 45 7.32764e-19
0 23 46 3.22732e-19
0 23 47 1.36568e-19
0 23 48 5.55244e-20
0 23 49 1.37718e-29
0 24 0 5.48834e-30
0 24 1 2.30306e-20
0 24 2 5.89579e-20
0 24 3 1.45013e-19
0 24 4 3.42689e-19
0 24 5 7.78075e-19
0 24 6 1.69735e-18
0 24 7 3.55754e-18
0 24 8 7.164e-18
0 24 9 1.38608e-17
0 24 10 2.57663e-17
0 24 11 4.60196e-17
0 24 12 7.897e-17
0 24 13 1.302e-16
0 24 14 2.06246e-16
0 24 15 3.13898e-16
0 24 16 4.59008e-16
0 24 17 6.44882e-16
0 24 18 8.705e-16
0 24 19 1.12898e-15
0 24 20 1.40679e-15
0 24 21 1.68424e-15
0 24 22 1.93733e-15
0 24 23 2.14109e-15
0 24 24 2.27348e-15
0 24 25 2.31941e-15
0 24 26 2.27348e-15
0 24 27 2.14109e-15
0 24 28 1.93733e-15
0 24 29 1.68424e-15
0 24 30 1.40679e-15
0 24 31 1.12898e-15
0 24 32 8.705e-16
0 24 33 6.44882e-16
0 24 34 4.59008e-16
0 24 35 3.13898e-16
0 24 36 2.06246e-16
0 24 37 1.302e-16
0 24 38 7.897e-17
0 24 39 4.60196e-17
0 24 40 2.57663e-17
0 24 41 1.38608e-17
0 24 42 7.164e-18
0 24 43 3.55754e-18
0 24 44 1.69735e-18
0 24 45 7.78075e-19
0 24 46 3.42689e-19
0 24 47 1.45013e-19
0 24 48 5.89579e-20
0 24 49 1.46234e-29
0 25 0 5.59921e-30
0 25 1 2.34958e-20
0 25 2 6.01489e-20
0 25 3 1.47942e-19
0 25 4 3.49612e-19
0 25 5 7.93793e-19
0 25 6 1.73164e-18
0 25 7 3.6294e-18
0 25 8 7.30872e-18
0 25 9 1.41409e-17
0 25 10 2.62868e-17
0 25 11 4.69493e-17
0 25 12 8.05653e-17
0 25 13 1.3283e-16
0 25 14 2.10412e-16
0 25 15 3.20239e-16
0 25 16 4.68281e-16
0 25 17 6.5791e-16
0 25 18 8.88086e-16
0 25 19 1.15178e-15
0 25 20 1.43521e-15
0 25 21 1.71826e-15
0 25 22 1.97647e-15
0 25 23 2.18434e-15
0 25 24 2.31941e-15
0 25 25 2.36626e-15
0 25 26 2.31941e-15
0 25 27 2.18434e-15
0 25 28 1.97647e-15
0 25 29 1.71826e-15
0 25 30 1.43521e-15
0 25 31 1.15178e-15
0 25 32 8.88086e-16
0 25 33 6.5791e-16
0 25 34 4.68281e-16
0 25 35 3.20239e-16
0 25 36 2.10412e-16
0 25 37 1.3283e-16
0 25 38 8.05653e-17
0 25 39 4.69493e-17
0 25 40 2.62868e-17
0 25 41 1.41409e-17
0 25 42 7.30872e-18
0 25 43 3.6294e-18
0 25 44 1.73164e-18
0 25 45 7.93793e-19
0 25 46 3.49612e-19
0 25 47 1.47942e-19
0 25 48 6.01489e-20
0 25 49 1.49188e-29
0 26 0 5.48834e-30
0 26 1 2.30306e-20
0 26 2 5.89579e-20
0 26 3 1.45013e-19
0 26 4 3.42689e-19
0 26 5 7.78075e-19
0 26 6 1.69735e-18
0 26 7 3.55754e-18
0 26 8 7.164e-18
0 26 9 1.38608e-17
0 26 10 2.57663e-17
0 26 11 4.60196e-17
0 26 12 7.897e-17
0 26 13 1.302e-16
0 26 14 2.06246e-16
0 26 15 3.13898e-16
0 26 16 4.59008e-16
0 26 17 6.44882e-16
0 26 18 8.705e-16
0 26 19 1.12898e-15
0 26 20 1.40679e-15
0 26 21 1.68424e-15
0 26 22 1.93733e-15
0 26 23 2.14109e-15
0 26 24 2.27348e-15
0 26 25 2.31941e-15
0 26 26 2.27348e-15
0 26 27 2.14109e-15
0 26 28 1.93733e-15
0 26 29 1.68424e-15
0 26 30 1.40679e-15
0 26 31 1.12898e-15
0 26 32 8.705e-16
0 26 33 6.44882e-16
0 26 34 4.59008e-16
0 26 35 3.13898e-16
0 26 36 2.06246e-16
0 26 37 1.302e-16
0 26 38 7.897e-17
0 26 39 4.60196e-17
0 26 40 2.57663e-17
0 26 41 1.38608e-17
0 26 42 7.164e-18
0 26 43 3.55754e-18
0 26 44 1.69735e-18
0 26 45 7.78075e-19
0 26 46 3.42689e-19
0 26 47 1.45013e-19
0 26 48 5.89579e-20
0 26 49 1.46234e-29
0 27 0 5.16872e-30
0 27 1 2.16894e-20
0 27 2 5.55244e-20
0 27 3 1.36568e-19
0 27 4 3.22732e-19
0 27 5 7.32764e-19
0 27 6 1.5985e-18
0 27 7 3.35036e-18
0 27 8 6.7468e-18
0 27 9 1.30537e-17
0 27 10 2.42658e-17
0 27 11 4.33397e-17
0 27 12 7.43711e-17
0 27 13 1.22617e-16
0 27 14 1.94235e-16
0 27 15 2.95618e-16
0 27 16 4.32278e-16
0 27 17 6.07327e-16
0 27 18 8.19806e-16
0 27 19 1.06323e-15
0 27 20 1.32487e-15
0 27 21 1.58615e-15
0 27 22 1.82451e-15
0 27 23 2.0164e-15
0 27 24 2.14109e-15
0 27 25 2.18434e-15
0 27 26 2.14109e-15
0 27 27 2.0164e-15
0 27 28 1.82451e-15
0 27 29 1.58615e-15
0 27 30 1.32487e-15
0 27 31 1.06323e-15
0 27 32 8.19806e-16
0 27 33 6.07327e-16
0 27 34 4.32278e-16
0 27 35 2.95618e-16
0 27 36 1.94235e-16
0 27 37 1.22617e-16
0 27 38 7.43711e-17
0 27 39 4.33397e-17
0 27 40 2.42658e-17
0 27 41 1.30537e-17
0 27 42 6.7468e-18
0 27 43 3.35036e-18
0 27 44 1.5985e-18
0 27 45 7.32764e-19
0 27 46 3.22732e-19
0 27 47 1.36568e-19
0 27 48 5.55244e-20
0 27 49 1.37718e-29
0 28 0 4.67685e-30
0 28 1 1.96254e-20
0 28 2 5.02406e-20
0 28 3 1.23572e-19
0 28 4 2.9202e-19
0 28 5 6.63032e-19
0 28 6 1.44639e-18
0 28 7 3.03153e-18
0 28 8 6.10476e-18
0 28 9 1.18114e-17
0 28 10 2.19566e-17
0 28 11 3.92153e-17
0 28 12 6.72938e-17
0 28 13 1.10949e-16
0 28 14 1.75751e-16
0 28 15 2.67486e-16
0 28 16 3.91141e-16
0 28 17 5.49533e-16
0 28 18 7.41791e-16
0 28 19 9.62052e-16
0 28 20 1.19879e-15
0 28 21 1.43521e-15
0 28 22 1.65089e-15
0 28 23 1.82451e-15
0 28 24 1.93733e-15
0 28 25 1.97647e-15
0 28 26 1.93733e-15
0 28 27 1.82451e-15
0 28 28 1.65089e-15
0 28 29 1.43521e-15
0 28 30 1.19879e-15
0 28 31 9.62052e-16
0 28 32 7.41791e-16
0 28 33 5.49533e-16
0 28 34 3.91141e-16
0 28 35 2.67486e-16
0 28 36 1.75751e-16
0 28 37 1.10949e-16
0 28 38 6.72938e-17
0 28 39 3.92153e-17
0 28 40 2.19566e-17
0 28 41 1.18114e-17
0 28 42 6.10476e-18
0 28 43 3.03153e-18
0 28 44 1.44639e-18
0 28 45 6.63032e-19
0 28 46 2.9202e-19
0 28 47 1.23572e-19
0 28 48 5.02406e-20
0 28 49 1.24613e-29
0 29 0 4.06586e-30
0 29 1 1.70615e-20
0 29 2 4.36771e-20
0 29 3 1.07428e-19
0 29 4 2.5387e-19
0 29 5 5.76412e-19
0 29 6 1.25743e-18
0 29 7 2.63549e-18
0 29 8 5.30722e-18
0 29 9 1.02684e-17
0 29 10 1.90882e-17
0 29 11 3.40922e-17
0 29 12 5.85024e-17
0 29 13 9.64542e-17
0 29 14 1.52791e-16
0 29 15 2.32541e-16
0 29 16 3.40042e-16
0 29 17 4.77741e-16
0 29 18 6.44882e-16
0 29 19 8.36367e-16
0 29 20 1.04218e-15
0 29 21 1.24771e-15
0 29 22 1.43521e-15
0 29 23 1.58615e-15
0 29 24 1.68424e-15
0 29 25 1.71826e-15
0 29 26 1.68424e-15
0 29 27 1.58615e-15
0 29 28 1.43521e-15
0 29 29 1.24771e-15
0 29 30 1.04218e-15
0 29 31 8.36367e-16
0 29 32 6.44882e-16
0 29 33 4.77741e-16
0 29 34 3.40042e-16
0 29 35 2.32541e-16
0 29 36 1.52791e-16
0 29 37 9.64542e-17
0 29 38 5.85024e-17
0 29 39 3.40922e-17
0 29 40 1.90882e-17
0 29 41 1.02684e-17
0 29 42 5.30722e-18
0 29 43 2.63549e-18
0 29 44 1.25743e-18
0 29 45 5.76412e-19
0 29 46 2.5387e-19
0 29 47 1.07428e-19
0 29 48 4.36771e-20
0 29 49 1.08333e-29
0 30 0 3.39609e-30
0 30 1 1.42509e-20
0 30 2 3.64822e-20
0 30 3 8.97316e-20
0 30 4 2.1205e-19
0 30 5 4.8146e-19
0 30 6 1.05029e-18
0 30 7 2.20134e-18
0 30 8 4.43296e-18
0 30 9 8.57686e-18
0 30 10 1.59438e-17
0 30 11 2.84762e-17
0 30 12 4.88653e-17
0 30 13 8.05653e-17
0 30 14 1.27621e-16
0 30 15 1.94235e-16
0 30 16 2.84027e-16
0 30 17 3.99043e-16
0 30 18 5.38651e-16
0 30 19 6.98593e-16
0 30 20 8.705e-16
0 30 21 1.04218e-15
0 30 22 1.19879e-15
0 30 23 1.32487e-15
0 30 24 1.40679e-15
0 30 25 1.43521e-15
0 30 26 1.40679e-15
0 30 27 1.32487e-15
0 30 28 1.19879e-15
0 30 29 1.04218e-15
0 30 30 8.705e-16
0 30 31 6.98593e-16
0 30 32 5.38651e-16
0 30 33 3.99043e-16
0 30 34 2.84027e-16
0 30 35 1.94235e-16
0 30 36 1.27621e-16
0 30 37 8.05653e-17
0 30 38 4.88653e-17
0 30 39 2.84762e-17
0 30 40 1.59438e-17
0 30 41 8.57686e-18
0 30 42 4.43296e-18
0 30 43 2.20134e-18
0 30 44 1.05029e-18
0 30 45 4.8146e-19
0 30 46 2.1205e-19
0 30 47 8.97316e-20
0 30 48 3.64822e-20
0 30 49 9.04874e-30
0 31 0 2.72543e-30
0 31 1 1.14367e-20
0 31 2 2.92776e-20
0 31 3 7.20113e-20
0 31 4 1.70174e-19
0 31 5 3.86381e-19
0 31 6 8.42879e-19
0 31 7 1.76662e-18
0 31 8 3.55754e-18
0 31 9 6.88309e-18
0 31 10 1.27952e-17
0 31 11 2.28527e-17
0 31 12 3.92153e-17
0 31 13 6.46552e-17
0 31 14 1.02419e-16
0 31 15 1.55877e-16
0 31 16 2.27937e-16
0 31 17 3.20239e-16
0 31 18 4.32278e-16
0 31 19 5.60634e-16
0 31 20 6.98593e-16
0 31 21 8.36367e-16
0 31 22 9.62052e-16
0 31 23 1.06323e-15
0 31 24 1.12898e-15
0 31 25 1.15178e-15
0 31 26 1.12898e-15
0 31 27 1.06323e-15
0 31 28 9.62052e-16
0 31 29 8.36367e-16
0 31 30 6.98593e-16
0 31 31 5.60634e-16
0 31 32 4.32278e-16
0 31 33 3.20239e-16
0 31 34 2.27937e-16
0 31 35 1.55877e-16
0 31 36 1.02419e-16
0 31 37 6.46552e-17
0 31 38 3.92153e-17
0 31 39 2.28527e-17
0 31 40 1.27952e-17
0 31 41 6.88309e-18
0 31 42 3.55754e-18
0 31 43 1.76662e-18
0 31 44 8.42879e-19
0 31 45 3.86381e-19
0 31 46 1.70174e-19
0 31 47 7.20113e-20
0 31 48 2.92776e-20
0 31 49 7.26178e-30
0 32 0 2.10145e-30
0 32 1 8.81825e-21
0 32 2 2.25746e-20
0 32 3 5.55244e-20
0 32 4 1.31213e-19
0 32 5 2.97919e-19
0 32 6 6.49903e-19
0 32 7 1.36216e-18
0 32 8 2.74304e-18
0 32 9 5.30722e-18
0 32 10 9.86574e-18
0 32 11 1.76206e-17
0 32 12 3.02371e-17
0 32 13 4.98525e-17
0 32 14 7.897e-17
0 32 15 1.20189e-16
0 32 16 1.75751e-16
0 32 17 2.46921e-16
0 32 18 3.33308e-16
0 32 19 4.32278e-16
0 32 20 5.38651e-16
0 32 21 6.44882e-16
0 32 22 7.41791e-16
0 32 23 8.19806e-16
0 32 24 8.705e-16
0 32 25 8.88086e-16
0 32 26 8.705e-16
0 32 27 8.19806e-16
0 32 28 7.41791e-16
0 32 29 6.44882e-16
0 32 30 5.38651e-16
0 32 31 4.32278e-16
0 32 32 3.33308e-16
0 32 33 2.46921e-16
0 32 34 1.75751e-16
0 32 35 1.20189e-16
0 32 36 7.897e-17
0 32 37 4.98525e-17
0 32 38 3.02371e-17
0 32 39 1.76206e-17
0 32 40 9.86574e-18
0 32 41 5.30722e-18
0 32 42 2.74304e-18
0 32 43 1.36216e-18
0 32 44 6.49903e-19
0 32 45 2.97919e-19
0 32 46 1.31213e-19
0 32 47 5.55244e-20
0 32 48 2.25746e-20
0 32 49 5.59921e-30
0 33 0 1.55679e-30
0 33 1 6.53272e-21
0 33 2 1.67236e-20
0 33 3 4.11335e-20
0 33 4 9.72051e-20
0 33 5 2.20704e-19
0 33 6 4.8146e-19
0 33 7 1.00911e-18
0 33 8 2.0321e-18
0 33 9 3.93168e-18
0 33 10 7.30872e-18
0 33 11 1.30537e-17
0 33 12 2.24002e-17
0 33 13 3.69316e-17
0 33 14 5.85024e-17
0 33 15 8.90384e-17
0 33 16 1.302e-16
0 33 17 1.82923e-16
0 33 18 2.46921e-16
0 33 19 3.20239e-16
0 33 20 3.99043e-16
0 33 21 4.77741e-16
0 33 22 5.49533e-16
0 33 23 6.07327e-16
0 33 24 6.44882e-16
0 33 25 6.5791e-16
0 33 26 6.44882e-16
0 33 27 6.07327e-16
0 33 28 5.49533e-16
0 33 29 4.77741e-16
0 33 30 3.99043e-16
0 33 31 3.20239e-16
0 33 32 2.46921e-16
0 33 33 1.82923e-16
0 33 34 1.302e-16
0 33 35 8.90384e-17
0 33 36 5.85024e-17
0 33 37 3.69316e-17
0 33 38 2.24002e-17
0 33 39 1.30537e-17
0 33 40 7.30872e-18
0 33 41 3.93168e-18
0 33 42 2.0321e-18
0 33 43 1.00911e-18
0 33 44 4.8146e-19
0 33 45 2.20704e-19
0 33 46 9.72051e-20
0 33 47 4.11335e-20
0 33 48 1.67236e-20
0 33 49 4.148e-30
0 34 0 1.10808e-30
0 34 1 4.6498e-21
0 34 2 1.19034e-20
0 34 3 2.92776e-20
0 34 4 6.91877e-20
0 34 5 1.57091e-19
0 34 6 3.42689e-19
0 34 7 7.18254e-19
0 34 8 1.44639e-18
0 34 9 2.79846e-18
0 34 10 5.20213e-18
0 34 11 9.2912e-18
0 34 12 1.59438e-17
0 34 13 2.62868e-17
0 34 14 4.16403e-17
0 34 15 6.33749e-17
0 34 16 9.26722e-17
0 34 17 1.302e-16
0 34 18 1.75751e-16
0 34 19 2.27937e-16
0 34 20 2.84027e-16
0 34 21 3.40042e-16
0 34 22 3.91141e-16
0 34 23 4.32278e-16
0 34 24 4.59008e-16
0 34 25 4.68281e-16
0 34 26 4.59008e-16
0 34 27 4.32278e-16
0 34 28 3.91141e-16
0 34 29 3.40042e-16
0 34 30 2.84027e-16
0 34 31 2.27937e-16
0 34 32 1.75751e-16
0 34 33 1.302e-16
0 34 34 9.26722e-17
0 34 35 6.33749e-17
0 34 36 4.16403e-17
0 34 37 2.62868e-17
0 34 38 1.59438e-17
0 34 39 9.2912e-18
0 34 40 5.20213e-18
0 34 41 2.79846e-18
0 34 42 1.44639e-18
0 34 43 7.18254e-19
0 34 44 3.42689e-19
0 34 45 1.57091e-19
0 34 46 6.91877e-20
0 34 47 2.92776e-20
0 34 48 1.19034e-20
0 34 49 2.95242e-30
0 35 0 7.57771e-31
0 35 1 3.17982e-21
0 35 2 8.14027e-21
0 35 3 2.00218e-20
0 35 4 4.73148e-20
0 35 5 1.07428e-19
0 35 6 2.34352e-19
0 35 7 4.91186e-19
0 35 8 9.89128e-19
0 35 9 1.91376e-18
0 35 10 3.55754e-18
0 35 11 6.3539e-18
0 35 12 1.09033e-17
0 35 13 1.79765e-17
0 35 14 2.84762e-17
0 35 15 4.33397e-17
0 35 16 6.33749e-17
0 35 17 8.90384e-17
0 35 18 1.20189e-16
0 35 19 1.55877e-16
0 35 20 1.94235e-16
0 35 21 2.32541e-16
0 35 22 2.67486e-16
0 35 23 2.95618e-16
0 35 24 3.13898e-16
0 35 25 3.20239e-16
0 35 26 3.13898e-16
0 35 27 2.95618e-16
0 35 28 2.67486e-16
0 35 29 2.32541e-16
0 35 30 1.94235e-16
0 35 31 1.55877e-16
0 35 32 1.20189e-16
0 35 33 8.90384e-17
0 35 34 6.33749e-17
0 35 35 4.33397e-17
0 35 36 2.84762e-17
0 35 37 1.79765e-17
0 35 38 1.09033e-17
0 35 39 6.3539e-18
0 35 40 3.55754e-18
0 35 41 1.91376e-18
0 35 42 9.89128e-19
0 35 43 4.91186e-19
0 35 44 2.34352e-19
0 35 45 1.07428e-19
0 35 46 4.73148e-20
0 35 47 2.00218e-20
0 35 48 8.14027e-21
0 35 49 2.01905e-30
0 36 0 4.97891e-31
0 36 1 2.08929e-21
0 36 2 5.34854e-21
0 36 3 1.31553e-20
0 36 4 3.1088e-20
0 36 5 7.05854e-20
0 36 6 1.5398e-19
0 36 7 3.22732e-19
0 36 8 6.49903e-19
0 36 9 1.25743e-18
0 36 10 2.33747e-18
0 36 11 4.17481e-18
0 36 12 7.164e-18
0 36 13 1.18114e-17
0 36 14 1.87102e-17
0 36 15 2.84762e-17
0 36 16 4.16403e-17
0 36 17 5.85024e-17
0 36 18 7.897e-17
0 36 19 1.02419e-16
0 36 20 1.27621e-16
0 36 21 1.52791e-16
0 36 22 1.75751e-16
0 36 23 1.94235e-16
0 36 24 2.06246e-16
0 36 25 2.10412e-16
0 36 26 2.06246e-16
0 36 27 1.94235e-16
0 36 28 1.75751e-16
0 36 29 1.52791e-16
0 36 30 1.27621e-16
0 36 31 1.02419e-16
0 36 32 7.897e-17
0 36 33 5.85024e-17
0 36 34 4.16403e-17
0 36 35 2.84762e-17
0 36 36 1.87102e-17
0 36 37 1.18114e-17
0 36 38 7.164e-18
0 36 39 4.17481e-18
0 36 40 2.33747e-18
0 36 41 1.25743e-18
0 36 42 6.49903e-19
0 36 43 3.22732e-19
0 36 44 1.5398e-19
0 36 45 7.05854e-20
0 36 46 3.1088e-20
0 36 47 1.31553e-20
0 36 48 5.34854e-21
0 36 49 1.32661e-30
0 37 0 3.1431e-31
0 37 1 1.31893e-21
0 37 2 3.37644e-21
0 37 3 8.30471e-21
0 37 4 1.96254e-20
0 37 5 4.45594e-20
0 37 6 9.72051e-20
0 37 7 2.03736e-19
0 37 8 4.10273e-19
0 37 9 7.93793e-19
0 37 10 1.4756e-18
0 37 11 2.63549e-18
0 37 12 4.52251e-18
0 37 13 7.45636e-18
0 37 14 1.18114e-17
0 37 15 1.79765e-17
0 37 16 2.62868e-17
0 37 17 3.69316e-17
0 37 18 4.98525e-17
0 37 19 6.46552e-17
0 37 20 8.05653e-17
0 37 21 9.64542e-17
0 37 22 1.10949e-16
0 37 23 1.22617e-16
0 37 24 1.302e-16
0 37 25 1.3283e-16
0 37 26 1.302e-16
0 37 27 1.22617e-16
0 37 28 1.10949e-16
0 37 29 9.64542e-17
0 37 30 8.05653e-17
0 37 31 6.46552e-17
0 37 32 4.98525e-17
0 37 33 3.69316e-17
0 37 34 2.62868e-17
0 37 35 1.79765e-17
0 37 36 1.18114e-17
0 37 37 7.45636e-18
0 37 38 4.52251e-18
0 37 39 2.63549e-18
0 37 40 1.4756e-18
0 37 41 7.93793e-19
0 37 42 4.10273e-19
0 37 43 2.03736e-19
0 37 44 9.72051e-20
0 37 45 4.45594e-20
0 37 46 1.96254e-20
0 37 47 8.30471e-21
0 37 48 3.37644e-21
0 37 49 8.37466e-31
0 38 0 1.90639e-31
0 38 1 7.99973e-22
0 38 2 2.04792e-21
0 38 3 5.03706e-21
0 38 4 1.19034e-20
0 38 5 2.70266e-20
0 38 6 5.89579e-20
0 38 7 1.23572e-19
0 38 8 2.48843e-19
0 38 9 4.8146e-19
0 38 10 8.95e-19
0 38 11 1.5985e-18
0 38 12 2.74304e-18
0 38 13 4.52251e-18
0 38 14 7.164e-18
0 38 15 1.09033e-17
0 38 16 1.59438e-17
0 38 17 2.24002e-17
0 38 18 3.02371e-17
0 38 19 3.92153e-17
0 38 20 4.88653e-17
0 38 21 5.85024e-17
0 38 22 6.72938e-17
0 38 23 7.43711e-17
0 38 24 7.897e-17
0 38 25 8.05653e-17
0 38 26 7.897e-17
0 38 27 7.43711e-17
0 38 28 6.72938e-17
0 38 29 5.85024e-17
0 38 30 4.88653e-17
0 38 31 3.92153e-17
0 38 32 3.02371e-17
0 38 33 2.24002e-17
0 38 34 1.59438e-17
0 38 35 1.09033e-17
0 38 36 7.164e-18
0 38 37 4.52251e-18
0 38 38 2.74304e-18
0 38 39 1.5985e-18
0 38 40 8.95e-19
0 38 41 4.8146e-19
0 38 42 2.48843e-19
0 38 43 1.23572e-19
0 38 44 5.89579e-20
0 38 45 2.70266e-20
0 38 46 1.19034e-20
0 38 47 5.03706e-21
0 38 48 2.04792e-21
0 38 49 5.07949e-31
0 39 0 1.11094e-31
0 39 1 4.66183e-22
0 39 2 1.19342e-21
0 39 3 2.93534e-21
0 39 4 6.93668e-21
0 39 5 1.57497e-20
0 39 6 3.43576e-20
0 39 7 7.20113e-20
0 39 8 1.45013e-19
0 39 9 2.8057e-19
0 39 10 5.21559e-19
0 39 11 9.31525e-19
0 39 12 1.5985e-18
0 39 13 2.63549e-18
0 39 14 4.17481e-18
0 39 15 6.3539e-18
0 39 16 9.2912e-18
0 39 17 1.30537e-17
0 39 18 1.76206e-17
0 39 19 2.28527e-17
0 39 20 2.84762e-17
0 39 21 3.40922e-17
0 39 22 3.92153e-17
0 39 23 4.33397e-17
0 39 24 4.60196e-17
0 39 25 4.69493e-17
0 39 26 4.60196e-17
0 39 27 4.33397e-17
0 39 28 3.92153e-17
0 39 29 3.40922e-17
0 39 30 2.84762e-17
0 39 31 2.28527e-17
0 39 32 1.76206e-17
0 39 33 1.30537e-17
0 39 34 9.2912e-18
0 39 35 6.3539e-18
0 39 36 4.17481e-18
0 39 37 2.63549e-18
0 39 38 1.5985e-18
0 39 39 9.31525e-19
0 39 40 5.21559e-19
0 39 41 2.8057e-19
0 39 42 1.45013e-19
0 39 43 7.20113e-20
0 39 44 3.43576e-20
0 39 45 1.57497e-20
0 39 46 6.93668e-21
0 39 47 2.93534e-21
0 39 48 1.19342e-21
0 39 49 2.96006e-31
0 40 0 6.22016e-32
0 40 1 2.61015e-22
0 40 2 6.68194e-22
0 40 3 1.64349e-21
0 40 4 3.88384e-21
0 40 5 8.81825e-21
0 40 6 1.92368e-20
0 40 7 4.0319e-20
0 40 8 8.11925e-20
0 40 9 1.57091e-19
0 40 10 2.9202e-19
0 40 11 5.21559e-19
0 40 12 8.95e-19
0 40 13 1.4756e-18
0 40 14 2.33747e-18
0 40 15 3.55754e-18
0 40 16 5.20213e-18
0 40 17 7.30872e-18
0 40 18 9.86574e-18
0 40 19 1.27952e-17
0 40 20 1.59438e-17
0 40 21 1.90882e-17
0 40 22 2.19566e-17
0 40 23 2.42658e-17
0 40 24 2.57663e-17
0 40 25 2.62868e-17
0 40 26 2.57663e-17
0 40 27 2.42658e-17
0 40 28 2.19566e-17
0 40 29 1.90882e-17
0 40 30 1.59438e-17
0 40 31 1.27952e-17
0 40 32 9.86574e-18
0 40 33 7.30872e-18
0 40 34 5.20213e-18
0 40 35 3.55754e-18
0 40 36 2.33747e-18
0 40 37 1.4756e-18
0 40 38 8.95e-19
0 40 39 5.21559e-19
0 40 40 2.9202e-19
0 40 41 1.57091e-19
0 40 42 8.11925e-20
0 40 43 4.0319e-20
0 40 44 1.92368e-20
0 40 45 8.81825e-21
0 40 46 3.88384e-21
0 40 47 1.64349e-21
0 40 48 6.68194e-22
0 40 49 1.65733e-31
0 41 0 3.3461e-32
0 41 1 1.40412e-22
0 41 2 3.59451e-22
0 41 3 8.84107e-22
0 41 4 2.08929e-21
0 41 5 4.74373e-21
0 41 6 1.03483e-20
0 41 7 2.16894e-20
0 41 8 4.36771e-20
0 41 9 8.45061e-20
0 41 10 1.57091e-19
0 41 11 2.8057e-19
